time,agents_total_distance_moved,agents_total_task_amount_done,completed_tasks,remaining_tasks,tasks_total_amount_left
1.0,1.5000000000000009,0.0,0,20,4060.0
2.0,2.500000000000001,0.0,0,20,4060.0
3.0,4.051174692726979,0.0,0,20,4060.0
4.0,6.466589018671709,0.0,0,20,4060.0
5.0,9.820032978425719,0.0,0,20,4060.0
6.0,14.12237952362367,0.0,0,20,4060.0
7.0,19.374344245821362,0.0,0,20,4060.0
8.0,25.576115505219867,0.0,0,20,4060.0
9.0,32.727769847687206,0.0,0,20,4060.0
10.0,40.829345837133936,0.0,0,20,4060.0
11.0,49.880865607232444,0.0,0,20,4060.0
12.0,59.88234303096239,0.0,0,20,4060.0
13.0,70.83378737519068,0.0,0,20,4060.0
14.0,82.73520513590441,0.0,0,20,4060.0
15.0,95.58660104235078,0.0,0,20,4060.0
16.0,109.38797864414424,0.0,0,20,4060.0
17.0,124.13934067321296,0.0,0,20,4060.0
18.0,139.8406892768119,0.0,0,20,4060.0
19.0,156.49202617304547,0.0,0,20,4060.0
20.0,174.0933527578929,0.0,0,20,4060.0
21.0,191.69467018081485,0.0,0,20,4060.0
22.0,209.59597939939673,0.0,0,20,4060.0
23.0,227.54728121963365,0.0,0,20,4060.0
24.0,245.54728121963365,0.0,0,20,4060.0
25.0,263.54728121963365,0.0,0,20,4060.0
26.0,281.54728121963365,0.0,0,20,4060.0
27.0,299.54728121963365,0.0,0,20,4060.0
28.0,317.54728121963365,0.0,0,20,4060.0
29.0,335.5472812196337,0.0,0,20,4060.0
30.0,353.5472812196337,0.0,0,20,4060.0
31.0,371.5472812196337,0.0,0,20,4060.0
32.0,389.5472812196337,0.0,0,20,4060.0
33.0,407.5472812196337,0.0,0,20,4060.0
34.0,425.5472812196337,0.0,0,20,4060.0
35.0,443.5472812196337,0.0,0,20,4060.0
36.0,461.5472812196337,0.0,0,20,4060.0
37.0,479.5472812196337,0.0,0,20,4060.0
38.0,497.5472812196337,0.0,0,20,4060.0
39.0,515.5472812196336,0.0,0,20,4060.0
40.0,533.5472812196336,0.0,0,20,4060.0
41.0,551.5472812196336,0.0,0,20,4060.0
42.0,568.5472812196336,0.0,0,20,4060.0
43.0,585.5472812196335,0.0,0,20,4060.0
44.0,602.5472812196335,0.0,0,20,4060.0
45.0,619.5472812196335,0.0,0,20,4060.0
46.0,636.5472812196335,0.0,0,20,4060.0
47.0,652.5472812196335,0.0,0,20,4060.0
48.0,668.5472812196334,0.0,0,20,4060.0
49.0,684.5472812196334,0.0,0,20,4060.0
50.0,700.5472812196334,0.0,0,20,4060.0
51.0,716.5472812196334,0.0,0,20,4060.0
52.0,732.5472812196334,0.0,0,20,4060.0
53.0,748.5472812196334,0.0,0,20,4060.0
54.0,764.5472812196334,0.0,0,20,4060.0
55.0,780.5472812196333,0.0,0,20,4060.0
56.0,796.5472812196333,0.0,0,20,4060.0
57.0,812.5472812196333,0.0,0,20,4060.0
58.0,828.5472812196333,0.0,0,20,4060.0
59.0,844.5472812196333,0.0,0,20,4060.0
60.0,860.5472812196333,0.0,0,20,4060.0
61.0,876.5472812196333,0.0,0,20,4060.0
62.0,892.5472812196333,0.0,0,20,4060.0
63.0,908.5472812196333,0.0,0,20,4060.0
64.0,924.5299448035821,0.0,0,20,4060.0
65.0,940.492955115852,0.0,0,20,4060.0
66.0,956.4367052218765,0.0,0,20,4060.0
67.0,971.3615803257806,0.0,0,20,4060.0
68.0,986.2679579276065,0.0,0,20,4060.0
69.0,1000.2679579276065,0.0,0,20,4060.0
70.0,1014.2679579276065,0.0,0,20,4060.0
71.0,1028.2679579276064,0.0,0,20,4060.0
72.0,1042.2679579276064,0.0,0,20,4060.0
73.0,1056.2679579276064,0.0,0,20,4060.0
74.0,1070.2679579276064,0.0,0,20,4060.0
75.0,1084.2679579276064,0.0,0,20,4060.0
76.0,1098.2679579276064,0.0,0,20,4060.0
77.0,1112.2679579276064,0.0,0,20,4060.0
78.0,1126.2679579276064,0.0,0,20,4060.0
79.0,1140.2679579276064,0.0,0,20,4060.0
80.0,1154.2679579276064,0.0,0,20,4060.0
81.0,1168.2679579276064,0.0,0,20,4060.0
82.0,1182.2679579276064,0.0,0,20,4060.0
83.0,1196.2679579276064,0.0,0,20,4060.0
84.0,1210.2679579276064,0.0,0,20,4060.0
85.0,1224.2679579276064,0.0,0,20,4060.0
86.0,1238.2679579276064,0.0,0,20,4060.0
87.0,1252.2679579276064,0.0,0,20,4060.0
88.0,1266.2679579276064,0.0,0,20,4060.0
89.0,1280.2679579276064,0.0,0,20,4060.0
90.0,1294.2679579276064,0.0,0,20,4060.0
91.0,1308.2679579276064,0.0,0,20,4060.0
92.0,1322.2679579276064,0.0,0,20,4060.0
93.0,1336.2679579276064,0.0,0,20,4060.0
94.0,1350.2679579276064,0.0,0,20,4060.0
95.0,1364.2679579276064,0.0,0,20,4060.0
96.0,1378.2679579276064,0.0,0,20,4060.0
97.0,1392.2679579276064,0.0,0,20,4060.0
98.0,1406.2679579276064,0.0,0,20,4060.0
99.0,1420.2679579276064,0.0,0,20,4060.0
100.0,1434.2679579276064,0.0,0,20,4060.0
101.0,1448.2679579276064,0.0,0,20,4060.0
102.0,1462.2679579276064,0.0,0,20,4060.0
103.0,1476.2679579276064,0.0,0,20,4060.0
104.0,1490.2679579276064,0.0,0,20,4060.0
105.0,1504.2679579276064,0.0,0,20,4060.0
106.0,1518.2679579276064,0.0,0,20,4060.0
107.0,1532.2679579276064,0.0,0,20,4060.0
108.0,1546.2679579276064,0.0,0,20,4060.0
109.0,1560.2679579276064,0.0,0,20,4060.0
110.0,1574.2679579276064,0.0,0,20,4060.0
111.0,1588.2679579276064,0.0,0,20,4060.0
112.0,1602.2679579276064,0.0,0,20,4060.0
113.0,1616.2679579276064,0.0,0,20,4060.0
114.0,1630.2677813590906,0.0,0,20,4060.0
115.0,1644.2476083219449,0.0,0,20,4060.0
116.0,1658.2078387455422,0.0,0,20,4060.0
117.0,1672.1488645606676,0.0,0,20,4060.0
118.0,1686.0710698594903,0.0,0,20,4060.0
119.0,1699.9748310523369,0.0,0,20,4060.0
120.0,1712.9748310523369,0.0,0,20,4060.0
121.0,1725.9748310523369,0.0,0,20,4060.0
122.0,1738.9748310523369,0.0,0,20,4060.0
123.0,1751.9748310523369,0.0,0,20,4060.0
124.0,1764.9748310523369,0.0,0,20,4060.0
125.0,1777.9748310523369,0.0,0,20,4060.0
126.0,1790.9748310523369,0.0,0,20,4060.0
127.0,1803.9748310523369,0.0,0,20,4060.0
128.0,1816.9748310523369,0.0,0,20,4060.0
129.0,1829.9748310523369,0.0,0,20,4060.0
130.0,1842.9748310523369,0.0,0,20,4060.0
131.0,1855.9748310523369,0.0,0,20,4060.0
132.0,1867.9748310523369,0.0,0,20,4060.0
133.0,1879.9748310523369,0.0,0,20,4060.0
134.0,1891.9748310523369,0.0,0,20,4060.0
135.0,1903.9748310523369,0.0,0,20,4060.0
136.0,1915.9748310523369,0.0,0,20,4060.0
137.0,1927.9748310523369,0.0,0,20,4060.0
138.0,1939.9748310523369,0.0,0,20,4060.0
139.0,1951.9748310523369,0.0,0,20,4060.0
140.0,1963.9748310523369,0.0,0,20,4060.0
141.0,1975.9748310523369,0.0,0,20,4060.0
142.0,1986.9605717812597,0.0,0,20,4060.0
143.0,1997.9265976956037,0.0,0,20,4060.0
144.0,2008.873303091661,0.0,0,20,4060.0
145.0,2019.8010743797972,0.0,0,20,4060.0
146.0,2030.7102902421705,0.0,0,20,4060.0
147.0,2040.7102902421705,0.0,0,20,4060.0
148.0,2050.7102902421707,0.0,0,20,4060.0
149.0,2060.7102902421707,0.0,0,20,4060.0
150.0,2070.7102902421707,0.0,0,20,4060.0
151.0,2080.7102902421707,0.0,0,20,4060.0
152.0,2090.7102902421707,0.0,0,20,4060.0
153.0,2100.7102902421707,0.0,0,20,4060.0
154.0,2110.7102902421707,0.0,0,20,4060.0
155.0,2119.7102902421707,0.0,0,20,4060.0
156.0,2127.7102902421707,0.0,0,20,4060.0
157.0,2135.7102902421707,0.0,0,20,4060.0
158.0,2143.7102902421707,0.0,0,20,4060.0
159.0,2151.7102902421707,0.0,0,20,4060.0
160.0,2159.7102902421707,0.0,0,20,4060.0
161.0,2167.7102902421707,0.0,0,20,4060.0
162.0,2175.7102902421707,0.0,0,20,4060.0
163.0,2182.7102902421707,0.0,0,20,4060.0
164.0,2189.7102902421707,0.0,0,20,4060.0
165.0,2195.7102902421707,0.0,0,20,4060.0
166.0,2201.7102902421707,0.0,0,20,4060.0
167.0,2207.7102902421707,0.0,0,20,4060.0
168.0,2213.7102902421707,0.0,0,20,4060.0
169.0,2219.7102902421707,0.0,0,20,4060.0
170.0,2225.7102902421707,0.0,0,20,4060.0
171.0,2231.7102902421707,0.0,0,20,4060.0
172.0,2237.7102902421707,0.0,0,20,4060.0
173.0,2243.7102902421707,0.0,0,20,4060.0
174.0,2249.7102902421707,0.0,0,20,4060.0
175.0,2255.7102902421707,0.0,0,20,4060.0
176.0,2261.7102902421707,0.0,0,20,4060.0
177.0,2267.7102902421707,0.0,0,20,4060.0
178.0,2273.7102902421707,0.0,0,20,4060.0
179.0,2279.7102902421707,0.0,0,20,4060.0
180.0,2285.7102902421707,0.0,0,20,4060.0
181.0,2291.7102902421707,0.0,0,20,4060.0
182.0,2297.7102902421707,0.0,0,20,4060.0
183.0,2303.7102902421707,0.0,0,20,4060.0
184.0,2309.7102902421707,0.0,0,20,4060.0
185.0,2315.7102902421707,0.0,0,20,4060.0
186.0,2321.7102902421707,0.0,0,20,4060.0
187.0,2327.7102902421707,0.0,0,20,4060.0
188.0,2333.7102902421707,0.0,0,20,4060.0
189.0,2339.7102902421707,0.0,0,20,4060.0
190.0,2345.7102902421707,0.0,0,20,4060.0
191.0,2351.7102902421707,0.0,0,20,4060.0
192.0,2357.7102902421707,0.0,0,20,4060.0
193.0,2362.6911789649907,0.0,0,20,4060.0
194.0,2367.6524499133543,0.0,0,20,4060.0
195.0,2372.5944954427505,0.0,0,20,4060.0
196.0,2377.5177000615586,0.0,0,20,4060.0
197.0,2382.422440587991,0.0,0,20,4060.0
198.0,2386.472440587991,0.0,0,20,4060.0
199.0,2390.772440587991,0.0,0,20,4060.0
200.0,2395.322440587991,0.0,0,20,4060.0
201.0,2400.1224405879907,0.0,0,20,4060.0
202.0,2405.172440587991,0.0,0,20,4060.0
203.0,2410.472440587991,0.0,0,20,4060.0
204.0,2416.022440587991,0.0,0,20,4060.0
205.0,2421.822440587991,0.0,0,20,4060.0
206.0,2427.8724405879907,0.0,0,20,4060.0
207.0,2433.172440587991,0.0,0,20,4060.0
208.0,2438.722440587991,0.0,0,20,4060.0
209.0,2444.522440587991,0.0,0,20,4060.0
210.0,2450.572440587991,0.0,0,20,4060.0
211.0,2456.8724405879907,0.0,0,20,4060.0
212.0,2463.422440587991,0.0,0,20,4060.0
213.0,2470.222440587991,0.0,0,20,4060.0
214.0,2477.25460958392,0.0,0,20,4060.0
215.0,2484.4474596196437,0.0,0,20,4060.0
216.0,2491.757452654653,0.0,0,20,4060.0
217.0,2499.185245828963,0.0,0,20,4060.0
218.0,2506.7314831397857,0.0,0,20,4060.0
219.0,2514.2467957043923,0.0,0,20,4060.0
220.0,2521.7318020177067,0.0,0,20,4060.0
221.0,2529.1737202953177,0.0,0,20,4060.0
222.0,2536.5668002073758,0.0,0,20,4060.0
223.0,2543.9120185211927,0.0,0,20,4060.0
224.0,2551.2103324687337,0.0,0,20,4060.0
225.0,2558.4597877241576,0.0,0,20,4060.0
226.0,2565.6442538744736,0.0,0,20,4060.0
227.0,2572.7650307017834,0.0,0,20,4060.0
228.0,2579.8233919925465,0.0,0,20,4060.0
229.0,2586.8205860574944,0.0,0,20,4060.0
230.0,2593.7578362411437,0.0,0,20,4060.0
231.0,2600.6363414211196,0.0,0,20,4060.0
232.0,2607.457276497496,0.0,0,20,4060.0
233.0,2614.2217928723453,0.0,0,20,4060.0
234.0,2620.931018919697,0.0,0,20,4060.0
235.0,2627.5860604461022,0.0,0,20,4060.0
236.0,2634.1880011419794,0.0,0,20,4060.0
237.0,2640.737903023939,0.0,0,20,4060.0
238.0,2647.2368068682586,0.0,0,20,4060.0
239.0,2653.6857326356926,0.0,0,20,4060.0
240.0,2660.0856798877776,0.0,0,20,4060.0
241.0,2666.429236098657,0.0,0,20,4060.0
242.0,2672.7059211853184,0.0,0,20,4060.0
243.0,2678.9170725702465,0.0,0,20,4060.0
244.0,2685.064000927476,0.0,0,20,4060.0
245.0,2690.147990717561,0.0,0,20,4060.0
246.0,2695.1703007118444,0.0,0,20,4060.0
247.0,2700.132164506242,0.0,0,20,4060.0
248.0,2705.034791024752,0.0,0,20,4060.0
249.0,2709.8793650128914,0.0,0,20,4060.0
250.0,2714.667047521268,0.0,0,20,4060.0
251.0,2719.398976379477,0.0,0,20,4060.0
252.0,2724.076266660523,0.0,0,20,4060.0
253.0,2728.7000111359466,0.0,0,20,4060.0
254.0,2733.2712807218622,0.0,0,20,4060.0
255.0,2737.7911249160597,0.0,0,20,4060.0
256.0,2741.260572226373,0.0,0,20,4060.0
257.0,2744.68063059048,0.0,0,20,4060.0
258.0,2748.052287787305,0.0,0,20,4060.0
259.0,2751.3765118401934,0.0,0,20,4060.0
260.0,2754.6542514120238,0.0,0,20,4060.0
261.0,2757.886436192418,0.0,0,20,4060.0
262.0,2761.0739772772044,0.0,0,20,4060.0
263.0,2764.217767540295,0.0,0,20,4060.0
264.0,2767.318681998124,0.0,0,20,4060.0
265.0,2770.377578166796,0.0,0,20,4060.0
266.0,2773.3952964120945,0.0,0,20,4060.0
267.0,2776.372660292487,0.0,0,20,4060.0
268.0,2779.310476895272,0.0,0,20,4060.0
269.0,2782.2095371660007,0.0,0,20,4060.0
270.0,2785.0706162313154,0.0,0,20,4060.0
271.0,2787.894473715324,0.0,0,20,4060.0
272.0,2790.681854049652,0.0,0,20,4060.0
273.0,2793.433486777293,0.0,0,20,4060.0
274.0,2796.150086850382,0.0,0,20,4060.0
275.0,2798.832354922009,0.0,0,20,4060.0
276.0,2801.4809776322036,0.0,0,20,4060.0
277.0,2804.096627888194,0.0,0,20,4060.0
278.0,2806.6799651390647,0.0,0,20,4060.0
279.0,2809.2316356449182,0.0,0,20,4060.0
280.0,2811.7522727406545,0.0,0,20,4060.0
281.0,2814.2424970944758,0.0,0,20,4060.0
282.0,2816.7029169612206,0.0,0,20,4060.0
283.0,2819.134128430631,0.0,0,20,4060.0
284.0,2821.536715670653,0.0,0,20,4060.0
285.0,2823.911251165875,0.0,0,20,4060.0
286.0,2826.258295951192,0.0,0,20,4060.0
287.0,2828.5783998408024,0.0,0,20,4060.0
288.0,2830.872101652621,0.0,0,20,4060.0
289.0,2833.139929428203,0.0,0,20,4060.0
290.0,2835.3824006482737,0.0,0,20,4060.0
291.0,2837.6000224439426,0.0,0,20,4060.0
292.0,2839.793291803698,0.0,0,20,4060.0
293.0,2841.962695776259,0.0,0,20,4060.0
294.0,2844.1087116693684,0.0,0,20,4060.0
295.0,2846.2318072446155,0.0,0,20,4060.0
296.0,2848.332440908358,0.0,0,20,4060.0
297.0,2850.411061898825,0.0,0,20,4060.0
298.0,2852.4681104694832,0.0,0,20,4060.0
299.0,2854.5040180687283,0.0,0,20,4060.0
300.0,2856.519207515988,0.0,0,20,4060.0
301.0,2858.514093174303,0.0,0,20,4060.0
302.0,2860.4890811194514,0.0,0,20,4060.0
303.0,2862.444569305697,0.0,0,20,4060.0
304.0,2864.380947728218,0.0,0,20,4060.0
305.0,2866.298598582288,0.0,0,20,4060.0
306.0,2868.1978964192767,0.0,0,20,4060.0
307.0,2870.079208299526,0.0,0,20,4060.0
308.0,2871.94289394217,0.0,0,20,4060.0
309.0,2873.789305871961,0.0,0,20,4060.0
310.0,2875.6187895631565,0.0,0,20,4060.0
311.0,2877.4316835805275,0.0,0,20,4060.0
312.0,2879.228319717552,0.0,0,20,4060.0
313.0,2881.0090231318354,0.0,0,20,4060.0
314.0,2882.7741124778336,0.0,0,20,4060.0
315.0,2884.523900036911,0.0,0,20,4060.0
316.0,2886.258691844808,0.0,0,20,4060.0
317.0,2887.978787816546,0.0,0,20,4060.0
318.0,2889.6844818688496,0.0,0,20,4060.0
319.0,2891.3760620401076,0.0,0,20,4060.0
320.0,2893.05381060794,0.0,0,20,4060.0
321.0,2894.7180042044156,0.0,0,20,4060.0
322.0,2896.368913928962,0.0,0,20,4060.0
323.0,2898.006805459017,0.0,0,20,4060.0
324.0,2899.631939158471,0.0,0,20,4060.0
325.0,2901.2445701839365,0.0,0,20,4060.0
326.0,2902.8449485888923,0.0,0,20,4060.0
327.0,2904.4333194257492,0.0,0,20,4060.0
328.0,2906.0099228458685,0.0,0,20,4060.0
329.0,2907.574994197586,0.0,0,20,4060.0
330.0,2909.128764122269,0.0,0,20,4060.0
331.0,2910.671458648458,0.0,0,20,4060.0
332.0,2912.203299284123,0.0,0,20,4060.0
333.0,2913.7245031070756,0.0,0,20,4060.0
334.0,2915.2352828535686,0.0,0,20,4060.0
335.0,2916.735847005132,0.0,0,20,4060.0
336.0,2918.2263998736635,0.0,0,20,4060.0
337.0,2919.7071416848253,0.0,0,20,4060.0
338.0,2921.1782686597635,0.0,0,20,4060.0
339.0,2922.6399730952025,0.0,0,20,4060.0
340.0,2924.092443441933,0.0,0,20,4060.0
341.0,2925.535864381729,0.0,0,20,4060.0
342.0,2926.970416902729,0.0,0,20,4060.0
343.0,2928.396278373309,0.0,0,20,4060.0
344.0,2929.813622614477,0.0,0,20,4060.0
345.0,2931.2226199708225,0.0,0,20,4060.0
346.0,2932.6234373800403,0.0,0,20,4060.0
347.0,2934.0162384410746,0.0,0,20,4060.0
348.0,2935.401183480887,0.0,0,20,4060.0
349.0,2936.7784296199043,0.0,0,20,4060.0
350.0,2938.148130836141,0.0,0,20,4060.0
351.0,2939.5104380280527,0.0,0,20,4060.0
352.0,2939.865499076126,0.0,0,20,4060.0
353.0,2940.2134589032385,0.0,0,20,4060.0
354.0,2940.5544595338083,0.0,0,20,4060.0
355.0,2940.8886401517666,0.0,0,20,4060.0
356.0,2941.2161371573657,0.0,0,20,4060.0
357.0,2941.537084222853,0.0,0,20,4060.0
358.0,2941.8516123470304,0.0,0,20,4060.0
359.0,2942.1598499087245,0.0,0,20,4060.0
360.0,2942.4619227191847,0.0,0,20,4060.0
361.0,2942.7579540734355,0.0,0,20,4060.0
362.0,2943.0480648006014,0.0,0,20,4060.0
363.0,2943.332373313224,0.0,0,20,4060.0
364.0,2943.610995655594,0.0,0,20,4060.0
365.0,2943.8840455511167,0.0,0,20,4060.0
366.0,2944.151634448729,0.0,0,20,4060.0
367.0,2944.4138715683894,0.0,0,20,4060.0
368.0,2944.6708639456556,0.0,0,20,4060.0
369.0,2944.9227164753775,0.0,0,20,4060.0
370.0,2945.1695319545042,0.0,0,20,4060.0
371.0,2945.4114111240488,0.0,0,20,4060.0
372.0,2945.648452710202,0.0,0,20,4060.0
373.0,2945.880753464633,0.0,0,20,4060.0
374.0,2946.1084082039747,0.0,0,20,4060.0
375.0,2946.3315098485295,0.0,0,20,4060.0
376.0,2946.550149460194,0.0,0,20,4060.0
377.0,2946.7644162796246,0.0,0,20,4060.0
378.0,2946.9743977626667,0.0,0,20,4060.0
379.0,2947.1801796160476,0.0,0,20,4060.0
380.0,2947.3818458323613,0.0,0,20,4060.0
381.0,2947.5794787243485,0.0,0,20,4060.0
382.0,2947.773158958496,0.0,0,20,4060.0
383.0,2947.962965587961,0.0,0,20,4060.0
384.0,2948.1489760848362,0.0,0,20,4060.0
385.0,2948.3312663717743,0.0,0,20,4060.0
386.0,2948.5099108529735,0.0,0,20,4060.0
387.0,2948.6849824445485,0.0,0,20,4060.0
388.0,2948.856552604292,0.0,0,20,4060.0
389.0,2949.0246913608407,0.0,0,20,4060.0
390.0,2949.1894673422585,0.0,0,20,4060.0
391.0,2949.350947804048,0.0,0,20,4060.0
392.0,2949.5091986566013,0.0,0,20,4060.0
393.0,2949.664284492104,0.0,0,20,4060.0
394.0,2949.8162686108967,0.0,0,20,4060.0
395.0,2949.9652130473132,0.0,0,20,4060.0
396.0,2950.091388568619,0.0,0,20,4060.0
397.0,2950.2150405794987,0.0,0,20,4060.0
398.0,2950.336219550161,0.0,0,20,4060.0
399.0,2950.45497494141,0.0,0,20,4060.0
400.0,2950.571355224834,0.0,0,20,4060.0
401.0,2950.6854079025893,0.0,0,20,4060.0
402.0,2950.7971795267895,0.0,0,20,4060.0
403.0,2950.887074558025,0.0,0,20,4060.0
404.0,2950.9751716886353,0.0,0,20,4060.0
405.0,2951.0615068766333,0.0,0,20,4060.0
406.0,2951.1461153608716,0.0,0,20,4060.0
407.0,2951.2290316754247,0.0,0,20,4060.0
408.0,2951.3102896636874,0.0,0,20,4060.0
409.0,2951.3899224921843,0.0,0,20,4060.0
410.0,2951.4679626641114,0.0,0,20,4060.0
411.0,2951.5444420326003,0.0,0,20,4060.0
412.0,2951.6193918137187,0.0,0,20,4060.0
413.0,2951.6928425992155,0.0,0,20,4060.0
414.0,2951.74483592251,0.0,0,20,4060.0
415.0,2951.795789379339,0.0,0,20,4060.0
416.0,2951.8457237670314,0.0,0,20,4060.0
417.0,2951.89465946697,0.0,0,20,4060.0
418.0,2951.94261645291,0.0,0,20,4060.0
419.0,2951.969817238868,0.0,0,20,4060.0
420.0,2951.996474009107,0.0,0,20,4060.0
421.0,2952.022597643941,0.0,0,20,4060.0
422.0,2952.0481988060783,0.0,0,20,4060.0
423.0,2952.073287944973,0.0,0,20,4060.0
424.0,2952.09787530109,0.0,0,20,4060.0
425.0,2952.121970910084,0.0,0,20,4060.0
426.0,2952.145584606899,0.0,0,20,4060.0
427.0,2952.168726029777,0.0,0,20,4060.0
428.0,2952.1914046241977,0.0,0,20,4060.0
429.0,2952.21362964673,0.0,0,20,4060.0
430.0,2952.2354101688115,0.0,0,20,4060.0
431.0,2952.2567550804515,0.0,0,20,4060.0
432.0,2952.277673093859,0.0,0,20,4060.0
433.0,2952.298172746998,0.0,0,20,4060.0
434.0,2952.318262407074,0.0,0,20,4060.0
435.0,2952.318262407074,4.0,0,20,4056.0
436.0,2952.318262407074,9.0,0,20,4051.0
437.0,2952.318262407074,14.0,0,20,4046.0
438.0,2952.318262407074,19.0,0,20,4041.0
439.0,2952.318262407074,24.0,0,20,4036.0
440.0,2952.318262407074,29.0,0,20,4031.0
441.0,2952.318262407074,34.0,0,20,4026.0
442.0,2952.318262407074,39.0,0,20,4021.0
443.0,2952.318262407074,44.0,0,20,4016.0
444.0,2952.318262407074,49.0,0,20,4011.0
445.0,2952.318262407074,54.0,0,20,4006.0
446.0,2952.318262407074,59.0,0,20,4001.0
447.0,2952.318262407074,64.0,0,20,3996.0
448.0,2952.318262407074,69.0,0,20,3991.0
449.0,2952.318262407074,74.0,0,20,3986.0
450.0,2952.318262407074,79.0,0,20,3981.0
451.0,2952.318262407074,84.0,0,20,3976.0
452.0,2952.318262407074,89.0,0,20,3971.0
453.0,2952.318262407074,94.0,0,20,3966.0
454.0,2952.318262407074,99.0,0,20,3961.0
455.0,2952.318262407074,104.0,0,20,3956.0
456.0,2952.318262407074,109.0,0,20,3951.0
457.0,2952.318262407074,114.0,0,20,3946.0
458.0,2952.318262407074,119.0,0,20,3941.0
459.0,2952.318262407074,124.0,0,20,3936.0
460.0,2952.318262407074,129.0,0,20,3931.0
461.0,2952.318262407074,134.0,0,20,3926.0
462.0,2952.318262407074,139.0,0,20,3921.0
463.0,2952.318262407074,144.0,0,20,3916.0
464.0,2952.318262407074,149.0,0,20,3911.0
465.0,2952.318262407074,154.0,0,20,3906.0
466.0,2952.318262407074,159.0,0,20,3901.0
467.0,2952.318262407074,164.0,0,20,3896.0
468.0,2952.318262407074,169.0,0,20,3891.0
469.0,2952.318262407074,174.0,0,20,3886.0
470.0,2952.518262407074,175.0,1,19,3885.0
471.0,2952.968262407074,175.0,1,19,3885.0
472.0,2953.668262407074,175.0,1,19,3885.0
473.0,2954.6182624070743,175.0,1,19,3885.0
474.0,2955.818262407074,175.0,1,19,3885.0
475.0,2957.268262407074,175.0,1,19,3885.0
476.0,2958.968262407074,175.0,1,19,3885.0
477.0,2960.918262407074,175.0,1,19,3885.0
478.0,2963.1182624070743,175.0,1,19,3885.0
479.0,2965.568262407074,175.0,1,19,3885.0
480.0,2968.268262407074,175.0,1,19,3885.0
481.0,2971.218262407074,175.0,1,19,3885.0
482.0,2974.418262407074,175.0,1,19,3885.0
483.0,2977.8682624070743,175.0,1,19,3885.0
484.0,2981.568262407074,175.0,1,19,3885.0
485.0,2985.518262407074,175.0,1,19,3885.0
486.0,2989.718262407074,175.0,1,19,3885.0
487.0,2994.168262407074,175.0,1,19,3885.0
488.0,2998.8682624070743,175.0,1,19,3885.0
489.0,3003.818262407074,175.0,1,19,3885.0
490.0,3008.818262407074,175.0,1,19,3885.0
491.0,3013.818262407074,175.0,1,19,3885.0
492.0,3018.818262407074,175.0,1,19,3885.0
493.0,3023.818262407074,175.0,1,19,3885.0
494.0,3028.818262407074,175.0,1,19,3885.0
495.0,3033.818262407074,175.0,1,19,3885.0
496.0,3038.818262407074,175.0,1,19,3885.0
497.0,3043.818262407074,175.0,1,19,3885.0
498.0,3048.818262407074,175.0,1,19,3885.0
499.0,3053.818262407074,175.0,1,19,3885.0
500.0,3058.818262407074,175.0,1,19,3885.0
501.0,3063.818262407074,175.0,1,19,3885.0
502.0,3068.818262407074,175.0,1,19,3885.0
503.0,3073.818262407074,175.0,1,19,3885.0
504.0,3078.818262407074,175.0,1,19,3885.0
505.0,3083.818262407074,175.0,1,19,3885.0
506.0,3088.818262407074,175.0,1,19,3885.0
507.0,3093.818262407074,175.0,1,19,3885.0
508.0,3098.8182624070746,175.0,1,19,3885.0
509.0,3103.8182624070746,175.0,1,19,3885.0
510.0,3108.8182624070746,175.0,1,19,3885.0
511.0,3113.8182624070746,175.0,1,19,3885.0
512.0,3118.8182624070746,175.0,1,19,3885.0
513.0,3123.8182624070746,175.0,1,19,3885.0
514.0,3128.8182624070746,175.0,1,19,3885.0
515.0,3133.8182624070746,175.0,1,19,3885.0
516.0,3138.8182624070746,175.0,1,19,3885.0
517.0,3143.8182624070746,175.0,1,19,3885.0
518.0,3148.8182624070746,175.0,1,19,3885.0
519.0,3153.8182624070746,175.0,1,19,3885.0
520.0,3158.8182624070746,175.0,1,19,3885.0
521.0,3163.8182624070746,175.0,1,19,3885.0
522.0,3168.8182624070746,175.0,1,19,3885.0
523.0,3173.8182624070746,175.0,1,19,3885.0
524.0,3178.8182624070746,175.0,1,19,3885.0
525.0,3183.8182624070746,175.0,1,19,3885.0
526.0,3188.8182624070746,175.0,1,19,3885.0
527.0,3193.8182624070746,175.0,1,19,3885.0
528.0,3198.8182624070746,175.0,1,19,3885.0
529.0,3203.8182624070746,175.0,1,19,3885.0
530.0,3208.8182624070746,175.0,1,19,3885.0
531.0,3213.8182624070746,175.0,1,19,3885.0
532.0,3218.8182624070746,175.0,1,19,3885.0
533.0,3223.8182624070746,175.0,1,19,3885.0
534.0,3228.8182624070746,175.0,1,19,3885.0
535.0,3233.8182624070746,175.0,1,19,3885.0
536.0,3238.8182624070746,175.0,1,19,3885.0
537.0,3243.8182624070746,175.0,1,19,3885.0
538.0,3248.8182624070746,175.0,1,19,3885.0
539.0,3253.8182624070746,175.0,1,19,3885.0
540.0,3258.8182624070746,175.0,1,19,3885.0
541.0,3263.8182624070746,175.0,1,19,3885.0
542.0,3268.8182624070746,175.0,1,19,3885.0
543.0,3273.8182624070746,175.0,1,19,3885.0
544.0,3278.8182624070746,175.0,1,19,3885.0
545.0,3283.8182624070746,175.0,1,19,3885.0
546.0,3288.8182624070746,175.0,1,19,3885.0
547.0,3293.8182624070746,175.0,1,19,3885.0
548.0,3298.8182624070746,175.0,1,19,3885.0
549.0,3303.8182624070746,175.0,1,19,3885.0
550.0,3308.8182624070746,175.0,1,19,3885.0
551.0,3313.8182624070746,175.0,1,19,3885.0
552.0,3318.8182624070746,175.0,1,19,3885.0
553.0,3323.8182624070746,175.0,1,19,3885.0
554.0,3328.8182624070746,175.0,1,19,3885.0
555.0,3333.8182624070746,175.0,1,19,3885.0
556.0,3338.8182624070746,175.0,1,19,3885.0
557.0,3343.8182624070746,175.0,1,19,3885.0
558.0,3348.8182624070746,175.0,1,19,3885.0
559.0,3353.8182624070746,175.0,1,19,3885.0
560.0,3358.8182624070746,175.0,1,19,3885.0
561.0,3363.818262407074,175.0,1,19,3885.0
562.0,3368.818262407074,175.0,1,19,3885.0
563.0,3373.818262407074,175.0,1,19,3885.0
564.0,3378.8182624070746,175.0,1,19,3885.0
565.0,3383.8182624070746,175.0,1,19,3885.0
566.0,3388.8182624070746,175.0,1,19,3885.0
567.0,3393.8182624070746,175.0,1,19,3885.0
568.0,3398.8182624070746,175.0,1,19,3885.0
569.0,3403.8182624070746,175.0,1,19,3885.0
570.0,3408.8182624070746,175.0,1,19,3885.0
571.0,3413.8182624070746,175.0,1,19,3885.0
572.0,3418.8182624070746,175.0,1,19,3885.0
573.0,3423.8182624070746,175.0,1,19,3885.0
574.0,3428.8182624070746,175.0,1,19,3885.0
575.0,3433.8182624070746,175.0,1,19,3885.0
576.0,3438.8182624070746,175.0,1,19,3885.0
577.0,3443.8182624070746,175.0,1,19,3885.0
578.0,3448.8182624070746,175.0,1,19,3885.0
579.0,3453.8182624070746,175.0,1,19,3885.0
580.0,3458.8182624070746,175.0,1,19,3885.0
581.0,3463.8182624070746,175.0,1,19,3885.0
582.0,3468.8182624070746,175.0,1,19,3885.0
583.0,3473.8182624070746,175.0,1,19,3885.0
584.0,3478.8182624070746,175.0,1,19,3885.0
585.0,3483.8182624070746,175.0,1,19,3885.0
586.0,3488.8182624070746,175.0,1,19,3885.0
587.0,3493.8182624070746,175.0,1,19,3885.0
588.0,3498.8182624070746,175.0,1,19,3885.0
589.0,3503.8182624070746,175.0,1,19,3885.0
590.0,3508.8182624070746,175.0,1,19,3885.0
591.0,3513.8182624070746,175.0,1,19,3885.0
592.0,3518.8182624070746,175.0,1,19,3885.0
593.0,3523.8182624070746,175.0,1,19,3885.0
594.0,3528.8182624070746,175.0,1,19,3885.0
595.0,3533.8182624070746,175.0,1,19,3885.0
596.0,3538.8182624070746,175.0,1,19,3885.0
597.0,3543.8182624070746,175.0,1,19,3885.0
598.0,3548.8182624070746,175.0,1,19,3885.0
599.0,3553.8182624070746,175.0,1,19,3885.0
600.0,3558.8182624070746,175.0,1,19,3885.0
601.0,3563.8182624070746,175.0,1,19,3885.0
602.0,3568.8182624070746,175.0,1,19,3885.0
603.0,3573.8182624070746,175.0,1,19,3885.0
604.0,3578.8182624070746,175.0,1,19,3885.0
605.0,3583.8182624070746,175.0,1,19,3885.0
606.0,3588.8182624070746,175.0,1,19,3885.0
607.0,3593.818262407075,175.0,1,19,3885.0
608.0,3598.818262407075,175.0,1,19,3885.0
609.0,3603.818262407075,175.0,1,19,3885.0
610.0,3608.818262407075,175.0,1,19,3885.0
611.0,3613.818262407075,175.0,1,19,3885.0
612.0,3618.818262407075,175.0,1,19,3885.0
613.0,3623.818262407075,175.0,1,19,3885.0
614.0,3628.818262407075,175.0,1,19,3885.0
615.0,3633.818262407075,175.0,1,19,3885.0
616.0,3638.818262407075,175.0,1,19,3885.0
617.0,3643.818262407075,175.0,1,19,3885.0
618.0,3648.818262407075,175.0,1,19,3885.0
619.0,3653.818262407075,175.0,1,19,3885.0
620.0,3658.818262407075,175.0,1,19,3885.0
621.0,3663.818262407075,175.0,1,19,3885.0
622.0,3668.818262407075,175.0,1,19,3885.0
623.0,3673.818262407075,175.0,1,19,3885.0
624.0,3678.818262407075,175.0,1,19,3885.0
625.0,3683.818262407075,175.0,1,19,3885.0
626.0,3688.818262407075,175.0,1,19,3885.0
627.0,3693.818262407075,175.0,1,19,3885.0
628.0,3698.818262407075,175.0,1,19,3885.0
629.0,3703.818262407075,175.0,1,19,3885.0
630.0,3708.818262407075,175.0,1,19,3885.0
631.0,3713.818262407075,175.0,1,19,3885.0
632.0,3718.818262407075,175.0,1,19,3885.0
633.0,3723.818262407075,175.0,1,19,3885.0
634.0,3728.818262407075,175.0,1,19,3885.0
635.0,3733.818262407075,175.0,1,19,3885.0
636.0,3738.818262407075,175.0,1,19,3885.0
637.0,3743.818262407075,175.0,1,19,3885.0
638.0,3748.818262407075,175.0,1,19,3885.0
639.0,3753.818262407075,175.0,1,19,3885.0
640.0,3758.818262407075,175.0,1,19,3885.0
641.0,3763.818262407075,175.0,1,19,3885.0
642.0,3768.818262407075,175.0,1,19,3885.0
643.0,3773.818262407075,175.0,1,19,3885.0
644.0,3778.818262407075,175.0,1,19,3885.0
645.0,3783.818262407075,175.0,1,19,3885.0
646.0,3788.818262407075,175.0,1,19,3885.0
647.0,3793.818262407075,175.0,1,19,3885.0
648.0,3798.818262407075,175.0,1,19,3885.0
649.0,3803.818262407075,175.0,1,19,3885.0
650.0,3808.818262407075,175.0,1,19,3885.0
651.0,3813.818262407075,175.0,1,19,3885.0
652.0,3818.818262407075,175.0,1,19,3885.0
653.0,3823.818262407075,175.0,1,19,3885.0
654.0,3828.8182624070755,175.0,1,19,3885.0
655.0,3833.8182624070755,175.0,1,19,3885.0
656.0,3838.8182624070755,175.0,1,19,3885.0
657.0,3843.8182624070755,175.0,1,19,3885.0
658.0,3848.8182624070755,175.0,1,19,3885.0
659.0,3853.8182624070755,175.0,1,19,3885.0
660.0,3858.8182624070755,175.0,1,19,3885.0
661.0,3863.8182624070755,175.0,1,19,3885.0
662.0,3868.8182624070755,175.0,1,19,3885.0
663.0,3873.8182624070755,175.0,1,19,3885.0
664.0,3878.8182624070755,175.0,1,19,3885.0
665.0,3883.8182624070755,175.0,1,19,3885.0
666.0,3888.8182624070755,175.0,1,19,3885.0
667.0,3893.8182624070755,175.0,1,19,3885.0
668.0,3898.8182624070755,175.0,1,19,3885.0
669.0,3903.8182624070755,175.0,1,19,3885.0
670.0,3908.8182624070755,175.0,1,19,3885.0
671.0,3913.8182624070755,175.0,1,19,3885.0
672.0,3918.8182624070755,175.0,1,19,3885.0
673.0,3923.8182624070755,175.0,1,19,3885.0
674.0,3928.8182624070755,175.0,1,19,3885.0
675.0,3933.8182624070755,175.0,1,19,3885.0
676.0,3938.8182624070755,175.0,1,19,3885.0
677.0,3943.8182624070755,175.0,1,19,3885.0
678.0,3948.8143909476244,175.0,1,19,3885.0
679.0,3953.7683976252265,175.0,1,19,3885.0
680.0,3958.646156704082,175.0,1,19,3885.0
681.0,3963.429304452179,175.0,1,19,3885.0
682.0,3968.1167892453145,175.0,1,19,3885.0
683.0,3972.710524342587,175.0,1,19,3885.0
684.0,3977.2123847379144,175.0,1,19,3885.0
685.0,3981.624207925335,175.0,1,19,3885.0
686.0,3985.9477946490074,175.0,1,19,3885.0
687.0,3990.184909638206,175.0,1,19,3885.0
688.0,3994.3372823276204,175.0,1,19,3885.0
689.0,3998.4066075632472,175.0,1,19,3885.0
690.0,4002.394546294161,175.0,1,19,3885.0
691.0,4006.302726250457,175.0,1,19,3885.0
692.0,4010.1327426076264,175.0,1,19,3885.0
693.0,4013.886158637653,175.0,1,19,3885.0
694.0,4017.564506347079,175.0,1,19,3885.0
695.0,4021.169287102316,175.0,1,19,3885.0
696.0,4024.701972242449,175.0,1,19,3885.0
697.0,4028.164003679779,175.0,1,19,3885.0
698.0,4031.5567944883614,175.0,1,19,3885.0
699.0,4034.881729480774,175.0,1,19,3885.0
700.0,4038.140165773337,175.0,1,19,3885.0
701.0,4041.3334333400494,175.0,1,19,3885.0
702.0,4044.462835555427,175.0,1,19,3885.0
703.0,4047.5296497264976,175.0,1,19,3885.0
704.0,4050.535127614147,175.0,1,19,3885.0
705.0,4053.4804959440426,175.0,1,19,3885.0
706.0,4056.3669569073404,175.0,1,19,3885.0
707.0,4059.1956886513726,175.0,1,19,3885.0
708.0,4061.967845760524,175.0,1,19,3885.0
709.0,4064.6845597274923,175.0,1,19,3885.0
710.0,4067.3469394151216,175.0,1,19,3885.0
711.0,4069.956071508998,175.0,1,19,3885.0
712.0,4072.513020960997,175.0,1,19,3885.0
713.0,4075.018831423956,175.0,1,19,3885.0
714.0,4077.4745256776555,175.0,1,19,3885.0
715.0,4079.8811060462817,175.0,1,19,3885.0
716.0,4082.2395548075347,175.0,1,19,3885.0
717.0,4084.550834593563,175.0,1,19,3885.0
718.0,4086.8158887838704,175.0,1,19,3885.0
719.0,4089.035641890372,175.0,1,19,3885.0
720.0,4091.210999934743,175.0,1,19,3885.0
721.0,4093.3428508182274,175.0,1,19,3885.0
722.0,4095.4320646840415,175.0,1,19,3885.0
723.0,4097.479494272539,175.0,1,19,3885.0
724.0,4099.485975269268,175.0,1,19,3885.0
725.0,4101.452326646061,175.0,1,19,3885.0
726.0,4103.379350995319,175.0,1,19,3885.0
727.0,4105.267834857592,175.0,1,19,3885.0
728.0,4107.118549042619,175.0,1,19,3885.0
729.0,4108.9322489439455,175.0,1,19,3885.0
730.0,4110.709674847245,175.0,1,19,3885.0
731.0,4112.451552232479,175.0,1,19,3885.0
732.0,4114.158592070008,175.0,1,19,3885.0
733.0,4115.831491110787,175.0,1,19,3885.0
734.0,4117.4709321707505,175.0,1,19,3885.0
735.0,4119.077584409514,175.0,1,19,3885.0
736.0,4120.652103603503,175.0,1,19,3885.0
737.0,4122.195132413611,175.0,1,19,3885.0
738.0,4123.707300647518,175.0,1,19,3885.0
739.0,4125.189225516747,175.0,1,19,3885.0
740.0,4126.641511888591,175.0,1,19,3885.0
741.0,4128.064752532998,175.0,1,19,3885.0
742.0,4129.459528364517,175.0,1,19,3885.0
743.0,4130.826408679405,175.0,1,19,3885.0
744.0,4132.165951387996,175.0,1,19,3885.0
745.0,4133.478703242415,175.0,1,19,3885.0
746.0,4134.765200059745,175.0,1,19,3885.0
747.0,4136.02596694073,175.0,1,19,3885.0
748.0,4137.261518484093,175.0,1,19,3885.0
749.0,4138.472358996591,175.0,1,19,3885.0
750.0,4139.658982698838,175.0,1,19,3885.0
751.0,4140.8218739270405,175.0,1,19,3885.0
752.0,4142.1615073306775,175.0,1,19,3885.0
753.0,4143.528348066244,175.0,1,19,3885.0
754.0,4144.922851987098,175.0,1,19,3885.0
755.0,4146.445465829534,175.0,1,19,3885.0
756.0,4148.096627395122,175.0,1,19,3885.0
757.0,4149.876765729398,175.0,1,19,3885.0
758.0,4151.78630129699,175.0,1,19,3885.0
759.0,4153.825646153228,175.0,1,19,3885.0
760.0,4155.995204112343,175.0,1,19,3885.0
761.0,4158.295370912275,175.0,1,19,3885.0
762.0,4160.726534376208,175.0,1,19,3885.0
763.0,4163.289074570864,175.0,1,19,3885.0
764.0,4165.983363961625,175.0,1,19,3885.0
765.0,4168.809767564571,175.0,1,19,3885.0
766.0,4171.768643095458,175.0,1,19,3885.0
767.0,4174.860341115728,175.0,1,19,3885.0
768.0,4178.085205175593,175.0,1,19,3885.0
769.0,4181.44357195426,175.0,1,19,3885.0
770.0,4184.935771397354,175.0,1,19,3885.0
771.0,4188.562126851585,175.0,1,19,3885.0
772.0,4192.322955196732,175.0,1,19,3885.0
773.0,4196.068566974976,175.0,1,19,3885.0
774.0,4199.799266517656,175.0,1,19,3885.0
775.0,4203.515352069481,175.0,1,19,3885.0
776.0,4207.217115910271,175.0,1,19,3885.0
777.0,4210.904844474245,175.0,1,19,3885.0
778.0,4214.578818466938,175.0,1,19,3885.0
779.0,4218.239312979778,175.0,1,19,3885.0
780.0,4221.886597602362,175.0,1,19,3885.0
781.0,4225.520936532494,175.0,1,19,3885.0
782.0,4229.1425886840225,175.0,1,19,3885.0
783.0,4232.7518077925215,175.0,1,19,3885.0
784.0,4236.348842518849,175.0,1,19,3885.0
785.0,4239.933936550651,175.0,1,19,3885.0
786.0,4243.507328701818,175.0,1,19,3885.0
787.0,4247.0692530099595,175.0,1,19,3885.0
788.0,4250.619938831939,175.0,1,19,3885.0
789.0,4254.15961093748,175.0,1,19,3885.0
790.0,4257.688489600909,175.0,1,19,3885.0
791.0,4261.20679069107,175.0,1,19,3885.0
792.0,4263.814725759427,175.0,1,19,3885.0
793.0,4264.562502126418,175.0,1,19,3885.0
794.0,4265.300322966069,175.0,1,19,3885.0
795.0,4265.981089172624,175.0,1,19,3885.0
796.0,4266.839340415451,175.0,1,19,3885.0
797.0,4267.883868224282,175.0,1,19,3885.0
798.0,4269.117144883477,175.0,1,19,3885.0
799.0,4270.540227840809,175.0,1,19,3885.0
800.0,4272.15371652078,175.0,1,19,3885.0
801.0,4273.958019562009,175.0,1,19,3885.0
802.0,4275.9534514990055,175.0,1,19,3885.0
803.0,4278.40179248252,175.0,1,19,3885.0
804.0,4279.850377625232,175.0,1,19,3885.0
805.0,4282.189384546737,175.0,1,19,3885.0
806.0,4285.570045415162,175.0,1,19,3885.0
807.0,4289.992785194743,175.0,1,19,3885.0
808.0,4295.457863739446,175.0,1,19,3885.0
809.0,4301.965484170236,175.0,1,19,3885.0
810.0,4309.51582373482,175.0,1,19,3885.0
811.0,4318.109045355516,175.0,1,19,3885.0
812.0,4327.745302770575,175.0,1,19,3885.0
813.0,4338.424743123556,175.0,1,19,3885.0
814.0,4350.147508396473,175.0,1,19,3885.0
815.0,4362.913736266124,175.0,1,19,3885.0
816.0,4376.723560650176,175.0,1,19,3885.0
817.0,4391.577112075904,175.0,1,19,3885.0
818.0,4407.474517942346,175.0,1,19,3885.0
819.0,4424.415902715567,175.0,1,19,3885.0
820.0,4442.401388080364,175.0,1,19,3885.0
821.0,4461.431093062652,175.0,1,19,3885.0
822.0,4481.505134131507,175.0,1,19,3885.0
823.0,4502.62362528673,175.0,1,19,3885.0
824.0,4523.889723905428,175.0,1,19,3885.0
825.0,4545.150500551751,175.0,1,19,3885.0
826.0,4566.406061665148,175.0,1,19,3885.0
827.0,4587.656511556276,175.0,1,19,3885.0
828.0,4608.9019524495825,175.0,1,19,3885.0
829.0,4630.142484525023,175.0,1,19,3885.0
830.0,4651.378205958955,175.0,1,19,3885.0
831.0,4672.609212964208,175.0,1,19,3885.0
832.0,4693.8355998293555,175.0,1,19,3885.0
833.0,4715.0574589572,175.0,1,19,3885.0
834.0,4736.274880902488,175.0,1,19,3885.0
835.0,4757.487954408871,175.0,1,19,3885.0
836.0,4778.696766445125,175.0,1,19,3885.0
837.0,4799.901402240654,175.0,1,19,3885.0
838.0,4821.101945320273,175.0,1,19,3885.0
839.0,4842.2984775383,175.0,1,19,3885.0
840.0,4863.4910791119655,175.0,1,19,3885.0
841.0,4884.679828654159,175.0,1,19,3885.0
842.0,4905.864803205507,175.0,1,19,3885.0
843.0,4927.046078265828,175.0,1,19,3885.0
844.0,4948.223727824944,175.0,1,19,3885.0
845.0,4969.397824392877,175.0,1,19,3885.0
846.0,4990.568439029452,175.0,1,19,3885.0
847.0,5011.735641373295,175.0,1,19,3885.0
848.0,5032.899499670261,175.0,1,19,3885.0
849.0,5054.060080801287,175.0,1,19,3885.0
850.0,5075.217450309693,175.0,1,19,3885.0
851.0,5096.371672427931,175.0,1,19,3885.0
852.0,5117.522810103806,175.0,1,19,3885.0
853.0,5138.670925026161,175.0,1,19,3885.0
854.0,5159.81607765007,175.0,1,19,3885.0
855.0,5180.9583272215,175.0,1,19,3885.0
856.0,5202.097731801504,175.0,1,19,3885.0
857.0,5223.234348289906,175.0,1,19,3885.0
858.0,5244.368232448539,175.0,1,19,3885.0
859.0,5265.499438924,175.0,1,19,3885.0
860.0,5286.628021269952,175.0,1,19,3885.0
861.0,5307.754031968985,175.0,1,19,3885.0
862.0,5328.877522454038,175.0,1,19,3885.0
863.0,5349.998543129388,175.0,1,19,3885.0
864.0,5371.117143391233,175.0,1,19,3885.0
865.0,5392.23337164784,175.0,1,19,3885.0
866.0,5413.347275339315,175.0,1,19,3885.0
867.0,5434.458900956961,175.0,1,19,3885.0
868.0,5455.568294062254,175.0,1,19,3885.0
869.0,5476.67549930544,175.0,1,19,3885.0
870.0,5497.7805604437635,175.0,1,19,3885.0
871.0,5518.883520359321,175.0,1,19,3885.0
872.0,5539.944709805918,177.0,1,19,3883.0
873.0,5560.965030345841,181.0,1,19,3879.0
874.0,5581.965030345841,186.0,1,19,3874.0
875.0,5602.965030345841,191.0,1,19,3869.0
876.0,5623.965030345841,196.0,1,19,3864.0
877.0,5644.965030345841,201.0,1,19,3859.0
878.0,5665.965030345841,206.0,1,19,3854.0
879.0,5686.965030345841,211.0,1,19,3849.0
880.0,5707.965030345841,216.0,1,19,3844.0
881.0,5728.965030345841,221.0,1,19,3839.0
882.0,5749.965030345841,226.0,1,19,3834.0
883.0,5770.965030345841,231.0,1,19,3829.0
884.0,5791.965030345841,236.0,1,19,3824.0
885.0,5812.965030345841,241.0,1,19,3819.0
886.0,5833.965030345841,246.0,1,19,3814.0
887.0,5854.965030345841,251.0,1,19,3809.0
888.0,5875.965030345841,256.0,1,19,3804.0
889.0,5896.965030345841,261.0,1,19,3799.0
890.0,5917.965030345841,266.0,1,19,3794.0
891.0,5938.965030345841,271.0,1,19,3789.0
892.0,5959.965030345841,276.0,1,19,3784.0
893.0,5980.965030345841,281.0,1,19,3779.0
894.0,6001.965030345841,286.0,1,19,3774.0
895.0,6022.965030345841,291.0,1,19,3769.0
896.0,6043.965030345841,296.0,1,19,3764.0
897.0,6064.965030345841,301.0,1,19,3759.0
898.0,6085.965030345841,306.0,1,19,3754.0
899.0,6106.965030345841,311.0,1,19,3749.0
900.0,6127.965030345841,316.0,1,19,3744.0
901.0,6148.965030345841,321.0,1,19,3739.0
902.0,6169.965030345841,326.0,1,19,3734.0
903.0,6190.965030345841,331.0,1,19,3729.0
904.0,6211.965030345841,336.0,1,19,3724.0
905.0,6232.965030345841,341.0,1,19,3719.0
906.0,6253.965030345841,346.0,1,19,3714.0
907.0,6274.965030345841,350.0,2,18,3710.0
908.0,6296.015030345841,350.0,2,18,3710.0
909.0,6297.315030345837,350.0,2,18,3710.0
910.0,6299.008302163161,350.0,2,18,3710.0
911.0,6301.987324807971,350.0,2,18,3710.0
912.0,6306.262290341487,350.0,2,18,3710.0
913.0,6311.835460398077,350.0,2,18,3710.0
914.0,6318.70762932007,350.0,2,18,3710.0
915.0,6326.8791617644865,350.0,2,18,3710.0
916.0,6336.350254248678,350.0,2,18,3710.0
917.0,6347.121024493446,350.0,2,18,3710.0
918.0,6359.191548500671,350.0,2,18,3710.0
919.0,6372.561878152443,350.0,2,18,3710.0
920.0,6387.232050427309,350.0,2,18,3710.0
921.0,6403.202092603133,350.0,2,18,3710.0
922.0,6420.472025373882,350.0,2,18,3710.0
923.0,6439.0418648086425,350.0,2,18,3710.0
924.0,6458.9116236329755,350.0,2,18,3710.0
925.0,6480.08131209548,350.0,2,18,3710.0
926.0,6502.550938570812,350.0,2,18,3710.0
927.0,6526.320509989835,350.0,2,18,3710.0
928.0,6551.390032153025,350.0,2,18,3710.0
929.0,6577.359509963282,350.0,2,18,3710.0
930.0,6603.359509963282,350.0,2,18,3710.0
931.0,6629.359509963282,350.0,2,18,3710.0
932.0,6655.359509963282,350.0,2,18,3710.0
933.0,6681.359509963282,350.0,2,18,3710.0
934.0,6707.359509963282,350.0,2,18,3710.0
935.0,6733.359509963282,350.0,2,18,3710.0
936.0,6759.359509963282,350.0,2,18,3710.0
937.0,6785.359509963283,350.0,2,18,3710.0
938.0,6811.359509963283,350.0,2,18,3710.0
939.0,6837.359509963283,350.0,2,18,3710.0
940.0,6863.359509963283,350.0,2,18,3710.0
941.0,6889.359509963283,350.0,2,18,3710.0
942.0,6915.359509963283,350.0,2,18,3710.0
943.0,6941.359509963283,350.0,2,18,3710.0
944.0,6967.359509963283,350.0,2,18,3710.0
945.0,6993.359509963283,350.0,2,18,3710.0
946.0,7019.359509963283,350.0,2,18,3710.0
947.0,7045.359509963283,350.0,2,18,3710.0
948.0,7071.359509963283,350.0,2,18,3710.0
949.0,7097.359509963283,350.0,2,18,3710.0
950.0,7123.359509963283,350.0,2,18,3710.0
951.0,7149.359509963282,350.0,2,18,3710.0
952.0,7175.359509963282,350.0,2,18,3710.0
953.0,7201.359509963282,350.0,2,18,3710.0
954.0,7227.359509963282,350.0,2,18,3710.0
955.0,7253.359509963282,350.0,2,18,3710.0
956.0,7279.359509963282,350.0,2,18,3710.0
957.0,7305.359509963282,350.0,2,18,3710.0
958.0,7331.359509963282,350.0,2,18,3710.0
959.0,7357.359509963282,350.0,2,18,3710.0
960.0,7383.359509963282,350.0,2,18,3710.0
961.0,7409.359509963282,350.0,2,18,3710.0
962.0,7435.359509963282,350.0,2,18,3710.0
963.0,7461.359509963282,350.0,2,18,3710.0
964.0,7487.359509963282,350.0,2,18,3710.0
965.0,7513.359509963282,350.0,2,18,3710.0
966.0,7539.359509963281,350.0,2,18,3710.0
967.0,7565.359509963281,350.0,2,18,3710.0
968.0,7591.359509963281,350.0,2,18,3710.0
969.0,7617.359509963281,350.0,2,18,3710.0
970.0,7643.359509963281,350.0,2,18,3710.0
971.0,7669.359509963281,350.0,2,18,3710.0
972.0,7695.359509963281,350.0,2,18,3710.0
973.0,7721.359509963281,350.0,2,18,3710.0
974.0,7747.359509963281,350.0,2,18,3710.0
975.0,7773.359509963281,350.0,2,18,3710.0
976.0,7799.359509963281,350.0,2,18,3710.0
977.0,7825.359509963281,350.0,2,18,3710.0
978.0,7851.359509963281,350.0,2,18,3710.0
979.0,7877.359509963281,350.0,2,18,3710.0
980.0,7903.359509963281,350.0,2,18,3710.0
981.0,7929.359509963281,350.0,2,18,3710.0
982.0,7955.359509963281,350.0,2,18,3710.0
983.0,7981.359509963281,350.0,2,18,3710.0
984.0,8007.359509963281,350.0,2,18,3710.0
985.0,8033.359509963281,350.0,2,18,3710.0
986.0,8059.359509963281,350.0,2,18,3710.0
987.0,8085.359509963281,350.0,2,18,3710.0
988.0,8111.359509963281,350.0,2,18,3710.0
989.0,8137.359509963281,350.0,2,18,3710.0
990.0,8163.359509963281,350.0,2,18,3710.0
991.0,8189.359509963281,350.0,2,18,3710.0
992.0,8215.35950996328,350.0,2,18,3710.0
993.0,8241.35950996328,350.0,2,18,3710.0
994.0,8267.35950996328,350.0,2,18,3710.0
995.0,8293.35950996328,350.0,2,18,3710.0
996.0,8319.35950996328,350.0,2,18,3710.0
997.0,8345.35950996328,350.0,2,18,3710.0
998.0,8371.35950996328,350.0,2,18,3710.0
999.0,8397.35950996328,350.0,2,18,3710.0
1000.0,8423.35950996328,350.0,2,18,3710.0
1001.0,8449.35950996328,350.0,2,18,3710.0
1002.0,8475.35950996328,350.0,2,18,3710.0
1003.0,8501.35950996328,350.0,2,18,3710.0
1004.0,8527.35950996328,350.0,2,18,3710.0
1005.0,8553.35950996328,350.0,2,18,3710.0
1006.0,8579.35950996328,350.0,2,18,3710.0
1007.0,8605.35950996328,350.0,2,18,3710.0
1008.0,8631.35950996328,350.0,2,18,3710.0
1009.0,8657.35950996328,350.0,2,18,3710.0
1010.0,8683.359509963282,350.0,2,18,3710.0
1011.0,8709.359509963282,350.0,2,18,3710.0
1012.0,8735.359509963282,350.0,2,18,3710.0
1013.0,8761.359509963282,350.0,2,18,3710.0
1014.0,8787.359509963282,350.0,2,18,3710.0
1015.0,8813.359509963282,350.0,2,18,3710.0
1016.0,8839.359509963282,350.0,2,18,3710.0
1017.0,8865.359509963282,350.0,2,18,3710.0
1018.0,8891.359509963282,350.0,2,18,3710.0
1019.0,8917.359509963282,350.0,2,18,3710.0
1020.0,8943.359509963282,350.0,2,18,3710.0
1021.0,8969.359509963282,350.0,2,18,3710.0
1022.0,8995.359509963282,350.0,2,18,3710.0
1023.0,9021.359509963282,350.0,2,18,3710.0
1024.0,9047.359509963282,350.0,2,18,3710.0
1025.0,9073.359509963282,350.0,2,18,3710.0
1026.0,9099.359509963282,350.0,2,18,3710.0
1027.0,9125.359509963282,350.0,2,18,3710.0
1028.0,9151.359509963282,350.0,2,18,3710.0
1029.0,9176.359509963282,350.0,2,18,3710.0
1030.0,9201.359509963282,350.0,2,18,3710.0
1031.0,9226.359509963282,350.0,2,18,3710.0
1032.0,9251.359509963282,350.0,2,18,3710.0
1033.0,9276.359509963282,350.0,2,18,3710.0
1034.0,9301.359509963282,350.0,2,18,3710.0
1035.0,9326.359509963282,350.0,2,18,3710.0
1036.0,9351.359509963282,350.0,2,18,3710.0
1037.0,9376.359509963282,350.0,2,18,3710.0
1038.0,9401.359509963282,350.0,2,18,3710.0
1039.0,9426.359509963282,350.0,2,18,3710.0
1040.0,9451.359509963282,350.0,2,18,3710.0
1041.0,9476.359509963282,350.0,2,18,3710.0
1042.0,9501.359509963282,350.0,2,18,3710.0
1043.0,9526.359509963282,350.0,2,18,3710.0
1044.0,9551.359509963282,350.0,2,18,3710.0
1045.0,9576.359509963282,350.0,2,18,3710.0
1046.0,9601.359509963282,350.0,2,18,3710.0
1047.0,9626.359509963282,350.0,2,18,3710.0
1048.0,9651.359509963282,350.0,2,18,3710.0
1049.0,9676.359509963282,350.0,2,18,3710.0
1050.0,9701.359509963282,350.0,2,18,3710.0
1051.0,9726.359509963282,350.0,2,18,3710.0
1052.0,9751.359509963282,350.0,2,18,3710.0
1053.0,9776.359509963282,350.0,2,18,3710.0
1054.0,9801.359509963282,350.0,2,18,3710.0
1055.0,9826.359509963282,350.0,2,18,3710.0
1056.0,9851.359509963282,350.0,2,18,3710.0
1057.0,9876.359509963282,350.0,2,18,3710.0
1058.0,9901.359509963282,350.0,2,18,3710.0
1059.0,9926.359509963282,350.0,2,18,3710.0
1060.0,9951.359509963282,350.0,2,18,3710.0
1061.0,9976.359509963282,350.0,2,18,3710.0
1062.0,10001.359509963282,350.0,2,18,3710.0
1063.0,10026.359509963282,350.0,2,18,3710.0
1064.0,10051.359509963282,350.0,2,18,3710.0
1065.0,10076.359509963282,350.0,2,18,3710.0
1066.0,10099.932958866026,350.0,2,18,3710.0
1067.0,10103.342383252222,350.0,2,18,3710.0
1068.0,10106.917858769122,350.0,2,18,3710.0
1069.0,10111.755775908932,350.0,2,18,3710.0
1070.0,10117.857654873646,350.0,2,18,3710.0
1071.0,10125.225211927038,350.0,2,18,3710.0
1072.0,10133.860383360994,350.0,2,18,3710.0
1073.0,10143.765349302868,350.0,2,18,3710.0
1074.0,10154.94255551948,350.0,2,18,3710.0
1075.0,10167.394730619992,350.0,2,18,3710.0
1076.0,10181.12489533242,350.0,2,18,3710.0
1077.0,10196.136360058754,350.0,2,18,3710.0
1078.0,10212.432707023803,350.0,2,18,3710.0
1079.0,10230.0177543521,350.0,2,18,3710.0
1080.0,10248.89550149555,350.0,2,18,3710.0
1081.0,10269.070058379095,350.0,2,18,3710.0
1082.0,10290.489573164416,350.0,2,18,3710.0
1083.0,10313.125177061313,350.0,2,18,3710.0
1084.0,10336.936659061255,350.0,2,18,3710.0
1085.0,10361.928427887402,350.0,2,18,3710.0
1086.0,10387.954628668986,350.0,2,18,3710.0
1087.0,10414.219112922494,350.0,2,18,3710.0
1088.0,10440.475425966995,350.0,2,18,3710.0
1089.0,10466.726808688769,350.0,2,18,3710.0
1090.0,10492.976209854234,350.0,2,18,3710.0
1091.0,10518.226305272172,350.0,2,18,3710.0
1092.0,10543.479520684798,350.0,2,18,3710.0
1093.0,10568.73805602199,350.0,2,18,3710.0
1094.0,10593.985026740458,350.0,2,18,3710.0
1095.0,10619.22151210299,350.0,2,18,3710.0
1096.0,10644.449565223445,350.0,2,18,3710.0
1097.0,10669.67109181465,350.0,2,18,3710.0
1098.0,10694.859228013682,350.0,2,18,3710.0
1099.0,10719.984963184981,350.0,2,18,3710.0
1100.0,10744.048183652854,350.0,2,18,3710.0
1101.0,10768.05013971137,350.0,2,18,3710.0
1102.0,10790.992056648714,350.0,2,18,3710.0
1103.0,10813.875135247312,350.0,2,18,3710.0
1104.0,10836.700552273938,350.0,2,18,3710.0
1105.0,10859.469460960032,350.0,2,18,3710.0
1106.0,10882.182991472404,350.0,2,18,3710.0
1107.0,10904.822566140983,350.0,2,18,3710.0
1108.0,10927.389349316189,350.0,2,18,3710.0
1109.0,10949.884796827893,350.0,2,18,3710.0
1110.0,10972.31033538936,350.0,2,18,3710.0
1111.0,10994.667363179602,350.0,2,18,3710.0
1112.0,11016.957250414036,350.0,2,18,3710.0
1113.0,11039.181339903782,350.0,2,18,3710.0
1114.0,11061.340947603732,350.0,2,18,3710.0
1115.0,11083.437363149684,350.0,2,18,3710.0
1116.0,11105.471850384716,350.0,2,18,3710.0
1117.0,11127.445647875049,350.0,2,18,3710.0
1118.0,11149.359969415576,350.0,2,18,3710.0
1119.0,11171.21600452529,350.0,2,18,3710.0
1120.0,11193.014918932813,350.0,2,18,3710.0
1121.0,11214.757855052183,350.0,2,18,3710.0
1122.0,11236.445932449164,350.0,2,18,3710.0
1123.0,11258.080248298207,350.0,2,18,3710.0
1124.0,11279.66187783027,350.0,2,18,3710.0
1125.0,11301.191874771692,350.0,2,18,3710.0
1126.0,11322.671271774285,350.0,2,18,3710.0
1127.0,11344.101080836825,350.0,2,18,3710.0
1128.0,11365.482293718116,350.0,2,18,3710.0
1129.0,11386.815882341782,350.0,2,18,3710.0
1130.0,11408.102799192971,350.0,2,18,3710.0
1131.0,11429.343977707138,350.0,2,18,3710.0
1132.0,11450.540332651022,350.0,2,18,3710.0
1133.0,11471.692760496027,350.0,2,18,3710.0
1134.0,11492.802139784133,350.0,2,18,3710.0
1135.0,11513.86933148648,350.0,2,18,3710.0
1136.0,11534.895179354777,350.0,2,18,3710.0
1137.0,11555.880510265708,350.0,2,18,3710.0
1138.0,11576.82613455842,350.0,2,18,3710.0
1139.0,11597.732846365278,350.0,2,18,3710.0
1140.0,11618.601423936,350.0,2,18,3710.0
1141.0,11639.432629955307,350.0,2,18,3710.0
1142.0,11660.227211854226,350.0,2,18,3710.0
1143.0,11680.985902115168,350.0,2,18,3710.0
1144.0,11701.709418570892,350.0,2,18,3710.0
1145.0,11722.3984646975,350.0,2,18,3710.0
1146.0,11743.053729901576,350.0,2,18,3710.0
1147.0,11763.675889801572,350.0,2,18,3710.0
1148.0,11784.265606503568,350.0,2,18,3710.0
1149.0,11804.823528871524,350.0,2,18,3710.0
1150.0,11825.35029279212,350.0,2,18,3710.0
1151.0,11845.846521434303,350.0,2,18,3710.0
1152.0,11866.312825503643,350.0,2,18,3710.0
1153.0,11886.749803491599,350.0,2,18,3710.0
1154.0,11907.13842693698,350.0,2,18,3710.0
1155.0,11927.499277913455,350.0,2,18,3710.0
1156.0,11947.8329118704,350.0,2,18,3710.0
1157.0,11968.139873148206,350.0,2,18,3710.0
1158.0,11988.420695200457,350.0,2,18,3710.0
1159.0,12008.675900811662,350.0,2,18,3710.0
1160.0,12028.906002310645,350.0,2,18,3710.0
1161.0,12049.111501779646,350.0,2,18,3710.0
1162.0,12069.292891259267,350.0,2,18,3710.0
1163.0,12089.450652949297,350.0,2,18,3710.0
1164.0,12109.585259405527,350.0,2,18,3710.0
1165.0,12129.69717373263,350.0,2,18,3710.0
1166.0,12149.786849773192,350.0,2,18,3710.0
1167.0,12169.854732292943,350.0,2,18,3710.0
1168.0,12189.901257162299,350.0,2,18,3710.0
1169.0,12209.926851534266,350.0,2,18,3710.0
1170.0,12229.931934018796,350.0,2,18,3710.0
1171.0,12249.916914853635,350.0,2,18,3710.0
1172.0,12269.882196071776,350.0,2,18,3710.0
1173.0,12289.828171665557,350.0,2,18,3710.0
1174.0,12309.75522774746,350.0,2,18,3710.0
1175.0,12328.663742707724,350.0,2,18,3710.0
1176.0,12347.554087368786,350.0,2,18,3710.0
1177.0,12366.426625136626,350.0,2,18,3710.0
1178.0,12385.281712149106,350.0,2,18,3710.0
1179.0,12404.119697421338,350.0,2,18,3710.0
1180.0,12422.940922988128,350.0,2,18,3710.0
1181.0,12441.74572404358,350.0,2,18,3710.0
1182.0,12447.353570985062,350.0,2,18,3710.0
1183.0,12450.540380795088,350.0,2,18,3710.0
1184.0,12454.728914168898,350.0,2,18,3710.0
1185.0,12459.920983980075,350.0,2,18,3710.0
1186.0,12466.118559375931,350.0,2,18,3710.0
1187.0,12473.323779477629,350.0,2,18,3710.0
1188.0,12481.538965745856,350.0,2,18,3710.0
1189.0,12490.766631878423,350.0,2,18,3710.0
1190.0,12501.009489861215,350.0,2,18,3710.0
1191.0,12512.270450625465,350.0,2,18,3710.0
1192.0,12524.552617751877,350.0,2,18,3710.0
1193.0,12537.859272888529,350.0,2,18,3710.0
1194.0,12552.135228412242,350.0,2,18,3710.0
1195.0,12567.380838161269,350.0,2,18,3710.0
1196.0,12583.599977323267,350.0,2,18,3710.0
1197.0,12599.996550753609,350.0,2,18,3710.0
1198.0,12617.32444375468,350.0,2,18,3710.0
1199.0,12635.587473561101,350.0,2,18,3710.0
1200.0,12654.789344900879,350.0,2,18,3710.0
1201.0,12674.933612363244,350.0,2,18,3710.0
1202.0,12695.706107769254,350.0,2,18,3710.0
1203.0,12716.45206057959,350.0,2,18,3710.0
1204.0,12737.160787865327,350.0,2,18,3710.0
1205.0,12757.835825047297,350.0,2,18,3710.0
1206.0,12778.480481530254,350.0,2,18,3710.0
1207.0,12799.097848843874,350.0,2,18,3710.0
1208.0,12819.690812038296,350.0,2,18,3710.0
1209.0,12840.262063048436,350.0,2,18,3710.0
1210.0,12860.814114999532,350.0,2,18,3710.0
1211.0,12881.337511882184,350.0,2,18,3710.0
1212.0,12901.810440827183,350.0,2,18,3710.0
1213.0,12922.233911193285,350.0,2,18,3710.0
1214.0,12942.60891215206,350.0,2,18,3710.0
1215.0,12962.936413091664,350.0,2,18,3710.0
1216.0,12983.217364012473,350.0,2,18,3710.0
1217.0,13003.433833102494,350.0,2,18,3710.0
1218.0,13023.585972810713,350.0,2,18,3710.0
1219.0,13043.675069724768,350.0,2,18,3710.0
1220.0,13063.70238470054,350.0,2,18,3710.0
1221.0,13083.669153376799,350.0,2,18,3710.0
1222.0,13103.576586679532,350.0,2,18,3710.0
1223.0,13123.425871316209,350.0,2,18,3710.0
1224.0,13143.218170260154,350.0,2,18,3710.0
1225.0,13162.95462322522,350.0,2,18,3710.0
1226.0,13182.636347130983,350.0,2,18,3710.0
1227.0,13202.264436558637,350.0,2,18,3710.0
1228.0,13221.83996419773,350.0,2,18,3710.0
1229.0,13241.363981284047,350.0,2,18,3710.0
1230.0,13260.837518028631,350.0,2,18,3710.0
1231.0,13280.261584038328,350.0,2,18,3710.0
1232.0,13299.63716872783,350.0,2,18,3710.0
1233.0,13317.965241723543,350.0,2,18,3710.0
1234.0,13336.24675325934,350.0,2,18,3710.0
1235.0,13354.482634564423,350.0,2,18,3710.0
1236.0,13372.673798243404,350.0,2,18,3710.0
1237.0,13390.821138648806,350.0,2,18,3710.0
1238.0,13408.925532246096,350.0,2,18,3710.0
1239.0,13426.987837971443,350.0,2,18,3710.0
1240.0,13444.991214215179,350.0,2,18,3710.0
1241.0,13462.93452293404,350.0,2,18,3710.0
1242.0,13480.818965478526,350.0,2,18,3710.0
1243.0,13498.645719172118,350.0,2,18,3710.0
1244.0,13516.41593779184,350.0,2,18,3710.0
1245.0,13534.130752039167,350.0,2,18,3710.0
1246.0,13551.776488503665,350.0,2,18,3710.0
1247.0,13569.34931023887,350.0,2,18,3710.0
1248.0,13586.850675539372,350.0,2,18,3710.0
1249.0,13603.282013533864,350.0,2,18,3710.0
1250.0,13619.644724768466,350.0,2,18,3710.0
1251.0,13635.940181778378,350.0,2,18,3710.0
1252.0,13651.169729648089,350.0,2,18,3710.0
1253.0,13666.334686560405,350.0,2,18,3710.0
1254.0,13681.436344334477,350.0,2,18,3710.0
1255.0,13696.475968953067,350.0,2,18,3710.0
1256.0,13710.454801079284,350.0,2,18,3710.0
1257.0,13724.374056562981,350.0,2,18,3710.0
1258.0,13738.234926936999,350.0,2,18,3710.0
1259.0,13752.038579903541,350.0,2,18,3710.0
1260.0,13765.78615981075,350.0,2,18,3710.0
1261.0,13779.478788119812,350.0,2,18,3710.0
1262.0,13793.117563862696,350.0,2,18,3710.0
1263.0,13806.703564090722,350.0,2,18,3710.0
1264.0,13820.237844314188,350.0,2,18,3710.0
1265.0,13833.701751118999,350.0,2,18,3710.0
1266.0,13847.116379787716,350.0,2,18,3710.0
1267.0,13860.48271588306,350.0,2,18,3710.0
1268.0,13873.801725256491,350.0,2,18,3710.0
1269.0,13886.074354442462,350.0,2,18,3710.0
1270.0,13898.301531044704,350.0,2,18,3710.0
1271.0,13909.464509205223,350.0,2,18,3710.0
1272.0,13920.58422780253,350.0,2,18,3710.0
1273.0,13931.661552027888,350.0,2,18,3710.0
1274.0,13942.69732976874,350.0,2,18,3710.0
1275.0,13953.692391954779,350.0,2,18,3710.0
1276.0,13964.647552897091,350.0,2,18,3710.0
1277.0,13975.56361062056,350.0,2,18,3710.0
1278.0,13985.44134718956,350.0,2,18,3710.0
1279.0,13993.28152902718,350.0,2,18,3710.0
1280.0,14001.084907228047,350.0,2,18,3710.0
1281.0,14008.8522178649,350.0,2,18,3710.0
1282.0,14016.584182289009,350.0,2,18,3710.0
1283.0,14024.28150742464,350.0,2,18,3710.0
1284.0,14031.94488605756,350.0,2,18,3710.0
1285.0,14039.574997117817,350.0,2,18,3710.0
1286.0,14047.17250595687,350.0,2,18,3710.0
1287.0,14054.718187494242,350.0,2,18,3710.0
1288.0,14059.619056235284,350.0,2,18,3710.0
1289.0,14062.834819750822,350.0,2,18,3710.0
1290.0,14065.684860467787,350.0,2,18,3710.0
1291.0,14069.304241863538,350.0,2,18,3710.0
1292.0,14073.674463048814,350.0,2,18,3710.0
1293.0,14078.8166868944,350.0,2,18,3710.0
1294.0,14084.731618063419,350.0,2,18,3710.0
1295.0,14091.419883170023,350.0,2,18,3710.0
1296.0,14098.882064973843,350.0,2,18,3710.0
1297.0,14107.118717487192,350.0,2,18,3710.0
1298.0,14116.13037354818,350.0,2,18,3710.0
1299.0,14125.917549005993,350.0,2,18,3710.0
1300.0,14136.460884361895,351.0,2,18,3709.0
1301.0,14147.78112618748,357.0,2,18,3703.0
1302.0,14159.878743246622,363.0,2,18,3697.0
1303.0,14172.754193469014,369.0,2,18,3691.0
1304.0,14186.407924543191,375.0,2,18,3685.0
1305.0,14200.840374384557,381.0,2,18,3679.0
1306.0,14216.051971519315,387.0,2,18,3673.0
1307.0,14232.043135409944,393.0,2,18,3667.0
1308.0,14248.814276738914,399.0,2,18,3661.0
1309.0,14265.77466070595,405.0,2,18,3655.0
1310.0,14282.715836993646,411.0,2,18,3649.0
1311.0,14299.638189755588,417.0,2,18,3643.0
1312.0,14316.542095462291,423.0,2,18,3637.0
1313.0,14333.427923054858,429.0,2,18,3631.0
1314.0,14350.296034095578,435.0,2,18,3625.0
1315.0,14364.104318620715,441.0,2,18,3619.0
1316.0,14373.938307015496,447.0,2,18,3613.0
1317.0,14375.455366182136,453.0,2,18,3607.0
1318.0,14377.606084165438,459.0,2,18,3601.0
1319.0,14380.390787789074,465.0,2,18,3595.0
1320.0,14383.809797340236,471.0,2,18,3589.0
1321.0,14387.863426700373,477.0,2,18,3583.0
1322.0,14392.551983473315,483.0,2,18,3577.0
1323.0,14397.875769110793,489.0,2,18,3571.0
1324.0,14403.835079035522,495.0,2,18,3565.0
1325.0,14410.430202761754,501.0,2,18,3559.0
1326.0,14417.661424013464,507.0,2,18,3553.0
1327.0,14425.52902084014,513.0,2,18,3547.0
1328.0,14434.033265730282,519.0,2,18,3541.0
1329.0,14443.174425722622,525.0,2,18,3535.0
1330.0,14452.952762515113,531.0,2,18,3529.0
1331.0,14463.368532571756,537.0,2,18,3523.0
1332.0,14473.621987227267,543.0,2,18,3517.0
1333.0,14484.463372789667,549.0,2,18,3511.0
1334.0,14495.892930640819,555.0,2,18,3505.0
1335.0,14507.960897334944,560.0,3,17,3500.0
1336.0,14519.86750469519,560.0,3,17,3500.0
1337.0,14529.03654320593,560.0,3,17,3500.0
1338.0,14535.60703209667,560.0,3,17,3500.0
1339.0,14537.832251783695,560.0,3,17,3500.0
1340.0,14540.71215288459,560.0,3,17,3500.0
1341.0,14544.319209103554,560.0,3,17,3500.0
1342.0,14548.664957616495,560.0,3,17,3500.0
1343.0,14553.750408526177,560.0,3,17,3500.0
1344.0,14559.2759734614,560.0,3,17,3500.0
1345.0,14565.491933025341,560.0,3,17,3500.0
1346.0,14571.598520671532,560.0,3,17,3500.0
1347.0,14578.29594731587,560.0,3,17,3500.0
1348.0,14585.58441072698,560.0,3,17,3500.0
1349.0,14593.464099771169,560.0,3,17,3500.0
1350.0,14601.93519658088,560.0,3,17,3500.0
1351.0,14610.997877773138,560.0,3,17,3500.0
1352.0,14620.002315190339,560.0,3,17,3500.0
1353.0,14629.699025544405,560.0,3,17,3500.0
1354.0,14637.207271026671,560.0,3,17,3500.0
1355.0,14645.67130983425,560.0,3,17,3500.0
1356.0,14654.84482226729,560.0,3,17,3500.0
1357.0,14664.731217163859,560.0,3,17,3500.0
1358.0,14675.333614931613,560.0,3,17,3500.0
1359.0,14686.654845262048,560.0,3,17,3500.0
1360.0,14698.697456054813,560.0,3,17,3500.0
1361.0,14711.463729975021,560.0,3,17,3500.0
1362.0,14724.935851650156,560.0,3,17,3500.0
1363.0,14739.13588934065,560.0,3,17,3500.0
1364.0,14754.065454597747,560.0,3,17,3500.0
1365.0,14769.725983658873,560.0,3,17,3500.0
1366.0,14786.11875821695,560.0,3,17,3500.0
1367.0,14803.244924259123,560.0,3,17,3500.0
1368.0,14821.06893409238,560.0,3,17,3500.0
1369.0,14839.587463728969,560.0,3,17,3500.0
1370.0,14858.800622772826,560.0,3,17,3500.0
1371.0,14878.708518635809,560.0,3,17,3500.0
1372.0,14899.31125658153,560.0,3,17,3500.0
1373.0,14920.558939768338,560.0,3,17,3500.0
1374.0,14941.801669291408,560.0,3,17,3500.0
1375.0,14963.039544224017,560.0,3,17,3500.0
1376.0,14984.272661657977,560.0,3,17,3500.0
1377.0,15005.501116743255,560.0,3,17,3500.0
1378.0,15026.725002726827,560.0,3,17,3500.0
1379.0,15047.944410990729,560.0,3,17,3500.0
1380.0,15069.159431089354,560.0,3,17,3500.0
1381.0,15090.370150786002,560.0,3,17,3500.0
1382.0,15111.57665608872,560.0,3,17,3500.0
1383.0,15132.779031285385,560.0,3,17,3500.0
1384.0,15153.977358978114,560.0,3,17,3500.0
1385.0,15175.17172011699,560.0,3,17,3500.0
1386.0,15196.362194033087,560.0,3,17,3500.0
1387.0,15217.548858470864,560.0,3,17,3500.0
1388.0,15238.731789619887,560.0,3,17,3500.0
1389.0,15259.911062145926,560.0,3,17,3500.0
1390.0,15281.086749221447,560.0,3,17,3500.0
1391.0,15302.258922555453,560.0,3,17,3500.0
1392.0,15323.427652422784,560.0,3,17,3500.0
1393.0,15344.593007692765,560.0,3,17,3500.0
1394.0,15365.755055857348,560.0,3,17,3500.0
1395.0,15386.893958803978,560.0,3,17,3500.0
1396.0,15408.03008369167,560.0,3,17,3500.0
1397.0,15429.143747567929,560.0,3,17,3500.0
1398.0,15450.255138166662,560.0,3,17,3500.0
1399.0,15471.364300953419,560.0,3,17,3500.0
1400.0,15492.471280484444,560.0,3,17,3500.0
1401.0,15513.576120424843,560.0,3,17,3500.0
1402.0,15534.67886356644,560.0,3,17,3500.0
1403.0,15555.779551845202,560.0,3,17,3500.0
1404.0,15576.878226358387,560.0,3,17,3500.0
1405.0,15597.974927381312,560.0,3,17,3500.0
1406.0,15619.069694383774,560.0,3,17,3500.0
1407.0,15640.162566046189,560.0,3,17,3500.0
1408.0,15661.253580275357,560.0,3,17,3500.0
1409.0,15682.34277421994,560.0,3,17,3500.0
1410.0,15703.41030675893,560.0,3,17,3500.0
1411.0,15724.47648864714,560.0,3,17,3500.0
1412.0,15745.541346897584,560.0,3,17,3500.0
1413.0,15766.60490798302,560.0,3,17,3500.0
1414.0,15787.667197846748,560.0,3,17,3500.0
1415.0,15808.7282419132,560.0,3,17,3500.0
1416.0,15829.788065098322,560.0,3,17,3500.0
1417.0,15850.846691819746,560.0,3,17,3500.0
1418.0,15871.904146006736,560.0,3,17,3500.0
1419.0,15892.960451109991,560.0,3,17,3500.0
1420.0,15914.01563011118,560.0,3,17,3500.0
1421.0,15935.069705532342,560.0,3,17,3500.0
1422.0,15956.122699445083,560.0,3,17,3500.0
1423.0,15977.17463347957,560.0,3,17,3500.0
1424.0,15998.225528833367,560.0,3,17,3500.0
1425.0,16019.275406280087,560.0,3,17,3500.0
1426.0,16040.324286177873,560.0,3,17,3500.0
1427.0,16061.372188477702,560.0,3,17,3500.0
1428.0,16082.419132731537,560.0,3,17,3500.0
1429.0,16103.465138100293,560.0,3,17,3500.0
1430.0,16124.510223361676,560.0,3,17,3500.0
1431.0,16145.55440691783,560.0,3,17,3500.0
1432.0,16166.59770680286,560.0,3,17,3500.0
1433.0,16187.620239268303,560.0,3,17,3500.0
1434.0,16208.642321084435,560.0,3,17,3500.0
1435.0,16229.663961264245,560.0,3,17,3500.0
1436.0,16250.68516864046,560.0,3,17,3500.0
1437.0,16271.705951869151,560.0,3,17,3500.0
1438.0,16292.726319433268,560.0,3,17,3500.0
1439.0,16313.726319433268,566.0,3,17,3494.0
1440.0,16334.726319433268,572.0,3,17,3488.0
1441.0,16355.726319433268,578.0,3,17,3482.0
1442.0,16376.726319433268,584.0,3,17,3476.0
1443.0,16397.726319433266,590.0,3,17,3470.0
1444.0,16418.726319433266,596.0,3,17,3464.0
1445.0,16439.726319433266,602.0,3,17,3458.0
1446.0,16460.726319433266,608.0,3,17,3452.0
1447.0,16481.726319433266,614.0,3,17,3446.0
1448.0,16502.726319433266,620.0,3,17,3440.0
1449.0,16523.726319433266,626.0,3,17,3434.0
1450.0,16544.726319433266,632.0,3,17,3428.0
1451.0,16565.726319433266,638.0,3,17,3422.0
1452.0,16586.726319433266,644.0,3,17,3416.0
1453.0,16607.726319433266,650.0,3,17,3410.0
1454.0,16628.726319433266,656.0,3,17,3404.0
1455.0,16649.726319433266,662.0,3,17,3398.0
1456.0,16670.726319433266,668.0,3,17,3392.0
1457.0,16691.726319433266,674.0,3,17,3386.0
1458.0,16712.726319433266,680.0,3,17,3380.0
1459.0,16733.726319433266,686.0,3,17,3374.0
1460.0,16754.726319433266,692.0,3,17,3368.0
1461.0,16775.726319433266,698.0,3,17,3362.0
1462.0,16796.726319433266,704.0,3,17,3356.0
1463.0,16817.726319433266,710.0,3,17,3350.0
1464.0,16838.726319433266,716.0,3,17,3344.0
1465.0,16859.726319433266,722.0,3,17,3338.0
1466.0,16880.726319433266,728.0,3,17,3332.0
1467.0,16901.726319433266,734.0,3,17,3326.0
1468.0,16922.726319433266,740.0,3,17,3320.0
1469.0,16943.726319433266,746.0,3,17,3314.0
1470.0,16964.726319433266,752.0,3,17,3308.0
1471.0,16985.726319433266,758.0,3,17,3302.0
1472.0,17006.726319433266,764.0,3,17,3296.0
1473.0,17027.726319433266,770.0,4,16,3290.0
1474.0,17049.026319433262,770.0,4,16,3290.0
1475.0,17070.626319433268,770.0,4,16,3290.0
1476.0,17092.526319433262,770.0,4,16,3290.0
1477.0,17114.726319433266,770.0,4,16,3290.0
1478.0,17137.226319433266,770.0,4,16,3290.0
1479.0,17160.026319433262,770.0,4,16,3290.0
1480.0,17183.126319433268,770.0,4,16,3290.0
1481.0,17206.526319433262,770.0,4,16,3290.0
1482.0,17230.226319433266,770.0,4,16,3290.0
1483.0,17254.226319433266,770.0,4,16,3290.0
1484.0,17278.526319433262,770.0,4,16,3290.0
1485.0,17303.126319433268,770.0,4,16,3290.0
1486.0,17328.026319433262,770.0,4,16,3290.0
1487.0,17353.226319433266,770.0,4,16,3290.0
1488.0,17378.726319433266,770.0,4,16,3290.0
1489.0,17404.526319433262,770.0,4,16,3290.0
1490.0,17430.626319433268,770.0,4,16,3290.0
1491.0,17457.026319433262,770.0,4,16,3290.0
1492.0,17483.726319433266,770.0,4,16,3290.0
1493.0,17510.726319433266,770.0,4,16,3290.0
1494.0,17537.726319433266,770.0,4,16,3290.0
1495.0,17564.726319433266,770.0,4,16,3290.0
1496.0,17591.726319433266,770.0,4,16,3290.0
1497.0,17618.726319433266,770.0,4,16,3290.0
1498.0,17645.726319433266,770.0,4,16,3290.0
1499.0,17672.726319433266,770.0,4,16,3290.0
1500.0,17699.726319433266,770.0,4,16,3290.0
1501.0,17726.726319433266,770.0,4,16,3290.0
1502.0,17753.726319433266,770.0,4,16,3290.0
1503.0,17780.726319433266,770.0,4,16,3290.0
1504.0,17807.726319433266,770.0,4,16,3290.0
1505.0,17834.726319433266,770.0,4,16,3290.0
1506.0,17861.726319433266,770.0,4,16,3290.0
1507.0,17888.726319433266,770.0,4,16,3290.0
1508.0,17915.726319433266,770.0,4,16,3290.0
1509.0,17942.726319433266,770.0,4,16,3290.0
1510.0,17969.726319433266,770.0,4,16,3290.0
1511.0,17996.726319433266,770.0,4,16,3290.0
1512.0,18023.726319433266,770.0,4,16,3290.0
1513.0,18050.726319433266,770.0,4,16,3290.0
1514.0,18077.726319433266,770.0,4,16,3290.0
1515.0,18104.726319433266,770.0,4,16,3290.0
1516.0,18131.726319433266,770.0,4,16,3290.0
1517.0,18158.726319433266,770.0,4,16,3290.0
1518.0,18185.726319433266,770.0,4,16,3290.0
1519.0,18212.726319433266,770.0,4,16,3290.0
1520.0,18239.726319433266,770.0,4,16,3290.0
1521.0,18266.726319433266,770.0,4,16,3290.0
1522.0,18293.726319433266,770.0,4,16,3290.0
1523.0,18320.726319433266,770.0,4,16,3290.0
1524.0,18347.726319433266,770.0,4,16,3290.0
1525.0,18374.726319433266,770.0,4,16,3290.0
1526.0,18401.726319433266,770.0,4,16,3290.0
1527.0,18428.726319433266,770.0,4,16,3290.0
1528.0,18455.726319433266,770.0,4,16,3290.0
1529.0,18482.726319433266,770.0,4,16,3290.0
1530.0,18509.726319433266,770.0,4,16,3290.0
1531.0,18536.726319433266,770.0,4,16,3290.0
1532.0,18563.726319433266,770.0,4,16,3290.0
1533.0,18590.726319433266,770.0,4,16,3290.0
1534.0,18617.726319433263,770.0,4,16,3290.0
1535.0,18644.726319433263,770.0,4,16,3290.0
1536.0,18671.726319433263,770.0,4,16,3290.0
1537.0,18698.726319433263,770.0,4,16,3290.0
1538.0,18725.726319433263,770.0,4,16,3290.0
1539.0,18752.726319433263,770.0,4,16,3290.0
1540.0,18779.726319433263,770.0,4,16,3290.0
1541.0,18806.726319433263,770.0,4,16,3290.0
1542.0,18833.726319433263,770.0,4,16,3290.0
1543.0,18860.726319433263,770.0,4,16,3290.0
1544.0,18887.726319433263,770.0,4,16,3290.0
1545.0,18914.726319433263,770.0,4,16,3290.0
1546.0,18941.726319433263,770.0,4,16,3290.0
1547.0,18968.726319433263,770.0,4,16,3290.0
1548.0,18995.726319433263,770.0,4,16,3290.0
1549.0,19022.726319433263,770.0,4,16,3290.0
1550.0,19049.726319433263,770.0,4,16,3290.0
1551.0,19076.726319433263,770.0,4,16,3290.0
1552.0,19103.726319433263,770.0,4,16,3290.0
1553.0,19130.726319433263,770.0,4,16,3290.0
1554.0,19157.726319433263,770.0,4,16,3290.0
1555.0,19184.726319433263,770.0,4,16,3290.0
1556.0,19211.726319433263,770.0,4,16,3290.0
1557.0,19238.726319433263,770.0,4,16,3290.0
1558.0,19265.726319433263,770.0,4,16,3290.0
1559.0,19292.726319433263,770.0,4,16,3290.0
1560.0,19319.726319433263,770.0,4,16,3290.0
1561.0,19346.726319433263,770.0,4,16,3290.0
1562.0,19373.726319433263,770.0,4,16,3290.0
1563.0,19400.726319433263,770.0,4,16,3290.0
1564.0,19427.726319433263,770.0,4,16,3290.0
1565.0,19454.726319433263,770.0,4,16,3290.0
1566.0,19481.726319433263,770.0,4,16,3290.0
1567.0,19508.726319433263,770.0,4,16,3290.0
1568.0,19535.726319433263,770.0,4,16,3290.0
1569.0,19562.726319433263,770.0,4,16,3290.0
1570.0,19589.726319433263,770.0,4,16,3290.0
1571.0,19616.726319433263,770.0,4,16,3290.0
1572.0,19643.726319433263,770.0,4,16,3290.0
1573.0,19670.726319433263,770.0,4,16,3290.0
1574.0,19697.726319433263,770.0,4,16,3290.0
1575.0,19724.726319433263,770.0,4,16,3290.0
1576.0,19751.726319433263,770.0,4,16,3290.0
1577.0,19778.726319433263,770.0,4,16,3290.0
1578.0,19805.726319433263,770.0,4,16,3290.0
1579.0,19832.726319433263,770.0,4,16,3290.0
1580.0,19859.726319433263,770.0,4,16,3290.0
1581.0,19886.726319433263,770.0,4,16,3290.0
1582.0,19913.726319433263,770.0,4,16,3290.0
1583.0,19940.726319433263,770.0,4,16,3290.0
1584.0,19967.726319433263,770.0,4,16,3290.0
1585.0,19994.726319433263,770.0,4,16,3290.0
1586.0,20021.726319433263,770.0,4,16,3290.0
1587.0,20048.726319433263,770.0,4,16,3290.0
1588.0,20075.726319433263,770.0,4,16,3290.0
1589.0,20102.726319433263,770.0,4,16,3290.0
1590.0,20129.726319433263,770.0,4,16,3290.0
1591.0,20156.726319433263,770.0,4,16,3290.0
1592.0,20183.726319433263,770.0,4,16,3290.0
1593.0,20210.726319433263,770.0,4,16,3290.0
1594.0,20237.726319433263,770.0,4,16,3290.0
1595.0,20264.726319433263,770.0,4,16,3290.0
1596.0,20291.726319433263,770.0,4,16,3290.0
1597.0,20318.726319433263,770.0,4,16,3290.0
1598.0,20345.726319433263,770.0,4,16,3290.0
1599.0,20372.726319433263,770.0,4,16,3290.0
1600.0,20399.726319433263,770.0,4,16,3290.0
1601.0,20426.726319433263,770.0,4,16,3290.0
1602.0,20453.726319433263,770.0,4,16,3290.0
1603.0,20480.726319433263,770.0,4,16,3290.0
1604.0,20507.726319433263,770.0,4,16,3290.0
1605.0,20534.726319433263,770.0,4,16,3290.0
1606.0,20561.726319433263,770.0,4,16,3290.0
1607.0,20588.726319433263,770.0,4,16,3290.0
1608.0,20615.726319433263,770.0,4,16,3290.0
1609.0,20642.726319433263,770.0,4,16,3290.0
1610.0,20669.726319433263,770.0,4,16,3290.0
1611.0,20696.726319433263,770.0,4,16,3290.0
1612.0,20723.726319433263,770.0,4,16,3290.0
1613.0,20750.726319433263,770.0,4,16,3290.0
1614.0,20777.726319433263,770.0,4,16,3290.0
1615.0,20804.726319433263,770.0,4,16,3290.0
1616.0,20831.726319433263,770.0,4,16,3290.0
1617.0,20858.726319433263,770.0,4,16,3290.0
1618.0,20885.726319433263,770.0,4,16,3290.0
1619.0,20912.726319433263,770.0,4,16,3290.0
1620.0,20939.726319433263,770.0,4,16,3290.0
1621.0,20966.726319433263,770.0,4,16,3290.0
1622.0,20993.726319433263,770.0,4,16,3290.0
1623.0,21020.726319433263,770.0,4,16,3290.0
1624.0,21047.726319433263,770.0,4,16,3290.0
1625.0,21074.726319433263,770.0,4,16,3290.0
1626.0,21101.726319433263,770.0,4,16,3290.0
1627.0,21128.726319433263,770.0,4,16,3290.0
1628.0,21155.726319433263,770.0,4,16,3290.0
1629.0,21182.726319433263,770.0,4,16,3290.0
1630.0,21209.726319433263,770.0,4,16,3290.0
1631.0,21236.726319433263,770.0,4,16,3290.0
1632.0,21263.726319433263,770.0,4,16,3290.0
1633.0,21290.726319433263,770.0,4,16,3290.0
1634.0,21317.726319433263,770.0,4,16,3290.0
1635.0,21344.726319433263,770.0,4,16,3290.0
1636.0,21371.726319433263,770.0,4,16,3290.0
1637.0,21398.726319433263,770.0,4,16,3290.0
1638.0,21425.726319433263,770.0,4,16,3290.0
1639.0,21452.726319433263,770.0,4,16,3290.0
1640.0,21479.726319433263,770.0,4,16,3290.0
1641.0,21506.726319433263,770.0,4,16,3290.0
1642.0,21533.726319433263,770.0,4,16,3290.0
1643.0,21560.726319433263,770.0,4,16,3290.0
1644.0,21587.726319433263,770.0,4,16,3290.0
1645.0,21614.726319433263,770.0,4,16,3290.0
1646.0,21641.726319433263,770.0,4,16,3290.0
1647.0,21668.726319433263,770.0,4,16,3290.0
1648.0,21695.726319433263,770.0,4,16,3290.0
1649.0,21722.726319433263,770.0,4,16,3290.0
1650.0,21749.726319433263,770.0,4,16,3290.0
1651.0,21776.726319433263,770.0,4,16,3290.0
1652.0,21803.726319433263,770.0,4,16,3290.0
1653.0,21830.726319433263,770.0,4,16,3290.0
1654.0,21857.726319433263,770.0,4,16,3290.0
1655.0,21884.726319433263,770.0,4,16,3290.0
1656.0,21911.726319433263,770.0,4,16,3290.0
1657.0,21938.726319433263,770.0,4,16,3290.0
1658.0,21965.726319433263,770.0,4,16,3290.0
1659.0,21992.726319433263,770.0,4,16,3290.0
1660.0,22019.726319433263,770.0,4,16,3290.0
1661.0,22046.726319433263,770.0,4,16,3290.0
1662.0,22073.726319433263,770.0,4,16,3290.0
1663.0,22100.726319433263,770.0,4,16,3290.0
1664.0,22127.726319433263,770.0,4,16,3290.0
1665.0,22154.726319433263,770.0,4,16,3290.0
1666.0,22181.726319433263,770.0,4,16,3290.0
1667.0,22208.726319433263,770.0,4,16,3290.0
1668.0,22235.726319433263,770.0,4,16,3290.0
1669.0,22262.726319433263,770.0,4,16,3290.0
1670.0,22289.726319433263,770.0,4,16,3290.0
1671.0,22316.726319433263,770.0,4,16,3290.0
1672.0,22343.726319433263,770.0,4,16,3290.0
1673.0,22370.726319433263,770.0,4,16,3290.0
1674.0,22397.726319433263,770.0,4,16,3290.0
1675.0,22424.726319433263,770.0,4,16,3290.0
1676.0,22451.726319433263,770.0,4,16,3290.0
1677.0,22478.726319433263,770.0,4,16,3290.0
1678.0,22505.726319433263,770.0,4,16,3290.0
1679.0,22532.726319433263,770.0,4,16,3290.0
1680.0,22559.726319433263,770.0,4,16,3290.0
1681.0,22586.726319433263,770.0,4,16,3290.0
1682.0,22613.726319433263,770.0,4,16,3290.0
1683.0,22640.726319433266,770.0,4,16,3290.0
1684.0,22667.726319433266,770.0,4,16,3290.0
1685.0,22694.726319433266,770.0,4,16,3290.0
1686.0,22721.726319433266,770.0,4,16,3290.0
1687.0,22748.726319433266,770.0,4,16,3290.0
1688.0,22775.726319433266,770.0,4,16,3290.0
1689.0,22802.726319433266,770.0,4,16,3290.0
1690.0,22829.726319433266,770.0,4,16,3290.0
1691.0,22856.726319433266,770.0,4,16,3290.0
1692.0,22883.726319433266,770.0,4,16,3290.0
1693.0,22910.726319433266,770.0,4,16,3290.0
1694.0,22937.726319433266,770.0,4,16,3290.0
1695.0,22964.726319433266,770.0,4,16,3290.0
1696.0,22991.726319433266,770.0,4,16,3290.0
1697.0,23018.726319433266,770.0,4,16,3290.0
1698.0,23045.726319433266,770.0,4,16,3290.0
1699.0,23072.726319433266,770.0,4,16,3290.0
1700.0,23099.726319433266,770.0,4,16,3290.0
1701.0,23126.726319433266,770.0,4,16,3290.0
1702.0,23153.726319433266,770.0,4,16,3290.0
1703.0,23180.726319433266,770.0,4,16,3290.0
1704.0,23207.726319433266,770.0,4,16,3290.0
1705.0,23234.726319433263,770.0,4,16,3290.0
1706.0,23261.726319433263,770.0,4,16,3290.0
1707.0,23288.726319433263,770.0,4,16,3290.0
1708.0,23315.726319433263,770.0,4,16,3290.0
1709.0,23342.726319433263,770.0,4,16,3290.0
1710.0,23369.726319433263,770.0,4,16,3290.0
1711.0,23396.726319433263,770.0,4,16,3290.0
1712.0,23423.726319433263,770.0,4,16,3290.0
1713.0,23450.726319433263,770.0,4,16,3290.0
1714.0,23477.726319433263,770.0,4,16,3290.0
1715.0,23504.726319433263,770.0,4,16,3290.0
1716.0,23531.726319433263,770.0,4,16,3290.0
1717.0,23558.726319433263,770.0,4,16,3290.0
1718.0,23585.726319433263,770.0,4,16,3290.0
1719.0,23612.726319433263,770.0,4,16,3290.0
1720.0,23639.726319433263,770.0,4,16,3290.0
1721.0,23666.726319433263,770.0,4,16,3290.0
1722.0,23693.726319433263,770.0,4,16,3290.0
1723.0,23720.726319433263,770.0,4,16,3290.0
1724.0,23747.726319433263,770.0,4,16,3290.0
1725.0,23774.726319433263,770.0,4,16,3290.0
1726.0,23801.726319433263,770.0,4,16,3290.0
1727.0,23828.726319433263,770.0,4,16,3290.0
1728.0,23855.726319433263,770.0,4,16,3290.0
1729.0,23882.726319433263,770.0,4,16,3290.0
1730.0,23909.726319433263,770.0,4,16,3290.0
1731.0,23936.726319433263,770.0,4,16,3290.0
1732.0,23963.726319433263,770.0,4,16,3290.0
1733.0,23990.726319433263,770.0,4,16,3290.0
1734.0,24017.726319433263,770.0,4,16,3290.0
1735.0,24044.726319433263,770.0,4,16,3290.0
1736.0,24071.726319433263,770.0,4,16,3290.0
1737.0,24098.726319433263,770.0,4,16,3290.0
1738.0,24125.726319433263,770.0,4,16,3290.0
1739.0,24152.726319433263,770.0,4,16,3290.0
1740.0,24179.726319433263,770.0,4,16,3290.0
1741.0,24206.726319433263,770.0,4,16,3290.0
1742.0,24233.726319433263,770.0,4,16,3290.0
1743.0,24260.726319433263,770.0,4,16,3290.0
1744.0,24287.726319433263,770.0,4,16,3290.0
1745.0,24314.726319433263,770.0,4,16,3290.0
1746.0,24341.726319433263,770.0,4,16,3290.0
1747.0,24368.726319433263,770.0,4,16,3290.0
1748.0,24395.726319433263,770.0,4,16,3290.0
1749.0,24422.726319433263,770.0,4,16,3290.0
1750.0,24449.718858772434,770.0,4,16,3290.0
1751.0,24476.66243428035,770.0,4,16,3290.0
1752.0,24503.518076236887,770.0,4,16,3290.0
1753.0,24530.26003805244,770.0,4,16,3290.0
1754.0,24556.88716063168,770.0,4,16,3290.0
1755.0,24583.40174075933,770.0,4,16,3290.0
1756.0,24609.80602928444,770.0,4,16,3290.0
1757.0,24636.102232039037,770.0,4,16,3290.0
1758.0,24662.292510738545,770.0,4,16,3290.0
1759.0,24688.378983864066,770.0,4,16,3290.0
1760.0,24714.36372752707,770.0,4,16,3290.0
1761.0,24740.24877631682,770.0,4,16,3290.0
1762.0,24766.036124130776,770.0,4,16,3290.0
1763.0,24791.727724988446,770.0,4,16,3290.0
1764.0,24817.32549382897,770.0,4,16,3290.0
1765.0,24842.831307292676,770.0,4,16,3290.0
1766.0,24868.24700448711,770.0,4,16,3290.0
1767.0,24893.57438773766,770.0,4,16,3290.0
1768.0,24918.815223323196,770.0,4,16,3290.0
1769.0,24943.971242197018,770.0,4,16,3290.0
1770.0,24969.044140693368,770.0,4,16,3290.0
1771.0,24994.03558121979,770.0,4,16,3290.0
1772.0,25018.947192935688,770.0,4,16,3290.0
1773.0,25043.78057241726,770.0,4,16,3290.0
1774.0,25068.537284309205,770.0,4,16,3290.0
1775.0,25093.21886196331,770.0,4,16,3290.0
1776.0,25117.826808064336,770.0,4,16,3290.0
1777.0,25142.362595243336,770.0,4,16,3290.0
1778.0,25166.82766667876,770.0,4,16,3290.0
1779.0,25191.223436685472,770.0,4,16,3290.0
1780.0,25215.551291292053,770.0,4,16,3290.0
1781.0,25239.812588806497,770.0,4,16,3290.0
1782.0,25264.00866037066,770.0,4,16,3290.0
1783.0,25288.140810503537,770.0,4,16,3290.0
1784.0,25312.210317633755,770.0,4,16,3290.0
1785.0,25336.21843462137,770.0,4,16,3290.0
1786.0,25360.16638926923,770.0,4,16,3290.0
1787.0,25384.055384824136,770.0,4,16,3290.0
1788.0,25406.88660046794,770.0,4,16,3290.0
1789.0,25429.661191798874,770.0,4,16,3290.0
1790.0,25452.380291303183,770.0,4,16,3290.0
1791.0,25475.045008817408,770.0,4,16,3290.0
1792.0,25497.656431981348,770.0,4,16,3290.0
1793.0,25520.21562668201,770.0,4,16,3290.0
1794.0,25542.72363748866,770.0,4,16,3290.0
1795.0,25565.181488079175,770.0,4,16,3290.0
1796.0,25587.590181657884,770.0,4,16,3290.0
1797.0,25609.95070136501,770.0,4,16,3290.0
1798.0,25632.264010677998,770.0,4,16,3290.0
1799.0,25654.531053804727,770.0,4,16,3290.0
1800.0,25676.752756068927,770.0,4,16,3290.0
1801.0,25698.930024287838,770.0,4,16,3290.0
1802.0,25721.06374714237,770.0,4,16,3290.0
1803.0,25743.15479553981,770.0,4,16,3290.0
1804.0,25765.204022969305,770.0,4,16,3290.0
1805.0,25787.21226585021,770.0,4,16,3290.0
1806.0,25809.180343873493,770.0,4,16,3290.0
1807.0,25831.109060336308,770.0,4,16,3290.0
1808.0,25852.999202469873,770.0,4,16,3290.0
1809.0,25874.851541760767,770.0,4,16,3290.0
1810.0,25896.66683426584,770.0,4,16,3290.0
1811.0,25918.445820920813,770.0,4,16,3290.0
1812.0,25940.189227842686,770.0,4,16,3290.0
1813.0,25961.89776662612,770.0,4,16,3290.0
1814.0,25983.572134633887,770.0,4,16,3290.0
1815.0,26005.213015281497,770.0,4,16,3290.0
1816.0,26026.821078316156,770.0,4,16,3290.0
1817.0,26048.396980090125,770.0,4,16,3290.0
1818.0,26069.94136382861,770.0,4,16,3290.0
1819.0,26091.454859892325,770.0,4,16,3290.0
1820.0,26112.938086034763,770.0,4,16,3290.0
1821.0,26134.39164765436,770.0,4,16,3290.0
1822.0,26155.816138041562,770.0,4,16,3290.0
1823.0,26177.21213862102,770.0,4,16,3290.0
1824.0,26198.580219188887,770.0,4,16,3290.0
1825.0,26219.9209381454,770.0,4,16,3290.0
1826.0,26241.234842722784,770.0,4,16,3290.0
1827.0,26262.522469208616,770.0,4,16,3290.0
1828.0,26283.784343164734,770.0,4,16,3290.0
1829.0,26305.020979641726,770.0,4,16,3290.0
1830.0,26326.23288338918,770.0,4,16,3290.0
1831.0,26347.420549061688,770.0,4,16,3290.0
1832.0,26368.584461420745,770.0,4,16,3290.0
1833.0,26389.725095532616,770.0,4,16,3290.0
1834.0,26410.84291696225,770.0,4,16,3290.0
1835.0,26431.938381963297,770.0,4,16,3290.0
1836.0,26453.01193766432,770.0,4,16,3290.0
1837.0,26474.064022251325,770.0,4,16,3290.0
1838.0,26495.095065146586,770.0,4,16,3290.0
1839.0,26516.10548718394,770.0,4,16,3290.0
1840.0,26537.095700780555,770.0,4,16,3290.0
1841.0,26558.066110105236,770.0,4,16,3290.0
1842.0,26579.01711124342,770.0,4,16,3290.0
1843.0,26599.949092358835,770.0,4,16,3290.0
1844.0,26620.862433851944,770.0,4,16,3290.0
1845.0,26641.757508515202,770.0,4,16,3290.0
1846.0,26662.63468168518,770.0,4,16,3290.0
1847.0,26683.494311391772,770.0,4,16,3290.0
1848.0,26704.336748504225,770.0,4,16,3290.0
1849.0,26725.162336874433,770.0,4,16,3290.0
1850.0,26745.971413477233,770.0,4,16,3290.0
1851.0,26766.764308547972,770.0,4,16,3290.0
1852.0,26787.5413457173,770.0,4,16,3290.0
1853.0,26808.302842143243,770.0,4,16,3290.0
1854.0,26829.049108640673,770.0,4,16,3290.0
1855.0,26849.78044980815,770.0,4,16,3290.0
1856.0,26870.497164152275,770.0,4,16,3290.0
1857.0,26891.199544209514,770.0,4,16,3290.0
1858.0,26911.887876665616,770.0,4,16,3290.0
1859.0,26932.56244247259,770.0,4,16,3290.0
1860.0,26953.223516963437,770.0,4,16,3290.0
1861.0,26973.87136996445,770.0,4,16,3290.0
1862.0,26994.506265905457,770.0,4,16,3290.0
1863.0,27015.12846392763,770.0,4,16,3290.0
1864.0,27035.73821798937,770.0,4,16,3290.0
1865.0,27056.335776969863,770.0,4,16,3290.0
1866.0,27076.921384770765,770.0,4,16,3290.0
1867.0,27097.495280415635,770.0,4,16,3290.0
1868.0,27118.057698147615,770.0,4,16,3290.0
1869.0,27138.608867524952,770.0,4,16,3290.0
1870.0,27159.149013514732,770.0,4,16,3290.0
1871.0,27179.67835658473,770.0,4,16,3290.0
1872.0,27200.197112793325,770.0,4,16,3290.0
1873.0,27220.70549387775,770.0,4,16,3290.0
1874.0,27241.203707340483,770.0,4,16,3290.0
1875.0,27261.691956533963,770.0,4,16,3290.0
1876.0,27282.170440743575,770.0,4,16,3290.0
1877.0,27302.63935526899,770.0,4,16,3290.0
1878.0,27323.098891503905,770.0,4,16,3290.0
1879.0,27343.549237014115,770.0,4,16,3290.0
1880.0,27363.990575614116,770.0,4,16,3290.0
1881.0,27384.42308744213,770.0,4,16,3290.0
1882.0,27404.84694903357,770.0,4,16,3290.0
1883.0,27425.26233339319,770.0,4,16,3290.0
1884.0,27445.669410065613,770.0,4,16,3290.0
1885.0,27466.068345204596,770.0,4,16,3290.0
1886.0,27486.459301640793,770.0,4,16,3290.0
1887.0,27506.84243894826,770.0,4,16,3290.0
1888.0,27527.217913509594,770.0,4,16,3290.0
1889.0,27547.585878579685,770.0,4,16,3290.0
1890.0,27567.94648434838,770.0,4,16,3290.0
1891.0,27587.299878001697,770.0,4,16,3290.0
1892.0,27606.64620378196,770.0,4,16,3290.0
1893.0,27625.9856030466,770.0,4,16,3290.0
1894.0,27645.318214325962,770.0,4,16,3290.0
1895.0,27663.70506538667,770.0,4,16,3290.0
1896.0,27681.94749639068,770.0,4,16,3290.0
1897.0,27691.33151626,770.0,4,16,3290.0
1898.0,27700.402932489553,770.0,4,16,3290.0
1899.0,27710.226472233273,770.0,4,16,3290.0
1900.0,27720.80353272294,770.0,4,16,3290.0
1901.0,27732.135678733885,770.0,4,16,3290.0
1902.0,27744.22466824093,770.0,4,16,3290.0
1903.0,27757.072480359755,770.0,4,16,3290.0
1904.0,27770.681344659424,770.0,4,16,3290.0
1905.0,27785.05377019292,770.0,4,16,3290.0
1906.0,27800.192571624517,770.0,4,16,3290.0
1907.0,27816.10088872151,770.0,4,16,3290.0
1908.0,27832.762646406445,770.0,4,16,3290.0
1909.0,27850.13758126687,770.0,4,16,3290.0
1910.0,27868.230057647852,770.0,4,16,3290.0
1911.0,27887.04467485064,770.0,4,16,3290.0
1912.0,27906.573259938148,770.0,4,16,3290.0
1913.0,27926.766821238005,770.0,4,16,3290.0
1914.0,27947.630473271438,770.0,4,16,3290.0
1915.0,27969.169184506336,770.0,4,16,3290.0
1916.0,27991.23769259812,770.0,4,16,3290.0
1917.0,28013.490441246646,770.0,4,16,3290.0
1918.0,28035.731541336165,770.0,4,16,3290.0
1919.0,28057.964754880446,770.0,4,16,3290.0
1920.0,28080.193497594984,770.0,4,16,3290.0
1921.0,28102.420854852724,770.0,4,16,3290.0
1922.0,28124.64960597605,770.0,4,16,3290.0
1923.0,28146.8822527133,770.0,4,16,3290.0
1924.0,28169.12104886382,770.0,4,16,3290.0
1925.0,28191.36802905463,770.0,4,16,3290.0
1926.0,28213.625035501038,770.0,4,16,3290.0
1927.0,28235.893742180677,770.0,4,16,3290.0
1928.0,28258.175676244657,770.0,4,16,3290.0
1929.0,28280.466377988603,770.0,4,16,3290.0
1930.0,28302.73126569769,770.0,4,16,3290.0
1931.0,28324.970855652577,770.0,4,16,3290.0
1932.0,28347.185653808374,770.0,4,16,3290.0
1933.0,28369.376156001053,770.0,4,16,3290.0
1934.0,28391.54284814988,770.0,4,16,3290.0
1935.0,28412.686206455724,770.0,4,16,3290.0
1936.0,28433.80669759546,770.0,4,16,3290.0
1937.0,28454.90477891239,770.0,4,16,3290.0
1938.0,28475.980898602993,770.0,4,16,3290.0
1939.0,28497.035495899785,770.0,4,16,3290.0
1940.0,28518.069001250642,770.0,4,16,3290.0
1941.0,28539.081836494468,770.0,4,16,3290.0
1942.0,28560.074415033425,770.0,4,16,3290.0
1943.0,28581.047142001604,770.0,4,16,3290.0
1944.0,28601.940778528835,773.0,4,16,3287.0
1945.0,28622.776611750676,778.0,4,16,3282.0
1946.0,28643.57580427506,784.0,4,16,3276.0
1947.0,28664.359012948968,790.0,4,16,3270.0
1948.0,28685.12655744938,796.0,4,16,3264.0
1949.0,28705.878751059798,802.0,4,16,3258.0
1950.0,28726.615900798002,808.0,4,16,3252.0
1951.0,28747.338307541446,814.0,4,16,3246.0
1952.0,28768.032211595128,820.0,4,16,3240.0
1953.0,28788.69223756774,826.0,4,16,3234.0
1954.0,28809.3190630209,832.0,4,16,3228.0
1955.0,28829.91335196499,838.0,4,16,3222.0
1956.0,28850.475755130203,844.0,4,16,3216.0
1957.0,28871.00394318861,850.0,4,16,3210.0
1958.0,28891.48019455935,856.0,4,16,3204.0
1959.0,28911.886920902667,862.0,4,16,3198.0
1960.0,28932.22551271913,868.0,4,16,3192.0
1961.0,28952.497332699255,874.0,4,16,3186.0
1962.0,28972.703716279786,880.0,4,16,3180.0
1963.0,28992.845972188697,886.0,4,16,3174.0
1964.0,29012.925382979432,892.0,4,16,3168.0
1965.0,29032.94320555435,898.0,4,16,3162.0
1966.0,29052.900671677773,904.0,4,16,3156.0
1967.0,29072.79898847873,910.0,4,16,3150.0
1968.0,29092.639338943663,916.0,4,16,3144.0
1969.0,29112.422882399296,922.0,4,16,3138.0
1970.0,29132.15075498583,928.0,4,16,3132.0
1971.0,29151.824070120616,934.0,4,16,3126.0
1972.0,29171.44391895272,940.0,4,16,3120.0
1973.0,29191.011370808177,946.0,4,16,3114.0
1974.0,29210.52747362652,952.0,4,16,3108.0
1975.0,29229.9932543885,958.0,4,16,3102.0
1976.0,29249.409719535237,964.0,4,16,3096.0
1977.0,29268.77785537904,970.0,4,16,3090.0
1978.0,29288.098628505977,976.0,4,16,3084.0
1979.0,29307.37298617037,980.0,5,15,3080.0
1980.0,29323.8499050773,980.0,5,15,3080.0
1981.0,29334.764471857165,980.0,5,15,3080.0
1982.0,29344.1741301635,980.0,5,15,3080.0
1983.0,29354.381628611696,980.0,5,15,3080.0
1984.0,29365.393353423813,980.0,5,15,3080.0
1985.0,29377.21194968856,980.0,5,15,3080.0
1986.0,29389.83901868053,980.0,5,15,3080.0
1987.0,29403.275767867573,980.0,5,15,3080.0
1988.0,29417.52321997235,980.0,5,15,3080.0
1989.0,29432.582295775483,980.0,5,15,3080.0
1990.0,29448.453852123133,980.0,5,15,3080.0
1991.0,29465.1387013944,980.0,5,15,3080.0
1992.0,29482.63762236403,980.0,5,15,3080.0
1993.0,29500.95136670241,980.0,5,15,3080.0
1994.0,29520.080663102348,980.0,5,15,3080.0
1995.0,29540.026220038944,980.0,5,15,3080.0
1996.0,29560.788727702977,980.0,5,15,3080.0
1997.0,29582.368859414197,980.0,5,15,3080.0
1998.0,29604.767272695284,980.0,5,15,3080.0
1999.0,29627.98461011722,980.0,5,15,3080.0
2000.0,29652.021499986793,980.0,5,15,3080.0
2001.0,29676.478556921527,980.0,5,15,3080.0
2002.0,29700.907643378592,980.0,5,15,3080.0
2003.0,29725.288468526753,980.0,5,15,3080.0
2004.0,29749.64167717195,980.0,5,15,3080.0
2005.0,29773.96782164426,980.0,5,15,3080.0
2006.0,29798.267443227098,980.0,5,15,3080.0
2007.0,29822.541072378295,980.0,5,15,3080.0
2008.0,29846.78922894647,980.0,5,15,3080.0
2009.0,29871.01242238327,980.0,5,15,3080.0
2010.0,29895.21115195134,980.0,5,15,3080.0
2011.0,29919.385906928048,980.0,5,15,3080.0
2012.0,29943.53716680523,980.0,5,15,3080.0
2013.0,29967.66540148485,980.0,5,15,3080.0
2014.0,29991.7710714709,980.0,5,15,3080.0
2015.0,30015.854628057208,980.0,5,15,3080.0
2016.0,30039.916513511806,980.0,5,15,3080.0
2017.0,30063.95716125731,980.0,5,15,3080.0
2018.0,30087.97699604789,980.0,5,15,3080.0
2019.0,30111.976434142667,980.0,5,15,3080.0
2020.0,30135.955883475555,980.0,5,15,3080.0
2021.0,30159.915743821777,980.0,5,15,3080.0
2022.0,30183.856406961077,980.0,5,15,3080.0
2023.0,30207.778256837588,980.0,5,15,3080.0
2024.0,30231.681669716574,980.0,5,15,3080.0
2025.0,30255.56701433798,980.0,5,15,3080.0
2026.0,30279.434652066953,980.0,5,15,3080.0
2027.0,30303.28493704135,980.0,5,15,3080.0
2028.0,30327.118216316256,980.0,5,15,3080.0
2029.0,30350.93483000567,980.0,5,15,3080.0
2030.0,30374.735111421298,980.0,5,15,3080.0
2031.0,30398.5193872086,980.0,5,15,3080.0
2032.0,30422.28797748016,980.0,5,15,3080.0
2033.0,30446.041195946298,980.0,5,15,3080.0
2034.0,30469.779350043103,980.0,5,15,3080.0
2035.0,30493.502741057982,980.0,5,15,3080.0
2036.0,30517.211664252554,980.0,5,15,3080.0
2037.0,30540.906408983243,980.0,5,15,3080.0
2038.0,30564.587258819312,980.0,5,15,3080.0
2039.0,30588.25449165866,980.0,5,15,3080.0
2040.0,30611.90837984122,980.0,5,15,3080.0
2041.0,30635.54919026013,980.0,5,15,3080.0
2042.0,30659.177184470664,980.0,5,15,3080.0
2043.0,30682.792618796982,980.0,5,15,3080.0
2044.0,30706.39574443678,980.0,5,15,3080.0
2045.0,30729.986807563775,980.0,5,15,3080.0
2046.0,30752.56604942824,980.0,5,15,3080.0
2047.0,30775.133706455414,980.0,5,15,3080.0
2048.0,30797.690010342045,980.0,5,15,3080.0
2049.0,30820.235188150935,980.0,5,15,3080.0
2050.0,30842.76946240365,980.0,5,15,3080.0
2051.0,30865.29305117131,980.0,5,15,3080.0
2052.0,30887.80616816362,980.0,5,15,3080.0
2053.0,30910.309022816084,980.0,5,15,3080.0
2054.0,30932.801820375502,980.0,5,15,3080.0
2055.0,30955.284761983723,980.0,5,15,3080.0
2056.0,30977.758044759783,980.0,5,15,3080.0
2057.0,31000.221861880327,980.0,5,15,3080.0
2058.0,31022.676402658453,980.0,5,15,3080.0
2059.0,31045.121852621018,980.0,5,15,3080.0
2060.0,31067.558393584342,980.0,5,15,3080.0
2061.0,31088.986203728386,980.0,5,15,3080.0
2062.0,31110.405457669553,980.0,5,15,3080.0
2063.0,31131.816326531898,980.0,5,15,3080.0
2064.0,31153.218978016997,980.0,5,15,3080.0
2065.0,31174.61357647239,980.0,5,15,3080.0
2066.0,31196.000282958677,980.0,5,15,3080.0
2067.0,31217.370328125067,980.0,5,15,3080.0
2068.0,31238.686962337557,980.0,5,15,3080.0
2069.0,31259.904404436882,980.0,5,15,3080.0
2070.0,31280.99749769421,980.0,5,15,3080.0
2071.0,31301.968729086395,980.0,5,15,3080.0
2072.0,31322.820535850744,980.0,5,15,3080.0
2073.0,31343.555306479793,980.0,5,15,3080.0
2074.0,31364.175381696274,980.0,5,15,3080.0
2075.0,31384.68305540841,980.0,5,15,3080.0
2076.0,31405.080575646327,980.0,5,15,3080.0
2077.0,31425.37014547946,980.0,5,15,3080.0
2078.0,31445.553923915944,980.0,5,15,3080.0
2079.0,31465.634026783704,980.0,5,15,3080.0
2080.0,31485.612527594094,980.0,5,15,3080.0
2081.0,31505.491458388286,980.0,5,15,3080.0
2082.0,31525.272810566592,980.0,5,15,3080.0
2083.0,31544.938703966236,980.0,5,15,3080.0
2084.0,31564.511279497892,980.0,5,15,3080.0
2085.0,31583.992403518914,980.0,5,15,3080.0
2086.0,31603.383905059516,980.0,5,15,3080.0
2087.0,31622.68757656931,980.0,5,15,3080.0
2088.0,31641.9051746489,980.0,5,15,3080.0
2089.0,31661.0384207669,980.0,5,15,3080.0
2090.0,31680.08900196254,980.0,5,15,3080.0
2091.0,31699.05857153427,980.0,5,15,3080.0
2092.0,31716.948749714567,980.0,5,15,3080.0
2093.0,31734.761124331257,980.0,5,15,3080.0
2094.0,31752.49725145561,980.0,5,15,3080.0
2095.0,31770.158656037478,980.0,5,15,3080.0
2096.0,31787.746832527708,980.0,5,15,3080.0
2097.0,31805.243311884664,980.0,5,15,3080.0
2098.0,31822.669861654496,980.0,5,15,3080.0
2099.0,31840.027880428923,980.0,5,15,3080.0
2100.0,31857.318738827857,980.0,5,15,3080.0
2101.0,31874.54378005881,980.0,5,15,3080.0
2102.0,31891.704320465156,980.0,5,15,3080.0
2103.0,31908.80165006337,980.0,5,15,3080.0
2104.0,31925.83703306962,980.0,5,15,3080.0
2105.0,31942.811708415742,980.0,5,15,3080.0
2106.0,31959.726890254944,980.0,5,15,3080.0
2107.0,31976.58376845736,980.0,5,15,3080.0
2108.0,31993.383509095733,980.0,5,15,3080.0
2109.0,32010.12725492133,980.0,5,15,3080.0
2110.0,32026.81612583042,980.0,5,15,3080.0
2111.0,32043.451219321334,980.0,5,15,3080.0
2112.0,32060.033610942417,980.0,5,15,3080.0
2113.0,32075.564354731086,980.0,5,15,3080.0
2114.0,32091.044483643982,980.0,5,15,3080.0
2115.0,32106.475009978614,980.0,5,15,3080.0
2116.0,32121.85692578656,980.0,5,15,3080.0
2117.0,32137.191203278344,980.0,5,15,3080.0
2118.0,32152.478795220293,980.0,5,15,3080.0
2119.0,32167.72063532341,980.0,5,15,3080.0
2120.0,32182.917638624454,980.0,5,15,3080.0
2121.0,32198.070701859484,980.0,5,15,3080.0
2122.0,32213.18070382981,980.0,5,15,3080.0
2123.0,32228.24850576073,980.0,5,15,3080.0
2124.0,32243.274951653028,980.0,5,15,3080.0
2125.0,32258.26086862749,980.0,5,15,3080.0
2126.0,32273.20706726245,980.0,5,15,3080.0
2127.0,32288.114341924724,980.0,5,15,3080.0
2128.0,32302.983471093747,980.0,5,15,3080.0
2129.0,32317.81521767939,980.0,5,15,3080.0
2130.0,32332.61032933332,980.0,5,15,3080.0
2131.0,32347.369538754163,980.0,5,15,3080.0
2132.0,32362.0935639866,980.0,5,15,3080.0
2133.0,32376.783108714386,980.0,5,15,3080.0
2134.0,32391.438862547606,980.0,5,15,3080.0
2135.0,32406.06150130417,980.0,5,15,3080.0
2136.0,32419.65168728561,980.0,5,15,3080.0
2137.0,32433.21006954741,980.0,5,15,3080.0
2138.0,32446.737284163977,980.0,5,15,3080.0
2139.0,32460.233954488216,980.0,5,15,3080.0
2140.0,32473.700691405968,980.0,5,15,3080.0
2141.0,32487.138093585367,980.0,5,15,3080.0
2142.0,32500.546747721168,980.0,5,15,3080.0
2143.0,32513.927228774268,980.0,5,15,3080.0
2144.0,32526.480100206307,980.0,5,15,3080.0
2145.0,32539.28593926922,980.0,5,15,3080.0
2146.0,32552.36566155089,980.0,5,15,3080.0
2147.0,32565.719789386916,980.0,5,15,3080.0
2148.0,32579.348834666227,980.0,5,15,3080.0
2149.0,32593.253299039956,980.0,5,15,3080.0
2150.0,32607.433674126205,980.0,5,15,3080.0
2151.0,32621.870646132218,980.0,5,15,3080.0
2152.0,32636.56505146921,984.0,5,15,3076.0
2153.0,32651.537568699463,990.0,5,15,3070.0
2154.0,32666.765067019773,996.0,5,15,3064.0
2155.0,32682.205533216358,1002.0,5,15,3058.0
2156.0,32697.803190089002,1008.0,5,15,3052.0
2157.0,32713.558893824204,1014.0,5,15,3046.0
2158.0,32729.473483484697,1020.0,5,15,3040.0
2159.0,32745.54778135198,1026.0,5,15,3034.0
2160.0,32761.782593261916,1032.0,5,15,3028.0
2161.0,32778.17870893365,1038.0,5,15,3022.0
2162.0,32794.73690229195,1044.0,5,15,3016.0
2163.0,32811.45793178309,1050.0,5,15,3010.0
2164.0,32828.24254068441,1056.0,5,15,3004.0
2165.0,32844.9914574077,1062.0,5,15,2998.0
2166.0,32861.70539579652,1068.0,5,15,2992.0
2167.0,32878.385055417566,1074.0,5,15,2986.0
2168.0,32895.03112184619,1080.0,5,15,2980.0
2169.0,32911.64426694624,1086.0,5,15,2974.0
2170.0,32928.225149144295,1092.0,5,15,2968.0
2171.0,32944.774413698375,1098.0,5,15,2962.0
2172.0,32961.29269296139,1104.0,5,15,2956.0
2173.0,32977.78060663914,1110.0,5,15,2950.0
2174.0,32994.23876204334,1116.0,5,15,2944.0
2175.0,33010.66775433944,1122.0,5,15,2938.0
2176.0,33027.050834606336,1128.0,5,15,2932.0
2177.0,33043.386253267905,1134.0,5,15,2926.0
2178.0,33059.67496355623,1140.0,5,15,2920.0
2179.0,33075.91789963879,1146.0,5,15,2914.0
2180.0,33092.1159769997,1152.0,5,15,2908.0
2181.0,33108.2700928134,1158.0,5,15,2902.0
2182.0,33124.38112631082,1164.0,5,15,2896.0
2183.0,33140.449939138285,1170.0,5,15,2890.0
2184.0,33156.477375709204,1176.0,5,15,2884.0
2185.0,33172.46426354872,1182.0,5,15,2878.0
2186.0,33188.411413631424,1188.0,5,15,2872.0
2187.0,33204.51962071248,1190.0,6,14,2870.0
2188.0,33220.88966365192,1190.0,6,14,2870.0
2189.0,33237.522305732564,1190.0,6,14,2870.0
2190.0,33254.418294971605,1190.0,6,14,2870.0
2191.0,33271.57836442586,1190.0,6,14,2870.0
2192.0,33289.003232491035,1190.0,6,14,2870.0
2193.0,33306.68600071985,1190.0,6,14,2870.0
2194.0,33324.6151135841,1190.0,6,14,2870.0
2195.0,33342.79164419106,1190.0,6,14,2870.0
2196.0,33361.21664418588,1190.0,6,14,2870.0
2197.0,33379.8911441808,1190.0,6,14,2870.0
2198.0,33398.81526792196,1190.0,6,14,2870.0
2199.0,33417.97090918827,1190.0,6,14,2870.0
2200.0,33437.35943762927,1190.0,6,14,2870.0
2201.0,33456.98219550144,1190.0,6,14,2870.0
2202.0,33476.84049821617,1190.0,6,14,2870.0
2203.0,33496.93563487659,1190.0,6,14,2870.0
2204.0,33517.26886880383,1190.0,6,14,2870.0
2205.0,33537.84143805251,1190.0,6,14,2870.0
2206.0,33558.65455591622,1190.0,6,14,2870.0
2207.0,33579.501889218176,1190.0,6,14,2870.0
2208.0,33600.27227585409,1190.0,6,14,2870.0
2209.0,33620.9672547573,1190.0,6,14,2870.0
2210.0,33641.58833408244,1190.0,6,14,2870.0
2211.0,33662.136991821055,1190.0,6,14,2870.0
2212.0,33682.614676404926,1190.0,6,14,2870.0
2213.0,33703.0228072971,1190.0,6,14,2870.0
2214.0,33723.36277557143,1190.0,6,14,2870.0
2215.0,33743.635944480295,1190.0,6,14,2870.0
2216.0,33762.84365001097,1190.0,6,14,2870.0
2217.0,33781.987201431024,1190.0,6,14,2870.0
2218.0,33799.067881822695,1190.0,6,14,2870.0
2219.0,33816.08694860652,1190.0,6,14,2870.0
2220.0,33833.045634054666,1190.0,6,14,2870.0
2221.0,33849.94514579386,1190.0,6,14,2870.0
2222.0,33866.78666729826,1190.0,6,14,2870.0
2223.0,33883.57135837258,1190.0,6,14,2870.0
2224.0,33900.30035562541,1190.0,6,14,2870.0
2225.0,33916.97477293318,1190.0,6,14,2870.0
2226.0,33933.595701894796,1190.0,6,14,2870.0
2227.0,33950.16421227719,1190.0,6,14,2870.0
2228.0,33966.681352451924,1190.0,6,14,2870.0
2229.0,33983.14814982317,1190.0,6,14,2870.0
2230.0,33999.56561124699,1190.0,6,14,2870.0
2231.0,34015.934723442326,1190.0,6,14,2870.0
2232.0,34032.256453393755,1190.0,6,14,2870.0
2233.0,34048.53174874617,1190.0,6,14,2870.0
2234.0,34064.761538191524,1190.0,6,14,2870.0
2235.0,34080.94673184797,1190.0,6,14,2870.0
2236.0,34097.0882216313,1190.0,6,14,2870.0
2237.0,34113.18688161896,1190.0,6,14,2870.0
2238.0,34129.24356840686,1190.0,6,14,2870.0
2239.0,34145.25912145901,1190.0,6,14,2870.0
2240.0,34161.23436345011,1190.0,6,14,2870.0
2241.0,34177.17010060139,1190.0,6,14,2870.0
2242.0,34193.06712300964,1190.0,6,14,2870.0
2243.0,34208.92620496973,1190.0,6,14,2870.0
2244.0,34224.748105290615,1190.0,6,14,2870.0
2245.0,34239.53356760509,1190.0,6,14,2870.0
2246.0,34254.28332067326,1190.0,6,14,2870.0
2247.0,34268.99807868007,1190.0,6,14,2870.0
2248.0,34283.67854152676,1190.0,6,14,2870.0
2249.0,34298.32539511651,1190.0,6,14,2870.0
2250.0,34312.93931163446,1190.0,6,14,2870.0
2251.0,34327.52094982204,1190.0,6,14,2870.0
2252.0,34342.070955245894,1190.0,6,14,2870.0
2253.0,34356.58996056125,1190.0,6,14,2870.0
2254.0,34367.3823263633,1190.0,6,14,2870.0
2255.0,34376.62983718761,1190.0,6,14,2870.0
2256.0,34386.39894822523,1190.0,6,14,2870.0
2257.0,34396.69275368493,1190.0,6,14,2870.0
2258.0,34407.514311294755,1190.0,6,14,2870.0
2259.0,34418.859910579864,1190.0,6,14,2870.0
2260.0,34430.728597879264,1190.0,6,14,2870.0
2261.0,34443.08137970217,1192.0,6,14,2868.0
2262.0,34455.919413804,1196.0,6,14,2864.0
2263.0,34469.24433395297,1202.0,6,14,2858.0
2264.0,34483.09675569896,1208.0,6,14,2852.0
2265.0,34497.37456771018,1214.0,6,14,2846.0
2266.0,34511.99882348117,1220.0,6,14,2840.0
2267.0,34526.97059413674,1226.0,6,14,2834.0
2268.0,34542.29092937921,1232.0,6,14,2828.0
2269.0,34557.96085791682,1238.0,6,14,2822.0
2270.0,34573.98138788368,1244.0,6,14,2816.0
2271.0,34590.353507251195,1250.0,6,14,2810.0
2272.0,34607.07818423138,1256.0,6,14,2804.0
2273.0,34624.156367671945,1262.0,6,14,2798.0
2274.0,34641.3889874437,1268.0,6,14,2792.0
2275.0,34658.576954820026,1274.0,6,14,2786.0
2276.0,34675.72116284882,1280.0,6,14,2780.0
2277.0,34692.82248671704,1286.0,6,14,2774.0
2278.0,34709.8817841079,1292.0,6,14,2768.0
2279.0,34726.89989555094,1298.0,6,14,2762.0
2280.0,34743.87764476511,1304.0,6,14,2756.0
2281.0,34760.815838995004,1310.0,6,14,2750.0
2282.0,34777.7152693403,1316.0,6,14,2744.0
2283.0,34794.57671107869,1322.0,6,14,2738.0
2284.0,34811.40092398231,1328.0,6,14,2732.0
2285.0,34828.18865262786,1334.0,6,14,2726.0
2286.0,34844.940626700496,1340.0,6,14,2720.0
2287.0,34861.657561291686,1346.0,6,14,2714.0
2288.0,34878.34015719105,1352.0,6,14,2708.0
2289.0,34894.989101172425,1358.0,6,14,2702.0
2290.0,34911.60506627417,1364.0,6,14,2696.0
2291.0,34928.17325134792,1370.0,6,14,2690.0
2292.0,34944.690072720194,1376.0,6,14,2684.0
2293.0,34961.15655766503,1382.0,6,14,2678.0
2294.0,34977.573712910955,1388.0,6,14,2672.0
2295.0,34993.94252505198,1394.0,6,14,2666.0
2296.0,35010.26396095017,1400.0,7,13,2660.0
2297.0,35026.5389681304,1400.0,7,13,2660.0
2298.0,35037.36847516703,1400.0,7,13,2660.0
2299.0,35048.0643267746,1400.0,7,13,2660.0
2300.0,35059.205166171574,1400.0,7,13,2660.0
2301.0,35070.79893509794,1400.0,7,13,2660.0
2302.0,35082.84860100503,1400.0,7,13,2660.0
2303.0,35095.35586467628,1400.0,7,13,2660.0
2304.0,35108.321977871885,1400.0,7,13,2660.0
2305.0,35121.74799006974,1400.0,7,13,2660.0
2306.0,35135.63484216218,1400.0,7,13,2660.0
2307.0,35149.983408216416,1400.0,7,13,2660.0
2308.0,35164.794516405724,1400.0,7,13,2660.0
2309.0,35180.06896049678,1400.0,7,13,2660.0
2310.0,35195.807506634534,1400.0,7,13,2660.0
2311.0,35212.010897605694,1400.0,7,13,2660.0
2312.0,35228.65305568813,1400.0,7,13,2660.0
2313.0,35245.722020554116,1400.0,7,13,2660.0
2314.0,35263.21926804778,1400.0,7,13,2660.0
2315.0,35281.146242181625,1400.0,7,13,2660.0
2316.0,35299.48440523915,1400.0,7,13,2660.0
2317.0,35318.25549099082,1400.0,7,13,2660.0
2318.0,35337.46084635825,1400.0,7,13,2660.0
2319.0,35356.61372183405,1400.0,7,13,2660.0
2320.0,35375.70353980034,1400.0,7,13,2660.0
2321.0,35394.73156140731,1400.0,7,13,2660.0
2322.0,35413.69902258213,1400.0,7,13,2660.0
2323.0,35432.58717521951,1400.0,7,13,2660.0
2324.0,35451.417564804135,1400.0,7,13,2660.0
2325.0,35470.19134659707,1400.0,7,13,2660.0
2326.0,35488.90965275415,1400.0,7,13,2660.0
2327.0,35507.57359278808,1400.0,7,13,2660.0
2328.0,35526.18425402134,1400.0,7,13,2660.0
2329.0,35544.74270202993,1400.0,7,13,2660.0
2330.0,35563.24998107835,1400.0,7,13,2660.0
2331.0,35581.707114545796,1400.0,7,13,2660.0
2332.0,35600.1151053439,1400.0,7,13,2660.0
2333.0,35618.474936326034,1400.0,7,13,2660.0
2334.0,35636.78757068853,1400.0,7,13,2660.0
2335.0,35655.053952363785,1400.0,7,13,2660.0
2336.0,35673.27500640552,1400.0,7,13,2660.0
2337.0,35691.45163936643,1400.0,7,13,2660.0
2338.0,35709.58473966812,1400.0,7,13,2660.0
2339.0,35727.67517796378,1400.0,7,13,2660.0
2340.0,35745.72380749352,1400.0,7,13,2660.0
2341.0,35763.73146443267,1400.0,7,13,2660.0
2342.0,35781.698968233024,1400.0,7,13,2660.0
2343.0,35799.62712195739,1400.0,7,13,2660.0
2344.0,35817.516712607256,1400.0,7,13,2660.0
2345.0,35835.368511444125,1400.0,7,13,2660.0
2346.0,35853.18327430426,1400.0,7,13,2660.0
2347.0,35870.961741907195,1400.0,7,13,2660.0
2348.0,35888.704640158074,1400.0,7,13,2660.0
2349.0,35906.41268044392,1400.0,7,13,2660.0
2350.0,35924.086559924064,1400.0,7,13,2660.0
2351.0,35941.7269618146,1400.0,7,13,2660.0
2352.0,35958.33455566732,1400.0,7,13,2660.0
2353.0,35974.90999764299,1400.0,7,13,2660.0
2354.0,35991.45393077916,1400.0,7,13,2660.0
2355.0,36007.96698525259,1400.0,7,13,2660.0
2356.0,36024.449778636554,1400.0,7,13,2660.0
2357.0,36040.902916152845,1400.0,7,13,2660.0
2358.0,36057.3269909188,1400.0,7,13,2660.0
2359.0,36072.72258418944,1400.0,7,13,2660.0
2360.0,36088.09026559467,1400.0,7,13,2660.0
2361.0,36103.4305933718,1400.0,7,13,2660.0
2362.0,36118.74411459337,1400.0,7,13,2660.0
2363.0,36134.031365390525,1400.0,7,13,2660.0
2364.0,36149.29287117173,1400.0,7,13,2660.0
2365.0,36164.52914683732,1400.0,7,13,2660.0
2366.0,36179.74069698959,1400.0,7,13,2660.0
2367.0,36194.928016138816,1400.0,7,13,2660.0
2368.0,36209.09158890505,1400.0,7,13,2660.0
2369.0,36223.21198167921,1400.0,7,13,2660.0
2370.0,36237.30996659788,1400.0,7,13,2660.0
2371.0,36251.385991818184,1400.0,7,13,2660.0
2372.0,36265.44049653407,1400.0,7,13,2660.0
2373.0,36279.47391115565,1400.0,7,13,2660.0
2374.0,36293.48665748479,1400.0,7,13,2660.0
2375.0,36307.47914888735,1400.0,7,13,2660.0
2376.0,36321.45179046186,1400.0,7,13,2660.0
2377.0,36335.40497920488,1400.0,7,13,2660.0
2378.0,36349.33910417304,1400.0,7,13,2660.0
2379.0,36363.25454664184,1400.0,7,13,2660.0
2380.0,36377.15168026126,1400.0,7,13,2660.0
2381.0,36391.03087120829,1400.0,7,13,2660.0
2382.0,36404.892478336384,1400.0,7,13,2660.0
2383.0,36418.73685332191,1400.0,7,13,2660.0
2384.0,36432.56434080773,1400.0,7,13,2660.0
2385.0,36446.375278543834,1400.0,7,13,2660.0
2386.0,36460.16999752521,1400.0,7,13,2660.0
2387.0,36473.929118582564,1400.0,7,13,2660.0
2388.0,36487.67305721877,1400.0,7,13,2660.0
2389.0,36501.40211708226,1400.0,7,13,2660.0
2390.0,36514.16659574847,1400.0,7,13,2660.0
2391.0,36527.21678484137,1400.0,7,13,2660.0
2392.0,36540.53313326087,1400.0,7,13,2660.0
2393.0,36554.13615471198,1400.0,7,13,2660.0
2394.0,36568.00938196233,1400.0,7,13,2660.0
2395.0,36582.11614466766,1400.0,7,13,2660.0
2396.0,36596.456772118894,1400.0,7,13,2660.0
2397.0,36611.0315870211,1400.0,7,13,2660.0
2398.0,36625.840905625264,1400.0,7,13,2660.0
2399.0,36640.88503785733,1400.0,7,13,2660.0
2400.0,36656.16428744478,1400.0,7,13,2660.0
2401.0,36671.65924690234,1405.0,7,13,2655.0
2402.0,36687.39030717075,1411.0,7,13,2649.0
2403.0,36703.357746233785,1417.0,7,13,2643.0
2404.0,36719.56183651556,1423.0,7,13,2637.0
2405.0,36736.00284499171,1429.0,7,13,2631.0
2406.0,36752.68103329834,1435.0,7,13,2625.0
2407.0,36769.59665783882,1441.0,7,13,2619.0
2408.0,36786.685435563515,1447.0,7,13,2613.0
2409.0,36803.94543773372,1453.0,7,13,2607.0
2410.0,36821.32723986051,1459.0,7,13,2601.0
2411.0,36838.681405944764,1465.0,7,13,2595.0
2412.0,36856.008488707346,1471.0,7,13,2589.0
2413.0,36873.30902981466,1477.0,7,13,2583.0
2414.0,36890.58356009985,1483.0,7,13,2577.0
2415.0,36907.83259977932,1489.0,7,13,2571.0
2416.0,36925.0566586652,1495.0,7,13,2565.0
2417.0,36942.25623637337,1501.0,7,13,2559.0
2418.0,36958.43182252737,1507.0,7,13,2553.0
2419.0,36974.5838969583,1513.0,7,13,2547.0
2420.0,36989.7129299006,1519.0,7,13,2541.0
2421.0,37004.819382184054,1525.0,7,13,2535.0
2422.0,37019.90370542185,1531.0,7,13,2529.0
2423.0,37034.96634219488,1537.0,7,13,2523.0
2424.0,37050.00772623245,1543.0,7,13,2517.0
2425.0,37065.00861707762,1549.0,7,13,2511.0
2426.0,37079.96979771786,1555.0,7,13,2505.0
2427.0,37094.91175474529,1561.0,7,13,2499.0
2428.0,37109.83487263218,1567.0,7,13,2493.0
2429.0,37124.73952816133,1573.0,7,13,2487.0
2430.0,37139.62609057989,1579.0,7,13,2481.0
2431.0,37154.49492175008,1585.0,7,13,2475.0
2432.0,37169.34637629687,1591.0,7,13,2469.0
2433.0,37184.160998263236,1597.0,7,13,2463.0
2434.0,37198.959327790275,1603.0,7,13,2457.0
2435.0,37213.741690726776,1609.0,7,13,2451.0
2436.0,37228.75840640455,1610.0,8,12,2450.0
2437.0,37244.05978776876,1610.0,8,12,2450.0
2438.0,37259.64614150569,1610.0,8,12,2450.0
2439.0,37275.517768167876,1610.0,8,12,2450.0
2440.0,37291.67496229682,1610.0,8,12,2450.0
2441.0,37308.11801254319,1610.0,8,12,2450.0
2442.0,37324.847201784636,1610.0,8,12,2450.0
2443.0,37341.86280724125,1610.0,8,12,2450.0
2444.0,37359.137273861474,1610.0,8,12,2450.0
2445.0,37376.64261055201,1610.0,8,12,2450.0
2446.0,37394.37684050875,1610.0,8,12,2450.0
2447.0,37412.34138586634,1610.0,8,12,2450.0
2448.0,37430.5376403168,1610.0,8,12,2450.0
2449.0,37448.96696967822,1610.0,8,12,2450.0
2450.0,37467.63071245243,1610.0,8,12,2450.0
2451.0,37486.530180371155,1610.0,8,12,2450.0
2452.0,37505.66665893151,1610.0,8,12,2450.0
2453.0,37525.041407920646,1610.0,8,12,2450.0
2454.0,37544.6415418218,1610.0,8,12,2450.0
2455.0,37564.46267304493,1610.0,8,12,2450.0
2456.0,37584.256381643594,1610.0,8,12,2450.0
2457.0,37603.974216070295,1610.0,8,12,2450.0
2458.0,37623.61769380845,1610.0,8,12,2450.0
2459.0,37643.188301991846,1610.0,8,12,2450.0
2460.0,37662.68749801158,1610.0,8,12,2450.0
2461.0,37682.11671011092,1610.0,8,12,2450.0
2462.0,37701.477337968274,1610.0,8,12,2450.0
2463.0,37720.770753268465,1610.0,8,12,2450.0
2464.0,37739.99830026267,1610.0,8,12,2450.0
2465.0,37759.16129631698,1610.0,8,12,2450.0
2466.0,37778.26103245022,1610.0,8,12,2450.0
2467.0,37797.29877386078,1610.0,8,12,2450.0
2468.0,37816.275760443124,1610.0,8,12,2450.0
2469.0,37835.193207293836,1610.0,8,12,2450.0
2470.0,37854.05230520752,1610.0,8,12,2450.0
2471.0,37872.85422116294,1610.0,8,12,2450.0
2472.0,37891.600098799245,1610.0,8,12,2450.0
2473.0,37910.29105888283,1610.0,8,12,2450.0
2474.0,37928.92819976475,1610.0,8,12,2450.0
2475.0,37947.512597829016,1610.0,8,12,2450.0
2476.0,37966.045307932,1610.0,8,12,2450.0
2477.0,37984.52736383294,1610.0,8,12,2450.0
2478.0,38002.95977861584,1610.0,8,12,2450.0
2479.0,38020.294025268995,1610.0,8,12,2450.0
2480.0,38035.68350499483,1610.0,8,12,2450.0
2481.0,38051.13002200878,1610.0,8,12,2450.0
2482.0,38066.63494801573,1610.0,8,12,2450.0
2483.0,38082.19971449508,1610.0,8,12,2450.0
2484.0,38097.805885321875,1610.0,8,12,2450.0
2485.0,38113.47541954508,1610.0,8,12,2450.0
2486.0,38129.21005786577,1610.0,8,12,2450.0
2487.0,38145.01171730431,1610.0,8,12,2450.0
2488.0,38160.88254473598,1610.0,8,12,2450.0
2489.0,38176.82498627652,1610.0,8,12,2450.0
2490.0,38192.841876078266,1610.0,8,12,2450.0
2491.0,38208.93654691617,1610.0,8,12,2450.0
2492.0,38225.112960861254,1610.0,8,12,2450.0
2493.0,38241.37584885141,1610.0,8,12,2450.0
2494.0,38257.7308307609,1610.0,8,12,2450.0
2495.0,38274.1844646124,1610.0,8,12,2450.0
2496.0,38290.74415848791,1610.0,8,12,2450.0
2497.0,38307.41789830362,1610.0,8,12,2450.0
2498.0,38324.21381557053,1610.0,8,12,2450.0
2499.0,38341.139707298746,1610.0,8,12,2450.0
2500.0,38358.052650279606,1610.0,8,12,2450.0
2501.0,38374.95879421818,1610.0,8,12,2450.0
2502.0,38391.86332831828,1610.0,8,12,2450.0
2503.0,38408.7705620636,1610.0,8,12,2450.0
2504.0,38425.66419786246,1610.0,8,12,2450.0
2505.0,38442.54751647801,1610.0,8,12,2450.0
2506.0,38459.423651804645,1612.0,8,12,2448.0
2507.0,38476.31471328179,1618.0,8,12,2442.0
2508.0,38493.222459881086,1624.0,8,12,2436.0
2509.0,38510.14841345756,1630.0,8,12,2430.0
2510.0,38527.09390750875,1636.0,8,12,2424.0
2511.0,38544.06012460679,1642.0,8,12,2418.0
2512.0,38561.04812520259,1648.0,8,12,2412.0
2513.0,38578.058869903645,1654.0,8,12,2406.0
2514.0,38595.09323681963,1660.0,8,12,2400.0
2515.0,38612.15203517121,1666.0,8,12,2394.0
2516.0,38629.22282166545,1672.0,8,12,2388.0
2517.0,38646.2721924298,1678.0,8,12,2382.0
2518.0,38663.30057577887,1684.0,8,12,2376.0
2519.0,38680.308391460945,1690.0,8,12,2370.0
2520.0,38697.29605082939,1696.0,8,12,2364.0
2521.0,38714.263957010466,1702.0,8,12,2358.0
2522.0,38731.21250506792,1708.0,8,12,2352.0
2523.0,38748.142082164224,1714.0,8,12,2346.0
2524.0,38765.053067718596,1720.0,8,12,2340.0
2525.0,38781.945833561884,1726.0,8,12,2334.0
2526.0,38798.82074408831,1732.0,8,12,2328.0
2527.0,38815.67815640421,1738.0,8,12,2322.0
2528.0,38832.518420473774,1744.0,8,12,2316.0
2529.0,38849.34187926197,1750.0,8,12,2310.0
2530.0,38866.14886887439,1756.0,8,12,2304.0
2531.0,38882.939718694564,1762.0,8,12,2298.0
2532.0,38899.71475151833,1768.0,8,12,2292.0
2533.0,38916.47428368563,1774.0,8,12,2286.0
2534.0,38933.21862520958,1780.0,8,12,2280.0
2535.0,38949.94807990304,1786.0,8,12,2274.0
2536.0,38966.66294550264,1792.0,8,12,2268.0
2537.0,38983.36351379025,1798.0,8,12,2262.0
2538.0,39000.0500707121,1804.0,8,12,2256.0
2539.0,39016.72289649553,1810.0,8,12,2250.0
2540.0,39033.38226576328,1816.0,8,12,2244.0
2541.0,39050.12844764567,1820.0,9,11,2240.0
2542.0,39067.16170589042,1820.0,9,11,2240.0
2543.0,39084.48229897027,1820.0,9,11,2240.0
2544.0,39102.090480188526,1820.0,9,11,2240.0
2545.0,39119.98649778242,1820.0,9,11,2240.0
2546.0,39138.170595024436,1820.0,9,11,2240.0
2547.0,39156.643010321604,1820.0,9,11,2240.0
2548.0,39175.40397731283,1820.0,9,11,2240.0
2549.0,39194.45372496424,1820.0,9,11,2240.0
2550.0,39213.79247766261,1820.0,9,11,2240.0
2551.0,39233.42045530702,1820.0,9,11,2240.0
2552.0,39253.337873398545,1820.0,9,11,2240.0
2553.0,39273.54494312823,1820.0,9,11,2240.0
2554.0,39294.04187146333,1820.0,9,11,2240.0
2555.0,39314.82886123172,1820.0,9,11,2240.0
2556.0,39335.90611120475,1820.0,9,11,2240.0
2557.0,39357.27381617832,1820.0,9,11,2240.0
2558.0,39378.93216705242,1820.0,9,11,2240.0
2559.0,39400.881350909025,1820.0,9,11,2240.0
2560.0,39423.1215510885,1820.0,9,11,2240.0
2561.0,39445.55294726439,1820.0,9,11,2240.0
2562.0,39467.97571551677,1820.0,9,11,2240.0
2563.0,39490.390028404094,1820.0,9,11,2240.0
2564.0,39512.79605503367,1820.0,9,11,2240.0
2565.0,39535.19396113066,1820.0,9,11,2240.0
2566.0,39557.583909105706,1820.0,9,11,2240.0
2567.0,39579.96605812125,1820.0,9,11,2240.0
2568.0,39602.34056415649,1820.0,9,11,2240.0
2569.0,39624.70758007102,1820.0,9,11,2240.0
2570.0,39647.06725566726,1820.0,9,11,2240.0
2571.0,39669.41973775158,1820.0,9,11,2240.0
2572.0,39691.76517019421,1820.0,9,11,2240.0
2573.0,39714.103693987985,1820.0,9,11,2240.0
2574.0,39736.43544730589,1820.0,9,11,2240.0
2575.0,39758.76056555743,1820.0,9,11,2240.0
2576.0,39781.079181443936,1820.0,9,11,2240.0
2577.0,39803.39142501272,1820.0,9,11,2240.0
2578.0,39825.69742371013,1820.0,9,11,2240.0
2579.0,39847.99730243359,1820.0,9,11,2240.0
2580.0,39870.29118358258,1820.0,9,11,2240.0
2581.0,39892.57918710859,1820.0,9,11,2240.0
2582.0,39914.86143056408,1820.0,9,11,2240.0
2583.0,39937.138029150454,1820.0,9,11,2240.0
2584.0,39959.409095765106,1820.0,9,11,2240.0
2585.0,39981.67474104746,1820.0,9,11,2240.0
2586.0,40003.935073424174,1820.0,9,11,2240.0
2587.0,40026.19019915335,1820.0,9,11,2240.0
2588.0,40048.44022236795,1820.0,9,11,2240.0
2589.0,40070.68524511825,1820.0,9,11,2240.0
2590.0,40092.92536741355,1820.0,9,11,2240.0
2591.0,40115.16068726294,1820.0,9,11,2240.0
2592.0,40137.39130071534,1820.0,9,11,2240.0
2593.0,40159.59740650146,1820.0,9,11,2240.0
2594.0,40181.79939017185,1820.0,9,11,2240.0
2595.0,40203.997334168846,1820.0,9,11,2240.0
2596.0,40226.19131928589,1820.0,9,11,2240.0
2597.0,40248.381424700594,1820.0,9,11,2240.0
2598.0,40270.56772800701,1820.0,9,11,2240.0
2599.0,40292.7503052473,1820.0,9,11,2240.0
2600.0,40314.929230942784,1820.0,9,11,2240.0
2601.0,40337.104578124345,1820.0,9,11,2240.0
2602.0,40359.276418362286,1820.0,9,11,2240.0
2603.0,40381.44482179547,1820.0,9,11,2240.0
2604.0,40403.60985715998,1820.0,9,11,2240.0
2605.0,40425.7715918172,1820.0,9,11,2240.0
2606.0,40447.93009178129,1820.0,9,11,2240.0
2607.0,40470.08542174609,1820.0,9,11,2240.0
2608.0,40492.23764511159,1820.0,9,11,2240.0
2609.0,40514.38682400979,1820.0,9,11,2240.0
2610.0,40536.53301933001,1820.0,9,11,2240.0
2611.0,40558.67629074384,1820.0,9,11,2240.0
2612.0,40580.81669672939,1820.0,9,11,2240.0
2613.0,40602.95429459522,1820.0,9,11,2240.0
2614.0,40625.08914050375,1820.0,9,11,2240.0
2615.0,40647.2212894941,1820.0,9,11,2240.0
2616.0,40669.350795504644,1820.0,9,11,2240.0
2617.0,40691.477711394975,1820.0,9,11,2240.0
2618.0,40713.6020889675,1820.0,9,11,2240.0
2619.0,40735.72397898858,1820.0,9,11,2240.0
2620.0,40757.84343120923,1820.0,9,11,2240.0
2621.0,40779.96049438547,1820.0,9,11,2240.0
2622.0,40802.07521629819,1820.0,9,11,2240.0
2623.0,40824.187643772646,1820.0,9,11,2240.0
2624.0,40846.29782269762,1820.0,9,11,2240.0
2625.0,40868.405798044085,1820.0,9,11,2240.0
2626.0,40890.51161388363,1820.0,9,11,2240.0
2627.0,40912.615313406386,1820.0,9,11,2240.0
2628.0,40934.71693893869,1820.0,9,11,2240.0
2629.0,40956.816531960336,1820.0,9,11,2240.0
2630.0,40978.91413312155,1820.0,9,11,2240.0
2631.0,41001.00978225955,1820.0,9,11,2240.0
2632.0,41023.103518414784,1820.0,9,11,2240.0
2633.0,41045.19537984692,1820.0,9,11,2240.0
2634.0,41067.2854040504,1820.0,9,11,2240.0
2635.0,41089.37362776982,1820.0,9,11,2240.0
2636.0,41111.46008701485,1820.0,9,11,2240.0
2637.0,41133.5249225892,1820.0,9,11,2240.0
2638.0,41155.54887901017,1820.0,9,11,2240.0
2639.0,41177.57235630273,1820.0,9,11,2240.0
2640.0,41199.59536404943,1820.0,9,11,2240.0
2641.0,41221.6179116412,1820.0,9,11,2240.0
2642.0,41243.640008281145,1820.0,9,11,2240.0
2643.0,41265.66166298828,1820.0,9,11,2240.0
2644.0,41287.68288460127,1820.0,9,11,2240.0
2645.0,41309.70368178201,1820.0,9,11,2240.0
2646.0,41331.72406301913,1820.0,9,11,2240.0
2647.0,41353.72406301913,1826.0,9,11,2234.0
2648.0,41375.72406301913,1832.0,9,11,2228.0
2649.0,41397.72406301913,1838.0,9,11,2222.0
2650.0,41419.72406301913,1844.0,9,11,2216.0
2651.0,41441.72406301913,1850.0,9,11,2210.0
2652.0,41463.72406301913,1856.0,9,11,2204.0
2653.0,41485.72406301913,1862.0,9,11,2198.0
2654.0,41507.72406301913,1868.0,9,11,2192.0
2655.0,41529.72406301913,1874.0,9,11,2186.0
2656.0,41551.72406301913,1880.0,9,11,2180.0
2657.0,41573.72406301913,1886.0,9,11,2174.0
2658.0,41595.72406301913,1892.0,9,11,2168.0
2659.0,41617.72406301913,1898.0,9,11,2162.0
2660.0,41639.72406301913,1904.0,9,11,2156.0
2661.0,41661.72406301913,1910.0,9,11,2150.0
2662.0,41683.72406301913,1916.0,9,11,2144.0
2663.0,41705.72406301913,1922.0,9,11,2138.0
2664.0,41727.72406301913,1928.0,9,11,2132.0
2665.0,41749.72406301913,1934.0,9,11,2126.0
2666.0,41771.72406301913,1940.0,9,11,2120.0
2667.0,41793.72406301913,1946.0,9,11,2114.0
2668.0,41815.72406301913,1952.0,9,11,2108.0
2669.0,41837.72406301913,1958.0,9,11,2102.0
2670.0,41859.72406301913,1964.0,9,11,2096.0
2671.0,41881.72406301913,1970.0,9,11,2090.0
2672.0,41903.72406301913,1976.0,9,11,2084.0
2673.0,41925.72406301913,1982.0,9,11,2078.0
2674.0,41947.72406301913,1988.0,9,11,2072.0
2675.0,41969.72406301913,1994.0,9,11,2066.0
2676.0,41991.72406301913,2000.0,9,11,2060.0
2677.0,42013.72406301913,2006.0,9,11,2054.0
2678.0,42035.72406301913,2012.0,9,11,2048.0
2679.0,42057.72406301913,2018.0,9,11,2042.0
2680.0,42079.72406301913,2024.0,9,11,2036.0
2681.0,42101.72406301913,2030.0,10,10,2030.0
2682.0,42124.02406301913,2030.0,10,10,2030.0
2683.0,42146.62406301913,2030.0,10,10,2030.0
2684.0,42169.52406301913,2030.0,10,10,2030.0
2685.0,42192.72406301913,2030.0,10,10,2030.0
2686.0,42216.22406301913,2030.0,10,10,2030.0
2687.0,42240.02406301913,2030.0,10,10,2030.0
2688.0,42264.12406301913,2030.0,10,10,2030.0
2689.0,42288.52406301913,2030.0,10,10,2030.0
2690.0,42313.22406301913,2030.0,10,10,2030.0
2691.0,42338.22406301913,2030.0,10,10,2030.0
2692.0,42363.52406301913,2030.0,10,10,2030.0
2693.0,42389.12406301913,2030.0,10,10,2030.0
2694.0,42415.02406301913,2030.0,10,10,2030.0
2695.0,42441.22406301913,2030.0,10,10,2030.0
2696.0,42467.72406301913,2030.0,10,10,2030.0
2697.0,42494.52406301913,2030.0,10,10,2030.0
2698.0,42521.62406301913,2030.0,10,10,2030.0
2699.0,42549.02406301913,2030.0,10,10,2030.0
2700.0,42576.72406301913,2030.0,10,10,2030.0
2701.0,42604.72406301913,2030.0,10,10,2030.0
2702.0,42632.72406301913,2030.0,10,10,2030.0
2703.0,42660.72406301913,2030.0,10,10,2030.0
2704.0,42688.72406301913,2030.0,10,10,2030.0
2705.0,42716.72406301913,2030.0,10,10,2030.0
2706.0,42744.72406301913,2030.0,10,10,2030.0
2707.0,42772.72406301913,2030.0,10,10,2030.0
2708.0,42800.72406301913,2030.0,10,10,2030.0
2709.0,42828.72406301913,2030.0,10,10,2030.0
2710.0,42856.72406301913,2030.0,10,10,2030.0
2711.0,42884.72406301913,2030.0,10,10,2030.0
2712.0,42912.72406301913,2030.0,10,10,2030.0
2713.0,42940.72406301913,2030.0,10,10,2030.0
2714.0,42968.72406301913,2030.0,10,10,2030.0
2715.0,42996.72406301913,2030.0,10,10,2030.0
2716.0,43024.72406301913,2030.0,10,10,2030.0
2717.0,43052.72406301913,2030.0,10,10,2030.0
2718.0,43080.72406301913,2030.0,10,10,2030.0
2719.0,43108.72406301913,2030.0,10,10,2030.0
2720.0,43136.72406301913,2030.0,10,10,2030.0
2721.0,43164.72406301913,2030.0,10,10,2030.0
2722.0,43192.72406301913,2030.0,10,10,2030.0
2723.0,43220.72406301913,2030.0,10,10,2030.0
2724.0,43248.72406301913,2030.0,10,10,2030.0
2725.0,43276.72406301913,2030.0,10,10,2030.0
2726.0,43304.72406301913,2030.0,10,10,2030.0
2727.0,43332.72406301913,2030.0,10,10,2030.0
2728.0,43360.72406301913,2030.0,10,10,2030.0
2729.0,43388.72406301913,2030.0,10,10,2030.0
2730.0,43416.72406301913,2030.0,10,10,2030.0
2731.0,43444.72406301913,2030.0,10,10,2030.0
2732.0,43472.72406301913,2030.0,10,10,2030.0
2733.0,43500.72406301913,2030.0,10,10,2030.0
2734.0,43528.72406301913,2030.0,10,10,2030.0
2735.0,43556.72406301913,2030.0,10,10,2030.0
2736.0,43584.72406301913,2030.0,10,10,2030.0
2737.0,43612.72406301913,2030.0,10,10,2030.0
2738.0,43640.72406301913,2030.0,10,10,2030.0
2739.0,43668.72406301913,2030.0,10,10,2030.0
2740.0,43696.72406301913,2030.0,10,10,2030.0
2741.0,43724.72406301913,2030.0,10,10,2030.0
2742.0,43752.72406301913,2030.0,10,10,2030.0
2743.0,43780.72406301913,2030.0,10,10,2030.0
2744.0,43808.72406301913,2030.0,10,10,2030.0
2745.0,43836.72406301913,2030.0,10,10,2030.0
2746.0,43864.72406301913,2030.0,10,10,2030.0
2747.0,43892.72406301913,2030.0,10,10,2030.0
2748.0,43920.72406301913,2030.0,10,10,2030.0
2749.0,43948.72406301913,2030.0,10,10,2030.0
2750.0,43976.72406301913,2030.0,10,10,2030.0
2751.0,44004.72406301913,2030.0,10,10,2030.0
2752.0,44032.72406301913,2030.0,10,10,2030.0
2753.0,44060.72406301913,2030.0,10,10,2030.0
2754.0,44088.72406301913,2030.0,10,10,2030.0
2755.0,44116.72406301913,2030.0,10,10,2030.0
2756.0,44144.72406301913,2030.0,10,10,2030.0
2757.0,44172.72406301913,2030.0,10,10,2030.0
2758.0,44200.72406301913,2030.0,10,10,2030.0
2759.0,44228.72406301913,2030.0,10,10,2030.0
2760.0,44256.72406301913,2030.0,10,10,2030.0
2761.0,44284.72406301913,2030.0,10,10,2030.0
2762.0,44312.72406301913,2030.0,10,10,2030.0
2763.0,44340.72406301913,2030.0,10,10,2030.0
2764.0,44368.72406301913,2030.0,10,10,2030.0
2765.0,44396.72406301913,2030.0,10,10,2030.0
2766.0,44424.72406301913,2030.0,10,10,2030.0
2767.0,44452.72406301913,2030.0,10,10,2030.0
2768.0,44480.72406301913,2030.0,10,10,2030.0
2769.0,44508.72406301913,2030.0,10,10,2030.0
2770.0,44536.72406301913,2030.0,10,10,2030.0
2771.0,44564.72406301913,2030.0,10,10,2030.0
2772.0,44592.72406301913,2030.0,10,10,2030.0
2773.0,44620.72406301913,2030.0,10,10,2030.0
2774.0,44648.72406301913,2030.0,10,10,2030.0
2775.0,44676.72406301913,2030.0,10,10,2030.0
2776.0,44704.72406301913,2030.0,10,10,2030.0
2777.0,44732.72406301913,2030.0,10,10,2030.0
2778.0,44760.72406301913,2030.0,10,10,2030.0
2779.0,44788.72406301913,2030.0,10,10,2030.0
2780.0,44816.72406301913,2030.0,10,10,2030.0
2781.0,44844.72406301913,2030.0,10,10,2030.0
2782.0,44872.72406301913,2030.0,10,10,2030.0
2783.0,44900.72406301913,2030.0,10,10,2030.0
2784.0,44928.69406602961,2030.0,10,10,2030.0
2785.0,44956.55538615469,2030.0,10,10,2030.0
2786.0,44984.29947987724,2030.0,10,10,2030.0
2787.0,45011.928691725334,2030.0,10,10,2030.0
2788.0,45039.445319336475,2030.0,10,10,2030.0
2789.0,45066.8516143954,2030.0,10,10,2030.0
2790.0,45094.14978355314,2030.0,10,10,2030.0
2791.0,45121.341989327724,2030.0,10,10,2030.0
2792.0,45148.43035098682,2030.0,10,10,2030.0
2793.0,45175.41694541273,2030.0,10,10,2030.0
2794.0,45202.303807950135,2030.0,10,10,2030.0
2795.0,45229.092933236774,2030.0,10,10,2030.0
2796.0,45255.786276017694,2030.0,10,10,2030.0
2797.0,45282.38575194299,2030.0,10,10,2030.0
2798.0,45308.893238349774,2030.0,10,10,2030.0
2799.0,45335.31057502842,2030.0,10,10,2030.0
2800.0,45361.639564973506,2030.0,10,10,2030.0
2801.0,45387.88197511968,2030.0,10,10,2030.0
2802.0,45412.03953706295,2030.0,10,10,2030.0
2803.0,45436.113947767335,2030.0,10,10,2030.0
2804.0,45460.10687025764,2030.0,10,10,2030.0
2805.0,45484.01993429813,2030.0,10,10,2030.0
2806.0,45507.854737057816,2030.0,10,10,2030.0
2807.0,45531.61284376231,2030.0,10,10,2030.0
2808.0,45555.29578833272,2030.0,10,10,2030.0
2809.0,45578.905074011716,2030.0,10,10,2030.0
2810.0,45602.44217397712,2030.0,10,10,2030.0
2811.0,45625.90853194323,2030.0,10,10,2030.0
2812.0,45649.305562750014,2030.0,10,10,2030.0
2813.0,45672.63465294067,2030.0,10,10,2030.0
2814.0,45695.897161327506,2030.0,10,10,2030.0
2815.0,45719.0944195466,2030.0,10,10,2030.0
2816.0,45742.22773260132,2030.0,10,10,2030.0
2817.0,45765.29837939494,2030.0,10,10,2030.0
2818.0,45788.30761325269,2030.0,10,10,2030.0
2819.0,45811.25666243329,2030.0,10,10,2030.0
2820.0,45834.146730630266,2030.0,10,10,2030.0
2821.0,45856.97899746332,2030.0,10,10,2030.0
2822.0,45879.75461895969,2030.0,10,10,2030.0
2823.0,45902.47472802615,2030.0,10,10,2030.0
2824.0,45925.140434911285,2030.0,10,10,2030.0
2825.0,45947.7528276587,2030.0,10,10,2030.0
2826.0,45970.31297255118,2030.0,10,10,2030.0
2827.0,45992.821914545806,2030.0,10,10,2030.0
2828.0,46015.28067770054,2030.0,10,10,2030.0
2829.0,46037.69026559217,2030.0,10,10,2030.0
2830.0,46060.051661725985,2030.0,10,10,2030.0
2831.0,46082.36582993711,2030.0,10,10,2030.0
2832.0,46104.63371478402,2030.0,10,10,2030.0
2833.0,46126.85624193399,2030.0,10,10,2030.0
2834.0,46149.03431854096,2030.0,10,10,2030.0
2835.0,46171.16883361579,2030.0,10,10,2030.0
2836.0,46193.260658389125,2030.0,10,10,2030.0
2837.0,46215.310646666985,2030.0,10,10,2030.0
2838.0,46237.31963517929,2030.0,10,10,2030.0
2839.0,46259.28844392136,2030.0,10,10,2030.0
2840.0,46281.21787648858,2030.0,10,10,2030.0
2841.0,46303.10872040446,2030.0,10,10,2030.0
2842.0,46324.961747442016,2030.0,10,10,2030.0
2843.0,46346.77771393883,2030.0,10,10,2030.0
2844.0,46368.557361105704,2030.0,10,10,2030.0
2845.0,46390.30141532924,2030.0,10,10,2030.0
2846.0,46412.0105884683,2030.0,10,10,2030.0
2847.0,46433.68557814458,2030.0,10,10,2030.0
2848.0,46455.32706802734,2030.0,10,10,2030.0
2849.0,46476.93572811245,2030.0,10,10,2030.0
2850.0,46498.51221499585,2030.0,10,10,2030.0
2851.0,46520.05717214158,2030.0,10,10,2030.0
2852.0,46541.5712301444,2030.0,10,10,2030.0
2853.0,46563.05500698715,2030.0,10,10,2030.0
2854.0,46584.50910829306,2030.0,10,10,2030.0
2855.0,46605.93412757285,2030.0,10,10,2030.0
2856.0,46627.330646467046,2030.0,10,10,2030.0
2857.0,46648.69923498335,2030.0,10,10,2030.0
2858.0,46670.040451729335,2030.0,10,10,2030.0
2859.0,46691.3548441404,2030.0,10,10,2030.0
2860.0,46712.64294870324,2030.0,10,10,2030.0
2861.0,46733.90529117482,2030.0,10,10,2030.0
2862.0,46755.14238679698,2030.0,10,10,2030.0
2863.0,46776.354740506686,2030.0,10,10,2030.0
2864.0,46797.5428471422,2030.0,10,10,2030.0
2865.0,46818.70719164501,2030.0,10,10,2030.0
2866.0,46839.848249257746,2030.0,10,10,2030.0
2867.0,46860.96648571825,2030.0,10,10,2030.0
2868.0,46882.06235744953,2030.0,10,10,2030.0
2869.0,46903.13631174619,2030.0,10,10,2030.0
2870.0,46924.18878695692,2030.0,10,10,2030.0
2871.0,46945.22021266343,2030.0,10,10,2030.0
2872.0,46966.231009855816,2030.0,10,10,2030.0
2873.0,46987.22159110434,2030.0,10,10,2030.0
2874.0,47008.19236072791,2030.0,10,10,2030.0
2875.0,47029.14371495899,2030.0,10,10,2030.0
2876.0,47050.076042105466,2030.0,10,10,2030.0
2877.0,47070.98972270901,2030.0,10,10,2030.0
2878.0,47091.88512970048,2030.0,10,10,2030.0
2879.0,47112.76262855212,2030.0,10,10,2030.0
2880.0,47133.62257742673,2030.0,10,10,2030.0
2881.0,47154.465327323844,2030.0,10,10,2030.0
2882.0,47175.291222223015,2030.0,10,10,2030.0
2883.0,47196.100599224206,2030.0,10,10,2030.0
2884.0,47216.89378868537,2030.0,10,10,2030.0
2885.0,47237.67111435731,2030.0,10,10,2030.0
2886.0,47258.43289351581,2030.0,10,10,2030.0
2887.0,47279.17943709114,2030.0,10,10,2030.0
2888.0,47299.91104979497,2030.0,10,10,2030.0
2889.0,47320.62803024472,2030.0,10,10,2030.0
2890.0,47341.330671085474,2030.0,10,10,2030.0
2891.0,47362.01925910942,2030.0,10,10,2030.0
2892.0,47382.694075372885,2030.0,10,10,2030.0
2893.0,47403.35539531107,2030.0,10,10,2030.0
2894.0,47424.003488850496,2030.0,10,10,2030.0
2895.0,47444.63862051914,2030.0,10,10,2030.0
2896.0,47465.2610495544,2030.0,10,10,2030.0
2897.0,47485.87103000896,2030.0,10,10,2030.0
2898.0,47506.46881085443,2030.0,10,10,2030.0
2899.0,47527.05463608299,2030.0,10,10,2030.0
2900.0,47547.62874480698,2030.0,10,10,2030.0
2901.0,47568.19137135649,2030.0,10,10,2030.0
2902.0,47588.74274537501,2030.0,10,10,2030.0
2903.0,47609.28309191316,2030.0,10,10,2030.0
2904.0,47629.812631520545,2030.0,10,10,2030.0
2905.0,47650.33158033579,2030.0,10,10,2030.0
2906.0,47670.840150174714,2030.0,10,10,2030.0
2907.0,47691.33854861688,2030.0,10,10,2030.0
2908.0,47711.82697909018,2030.0,10,10,2030.0
2909.0,47732.30564095404,2030.0,10,10,2030.0
2910.0,47752.7747295806,2030.0,10,10,2030.0
2911.0,47773.234436434635,2030.0,10,10,2030.0
2912.0,47793.68494915159,2030.0,10,10,2030.0
2913.0,47814.126451614204,2030.0,10,10,2030.0
2914.0,47834.55912402758,2030.0,10,10,2030.0
2915.0,47854.98314299267,2030.0,10,10,2030.0
2916.0,47875.398681578474,2030.0,10,10,2030.0
2917.0,47895.80590939255,2030.0,10,10,2030.0
2918.0,47916.20499265035,2030.0,10,10,2030.0
2919.0,47936.59609424299,2030.0,10,10,2030.0
2920.0,47956.97937380378,2030.0,10,10,2030.0
2921.0,47977.354987773346,2030.0,10,10,2030.0
2922.0,47997.72308946353,2030.0,10,10,2030.0
2923.0,48018.08382911991,2030.0,10,10,2030.0
2924.0,48038.43735398316,2030.0,10,10,2030.0
2925.0,48058.783808349144,2030.0,10,10,2030.0
2926.0,48079.12333362782,2030.0,10,10,2030.0
2927.0,48099.45606840091,2030.0,10,10,2030.0
2928.0,48119.78214847854,2030.0,10,10,2030.0
2929.0,48140.10170695462,2030.0,10,10,2030.0
2930.0,48160.41487426117,2030.0,10,10,2030.0
2931.0,48180.7217782216,2030.0,10,10,2030.0
2932.0,48201.022544102816,2030.0,10,10,2030.0
2933.0,48221.31729466641,2030.0,10,10,2030.0
2934.0,48241.60615021874,2030.0,10,10,2030.0
2935.0,48261.88922866,2030.0,10,10,2030.0
2936.0,48282.16664553245,2030.0,10,10,2030.0
2937.0,48302.43851406745,2030.0,10,10,2030.0
2938.0,48322.70494523176,2030.0,10,10,2030.0
2939.0,48342.966047772774,2030.0,10,10,2030.0
2940.0,48363.22192826296,2030.0,10,10,2030.0
2941.0,48383.47269114335,2030.0,10,10,2030.0
2942.0,48403.71843876613,2030.0,10,10,2030.0
2943.0,48423.95927143646,2030.0,10,10,2030.0
2944.0,48444.19528745338,2030.0,10,10,2030.0
2945.0,48464.42658314997,2030.0,10,10,2030.0
2946.0,48484.653252932614,2030.0,10,10,2030.0
2947.0,48504.875389319604,2030.0,10,10,2030.0
2948.0,48525.09308297887,2030.0,10,10,2030.0
2949.0,48545.306422764945,2030.0,10,10,2030.0
2950.0,48565.51549575529,2030.0,10,10,2030.0
2951.0,48585.72038728584,2030.0,10,10,2030.0
2952.0,48605.92118098577,2030.0,10,10,2030.0
2953.0,48626.11795881171,2030.0,10,10,2030.0
2954.0,48646.31080108112,2030.0,10,10,2030.0
2955.0,48666.49978650514,2030.0,10,10,2030.0
2956.0,48686.672374094254,2030.0,10,10,2030.0
2957.0,48706.77874486939,2030.0,10,10,2030.0
2958.0,48726.76863647054,2030.0,10,10,2030.0
2959.0,48746.638730239676,2030.0,10,10,2030.0
2960.0,48766.39142213342,2030.0,10,10,2030.0
2961.0,48786.02906018929,2030.0,10,10,2030.0
2962.0,48805.55394548405,2030.0,10,10,2030.0
2963.0,48824.968333072924,2030.0,10,10,2030.0
2964.0,48844.27443291001,2030.0,10,10,2030.0
2965.0,48863.47441075035,2030.0,10,10,2030.0
2966.0,48882.57038903388,2030.0,10,10,2030.0
2967.0,48901.56444775175,2030.0,10,10,2030.0
2968.0,48920.45862529526,2030.0,10,10,2030.0
2969.0,48939.2549192879,2030.0,10,10,2030.0
2970.0,48957.955287400684,2030.0,10,10,2030.0
2971.0,48976.56164815121,2030.0,10,10,2030.0
2972.0,48995.07588168673,2030.0,10,10,2030.0
2973.0,49013.49983055155,2030.0,10,10,2030.0
2974.0,49031.83530043906,2030.0,10,10,2030.0
2975.0,49050.084060928806,2030.0,10,10,2030.0
2976.0,49068.24784620879,2030.0,10,10,2030.0
2977.0,49086.30848745694,2031.0,10,10,2029.0
2978.0,49104.18863836227,2037.0,10,10,2023.0
2979.0,49121.99118624949,2043.0,10,10,2017.0
2980.0,49139.71768317897,2049.0,10,10,2011.0
2981.0,49157.36965016985,2055.0,10,10,2005.0
2982.0,49174.94857782092,2061.0,10,10,1999.0
2983.0,49192.45592691897,2067.0,10,10,1993.0
2984.0,49209.89312903505,2073.0,10,10,1987.0
2985.0,49227.26158710882,2079.0,10,10,1981.0
2986.0,49244.56267602111,2085.0,10,10,1975.0
2987.0,49261.797743155155,2091.0,10,10,1969.0
2988.0,49278.968108946516,2097.0,10,10,1963.0
2989.0,49296.075067422054,2103.0,10,10,1957.0
2990.0,49313.11988672808,2109.0,10,10,1951.0
2991.0,49330.10380964798,2115.0,10,10,1945.0
2992.0,49347.02805410948,2121.0,10,10,1939.0
2993.0,49363.89381368176,2127.0,10,10,1933.0
2994.0,49380.70225806259,2133.0,10,10,1927.0
2995.0,49397.45453355581,2139.0,10,10,1921.0
2996.0,49414.15176353916,2145.0,10,10,1915.0
2997.0,49430.79504892284,2151.0,10,10,1909.0
2998.0,49447.385468598855,2157.0,10,10,1903.0
2999.0,49463.92407988134,2163.0,10,10,1897.0
3000.0,49480.411918938174,2169.0,10,10,1891.0
3001.0,49496.85000121388,2175.0,10,10,1885.0
3002.0,49513.23932184406,2181.0,10,10,1879.0
3003.0,49529.58085606165,2187.0,10,10,1873.0
3004.0,49545.87555959489,2193.0,10,10,1867.0
3005.0,49562.124369057456,2199.0,10,10,1861.0
3006.0,49578.32820233078,2205.0,10,10,1855.0
3007.0,49594.48795893862,2211.0,10,10,1849.0
3008.0,49610.604520414316,2217.0,10,10,1843.0
3009.0,49626.67875066049,2223.0,10,10,1837.0
3010.0,49642.711496301745,2229.0,10,10,1831.0
3011.0,49658.70358703018,2235.0,10,10,1825.0
3012.0,49674.65583594404,2240.0,11,9,1820.0
3013.0,49690.61903987963,2240.0,11,9,1820.0
3014.0,49704.8939797365,2240.0,11,9,1820.0
3015.0,49719.279765566615,2240.0,11,9,1820.0
3016.0,49734.02825278208,2240.0,11,9,1820.0
3017.0,49749.140453286105,2240.0,11,9,1820.0
3018.0,49764.61719732517,2240.0,11,9,1820.0
3019.0,49780.4592454328,2240.0,11,9,1820.0
3020.0,49796.66732045965,2240.0,11,9,1820.0
3021.0,49813.24211969359,2240.0,11,9,1820.0
3022.0,49830.18432037299,2240.0,11,9,1820.0
3023.0,49847.49458256606,2240.0,11,9,1820.0
3024.0,49865.173550854684,2240.0,11,9,1820.0
3025.0,49883.221855419855,2240.0,11,9,1820.0
3026.0,49901.64011280343,2240.0,11,9,1820.0
3027.0,49920.42892648331,2240.0,11,9,1820.0
3028.0,49939.58888733479,2240.0,11,9,1820.0
3029.0,49959.12057401932,2240.0,11,9,1820.0
3030.0,49979.02455332456,2240.0,11,9,1820.0
3031.0,49999.301380470635,2240.0,11,9,1820.0
3032.0,50019.95159939179,2240.0,11,9,1820.0
3033.0,50040.97574299962,2240.0,11,9,1820.0
3034.0,50062.227467794626,2240.0,11,9,1820.0
3035.0,50083.45415809374,2240.0,11,9,1820.0
3036.0,50104.656314586864,2240.0,11,9,1820.0
3037.0,50125.83442795013,2240.0,11,9,1820.0
3038.0,50146.98897904614,2240.0,11,9,1820.0
3039.0,50168.12043912021,2240.0,11,9,1820.0
3040.0,50189.2292699928,2240.0,11,9,1820.0
3041.0,50210.31592424795,2240.0,11,9,1820.0
3042.0,50231.380845417996,2240.0,11,9,1820.0
3043.0,50252.42446816464,2240.0,11,9,1820.0
3044.0,50273.44721845635,2240.0,11,9,1820.0
3045.0,50294.44951374223,2240.0,11,9,1820.0
3046.0,50315.43176312238,2240.0,11,9,1820.0
3047.0,50336.394367514935,2240.0,11,9,1820.0
3048.0,50357.33771981964,2240.0,11,9,1820.0
3049.0,50378.262205078245,2240.0,11,9,1820.0
3050.0,50399.16820063169,2240.0,11,9,1820.0
3051.0,50420.05607627406,2240.0,11,9,1820.0
3052.0,50440.926194403575,2240.0,11,9,1820.0
3053.0,50461.778910170506,2240.0,11,9,1820.0
3054.0,50482.61457162209,2240.0,11,9,1820.0
3055.0,50503.433519844664,2240.0,11,9,1820.0
3056.0,50524.23608910277,2240.0,11,9,1820.0
3057.0,50545.02260697571,2240.0,11,9,1820.0
3058.0,50565.7933944912,2240.0,11,9,1820.0
3059.0,50586.54876625638,2240.0,11,9,1820.0
3060.0,50607.289030586246,2240.0,11,9,1820.0
3061.0,50628.01448962953,2240.0,11,9,1820.0
3062.0,50648.725439491944,2240.0,11,9,1820.0
3063.0,50669.42217035711,2240.0,11,9,1820.0
3064.0,50690.06073352414,2240.0,11,9,1820.0
3065.0,50710.57296579465,2240.0,11,9,1820.0
3066.0,50730.95495341974,2240.0,11,9,1820.0
3067.0,50751.20930129235,2240.0,11,9,1820.0
3068.0,50771.3385622075,2240.0,11,9,1820.0
3069.0,50791.345237904345,2240.0,11,9,1820.0
3070.0,50811.23178008725,2240.0,11,9,1820.0
3071.0,50831.000591426506,2240.0,11,9,1820.0
3072.0,50850.65402653897,2240.0,11,9,1820.0
3073.0,50870.19439294918,2240.0,11,9,1820.0
3074.0,50889.62395203121,2240.0,11,9,1820.0
3075.0,50908.94491993157,2240.0,11,9,1820.0
3076.0,50928.159468473925,2240.0,11,9,1820.0
3077.0,50947.26972604544,2240.0,11,9,1820.0
3078.0,50966.27777846554,2240.0,11,9,1820.0
3079.0,50985.18566983721,2240.0,11,9,1820.0
3080.0,51003.99540338147,2240.0,11,9,1820.0
3081.0,51022.70894225484,2240.0,11,9,1820.0
3082.0,51041.32821035073,2240.0,11,9,1820.0
3083.0,51059.85509308472,2240.0,11,9,1820.0
3084.0,51078.291438164015,2240.0,11,9,1820.0
3085.0,51096.63905634172,2240.0,11,9,1820.0
3086.0,51114.89972215588,2240.0,11,9,1820.0
3087.0,51133.075174653764,2240.0,11,9,1820.0
3088.0,51151.16711810168,2240.0,11,9,1820.0
3089.0,51169.17722268065,2240.0,11,9,1820.0
3090.0,51187.10712516803,2240.0,11,9,1820.0
3091.0,51204.958429605664,2240.0,11,9,1820.0
3092.0,51222.73270795454,2240.0,11,9,1820.0
3093.0,51240.43150073644,2240.0,11,9,1820.0
3094.0,51258.056317662726,2240.0,11,9,1820.0
3095.0,51275.608638250465,2240.0,11,9,1820.0
3096.0,51293.08991242643,2240.0,11,9,1820.0
3097.0,51310.50156111891,2240.0,11,9,1820.0
3098.0,51327.84497683752,2240.0,11,9,1820.0
3099.0,51345.121524241775,2240.0,11,9,1820.0
3100.0,51362.332540697935,2240.0,11,9,1820.0
3101.0,51379.47933682497,2240.0,11,9,1820.0
3102.0,51396.56319702946,2240.0,11,9,1820.0
3103.0,51413.585380029865,2240.0,11,9,1820.0
3104.0,51430.54711937028,2240.0,11,9,1820.0
3105.0,51447.44962392386,2240.0,11,9,1820.0
3106.0,51464.29407838637,2240.0,11,9,1820.0
3107.0,51481.081643759644,2240.0,11,9,1820.0
3108.0,51497.81345782544,2240.0,11,9,1820.0
3109.0,51514.49063560994,2240.0,11,9,1820.0
3110.0,51531.114269838734,2240.0,11,9,1820.0
3111.0,51547.685431382946,2240.0,11,9,1820.0
3112.0,51564.20516969629,2240.0,11,9,1820.0
3113.0,51580.67451324334,2240.0,11,9,1820.0
3114.0,51597.09446991949,2240.0,11,9,1820.0
3115.0,51613.46602746209,2240.0,11,9,1820.0
3116.0,51629.79015385384,2240.0,11,9,1820.0
3117.0,51646.06779771775,2240.0,11,9,1820.0
3118.0,51662.2998887044,2240.0,11,9,1820.0
3119.0,51678.4873378713,2240.0,11,9,1820.0
3120.0,51694.63103805488,2240.0,11,9,1820.0
3121.0,51710.73186423478,2240.0,11,9,1820.0
3122.0,51726.79067389107,2240.0,11,9,1820.0
3123.0,51742.808307354244,2240.0,11,9,1820.0
3124.0,51758.78558814816,2240.0,11,9,1820.0
3125.0,51774.723323326194,2240.0,11,9,1820.0
3126.0,51790.622303800665,2240.0,11,9,1820.0
3127.0,51806.48330466565,2240.0,11,9,1820.0
3128.0,51822.30708551334,2240.0,11,9,1820.0
3129.0,51838.09439074406,2240.0,11,9,1820.0
3130.0,51853.84594987016,2240.0,11,9,1820.0
3131.0,51869.56247781376,2240.0,11,9,1820.0
3132.0,51885.24467519848,2240.0,11,9,1820.0
3133.0,51900.893228635505,2240.0,11,9,1820.0
3134.0,51916.50881100379,2240.0,11,9,1820.0
3135.0,51932.09208172472,2240.0,11,9,1820.0
3136.0,51947.64368703122,2240.0,11,9,1820.0
3137.0,51963.164260231584,2240.0,11,9,1820.0
3138.0,51978.65442196795,2240.0,11,9,1820.0
3139.0,51994.11478046957,2240.0,11,9,1820.0
3140.0,52009.545931801185,2240.0,11,9,1820.0
3141.0,52024.948460106156,2240.0,11,9,1820.0
3142.0,52040.322937845034,2240.0,11,9,1820.0
3143.0,52055.66992602912,2240.0,11,9,1820.0
3144.0,52070.989974449534,2240.0,11,9,1820.0
3145.0,52086.283621901544,2240.0,11,9,1820.0
3146.0,52101.55139640451,2240.0,11,9,1820.0
3147.0,52116.79381541742,2240.0,11,9,1820.0
3148.0,52132.01138605006,2240.0,11,9,1820.0
3149.0,52147.20460527006,2240.0,11,9,1820.0
3150.0,52162.31464716914,2243.0,11,9,1817.0
3151.0,52177.34286523465,2249.0,11,9,1811.0
3152.0,52192.35051893884,2255.0,11,9,1805.0
3153.0,52207.33801956895,2261.0,11,9,1799.0
3154.0,52222.30577018647,2267.0,11,9,1793.0
3155.0,52237.2541657916,2273.0,11,9,1787.0
3156.0,52252.18359348466,2279.0,11,9,1781.0
3157.0,52267.09443262386,2285.0,11,9,1775.0
3158.0,52281.987054980265,2291.0,11,9,1769.0
3159.0,52296.861824889544,2297.0,11,9,1763.0
3160.0,52311.71909940064,2303.0,11,9,1757.0
3161.0,52326.55922842151,2309.0,11,9,1751.0
3162.0,52341.382554861964,2315.0,11,9,1745.0
3163.0,52356.18941477361,2321.0,11,9,1739.0
3164.0,52370.98013748702,2327.0,11,9,1733.0
3165.0,52385.75504574617,2333.0,11,9,1727.0
3166.0,52400.51445584013,2339.0,11,9,1721.0
3167.0,52415.25867773221,2345.0,11,9,1715.0
3168.0,52429.988015186456,2351.0,11,9,1709.0
3169.0,52444.702765891605,2357.0,11,9,1703.0
3170.0,52459.40322158265,2363.0,11,9,1697.0
3171.0,52474.08966815989,2369.0,11,9,1691.0
3172.0,52488.76238580558,2375.0,11,9,1685.0
3173.0,52503.42164909835,2381.0,11,9,1679.0
3174.0,52518.06772712527,2387.0,11,9,1673.0
3175.0,52532.70088359165,2393.0,11,9,1667.0
3176.0,52547.321376928696,2399.0,11,9,1661.0
3177.0,52561.92946039901,2405.0,11,9,1655.0
3178.0,52576.52538219991,2411.0,11,9,1649.0
3179.0,52591.10938556481,2417.0,11,9,1643.0
3180.0,52605.68170886239,2423.0,11,9,1637.0
3181.0,52620.242585694024,2429.0,11,9,1631.0
3182.0,52634.79224498903,2435.0,11,9,1625.0
3183.0,52649.33091109813,2441.0,11,9,1619.0
3184.0,52663.85880388506,2447.0,11,9,1613.0
3185.0,52678.37613881624,2450.0,12,8,1610.0
3186.0,52687.333127048805,2450.0,12,8,1610.0
3187.0,52694.52997551669,2450.0,12,8,1610.0
3188.0,52702.17294868622,2450.0,12,8,1610.0
3189.0,52710.49385349652,2450.0,12,8,1610.0
3190.0,52719.50086792173,2450.0,12,8,1610.0
3191.0,52729.196415851824,2450.0,12,8,1610.0
3192.0,52739.581562161184,2450.0,12,8,1610.0
3193.0,52750.656918105415,2450.0,12,8,1610.0
3194.0,52762.42290261392,2450.0,12,8,1610.0
3195.0,52774.87983868357,2450.0,12,8,1610.0
3196.0,52788.027995423494,2450.0,12,8,1610.0
3197.0,52801.86760873485,2450.0,12,8,1610.0
3198.0,52816.39889244486,2450.0,12,8,1610.0
3199.0,52831.62204474123,2450.0,12,8,1610.0
3200.0,52847.53725211086,2450.0,12,8,1610.0
3201.0,52864.1446918686,2450.0,12,8,1610.0
3202.0,52881.44453384905,2450.0,12,8,1610.0
3203.0,52899.43694157946,2450.0,12,8,1610.0
3204.0,52918.12207311916,2450.0,12,8,1610.0
3205.0,52937.50008167836,2450.0,12,8,1610.0
3206.0,52957.57111608621,2450.0,12,8,1610.0
3207.0,52977.8853211539,2450.0,12,8,1610.0
3208.0,52998.21038715187,2450.0,12,8,1610.0
3209.0,53018.52895182989,2450.0,12,8,1610.0
3210.0,53038.84114521434,2450.0,12,8,1610.0
3211.0,53059.1470947311,2450.0,12,8,1610.0
3212.0,53079.44692525752,2450.0,12,8,1610.0
3213.0,53099.74075917342,2450.0,12,8,1610.0
3214.0,53120.028716411005,2450.0,12,8,1610.0
3215.0,53140.31091450384,2450.0,12,8,1610.0
3216.0,53160.5874686348,2450.0,12,8,1610.0
3217.0,53180.85849168317,2450.0,12,8,1610.0
3218.0,53201.124094270555,2450.0,12,8,1610.0
3219.0,53221.38438480619,2450.0,12,8,1610.0
3220.0,53241.639469531125,2450.0,12,8,1610.0
3221.0,53261.88945256155,2450.0,12,8,1610.0
3222.0,53281.13443593136,2450.0,12,8,1610.0
3223.0,53300.374519633784,2450.0,12,8,1610.0
3224.0,53319.60980166216,2450.0,12,8,1610.0
3225.0,53338.84037804997,2450.0,12,8,1610.0
3226.0,53358.06634291001,2450.0,12,8,1610.0
3227.0,53377.28778847287,2450.0,12,8,1610.0
3228.0,53396.50480512446,2450.0,12,8,1610.0
3229.0,53415.71748144302,2450.0,12,8,1610.0
3230.0,53434.925904235206,2450.0,12,8,1610.0
3231.0,53454.13015857155,2450.0,12,8,1610.0
3232.0,53473.33032782117,2450.0,12,8,1610.0
3233.0,53492.5264936858,2450.0,12,8,1610.0
3234.0,53511.71873623313,2450.0,12,8,1610.0
3235.0,53530.90713392952,2450.0,12,8,1610.0
3236.0,53550.091763671975,2450.0,12,8,1610.0
3237.0,53569.27270081958,2450.0,12,8,1610.0
3238.0,53588.45001922425,2450.0,12,8,1610.0
3239.0,53607.62379126081,2450.0,12,8,1610.0
3240.0,53626.794087856644,2450.0,12,8,1610.0
3241.0,53645.96097852057,2450.0,12,8,1610.0
3242.0,53665.1245313712,2450.0,12,8,1610.0
3243.0,53684.28481316482,2450.0,12,8,1610.0
3244.0,53703.44188932258,2450.0,12,8,1610.0
3245.0,53722.59582395718,2450.0,12,8,1610.0
3246.0,53741.746679899086,2450.0,12,8,1610.0
3247.0,53760.894518722154,2450.0,12,8,1610.0
3248.0,53780.03940076876,2450.0,12,8,1610.0
3249.0,53799.18138517444,2450.0,12,8,1610.0
3250.0,53818.32052989199,2450.0,12,8,1610.0
3251.0,53837.4568917152,2450.0,12,8,1610.0
3252.0,53856.590526301945,2450.0,12,8,1610.0
3253.0,53875.721488196956,2450.0,12,8,1610.0
3254.0,53894.849830854066,2450.0,12,8,1610.0
3255.0,53913.97560665804,2450.0,12,8,1610.0
3256.0,53933.098866945926,2450.0,12,8,1610.0
3257.0,53952.19976850951,2451.0,12,8,1609.0
3258.0,53971.19976850951,2457.0,12,8,1603.0
3259.0,53990.19976850951,2463.0,12,8,1597.0
3260.0,54009.19976850951,2469.0,12,8,1591.0
3261.0,54028.19976850951,2475.0,12,8,1585.0
3262.0,54047.19976850951,2481.0,12,8,1579.0
3263.0,54066.19976850951,2487.0,12,8,1573.0
3264.0,54085.19976850951,2493.0,12,8,1567.0
3265.0,54104.19976850951,2499.0,12,8,1561.0
3266.0,54123.19976850951,2505.0,12,8,1555.0
3267.0,54142.19976850951,2511.0,12,8,1549.0
3268.0,54161.19976850951,2517.0,12,8,1543.0
3269.0,54180.19976850951,2523.0,12,8,1537.0
3270.0,54199.19976850951,2529.0,12,8,1531.0
3271.0,54218.19976850951,2535.0,12,8,1525.0
3272.0,54237.19976850951,2541.0,12,8,1519.0
3273.0,54256.19976850951,2547.0,12,8,1513.0
3274.0,54275.19976850951,2553.0,12,8,1507.0
3275.0,54294.19976850951,2559.0,12,8,1501.0
3276.0,54313.19976850951,2565.0,12,8,1495.0
3277.0,54332.19976850951,2571.0,12,8,1489.0
3278.0,54351.19976850951,2577.0,12,8,1483.0
3279.0,54370.19976850951,2583.0,12,8,1477.0
3280.0,54389.19976850951,2589.0,12,8,1471.0
3281.0,54408.19976850951,2595.0,12,8,1465.0
3282.0,54427.19976850951,2601.0,12,8,1459.0
3283.0,54446.19976850951,2607.0,12,8,1453.0
3284.0,54465.19976850951,2613.0,12,8,1447.0
3285.0,54484.19976850951,2619.0,12,8,1441.0
3286.0,54503.19976850951,2625.0,12,8,1435.0
3287.0,54522.19976850951,2631.0,12,8,1429.0
3288.0,54541.19976850951,2637.0,12,8,1423.0
3289.0,54560.19976850951,2643.0,12,8,1417.0
3290.0,54579.19976850951,2649.0,12,8,1411.0
3291.0,54598.19976850951,2655.0,12,8,1405.0
3292.0,54617.19976850951,2660.0,13,7,1400.0
3293.0,54635.29976850951,2660.0,13,7,1400.0
3294.0,54642.2497685095,2660.0,13,7,1400.0
3295.0,54649.34601718806,2660.0,13,7,1400.0
3296.0,54657.39102603675,2660.0,13,7,1400.0
3297.0,54666.3854258161,2660.0,13,7,1400.0
3298.0,54676.329464608396,2660.0,13,7,1400.0
3299.0,54687.22326477857,2660.0,13,7,1400.0
3300.0,54699.06689553636,2660.0,13,7,1400.0
3301.0,54711.860399799654,2660.0,13,7,1400.0
3302.0,54725.60380600457,2660.0,13,7,1400.0
3303.0,54740.297133957996,2660.0,13,7,1400.0
3304.0,54755.94039800652,2660.0,13,7,1400.0
3305.0,54772.5336088736,2660.0,13,7,1400.0
3306.0,54790.076774784386,2660.0,13,7,1400.0
3307.0,54808.56990218558,2660.0,13,7,1400.0
3308.0,54828.0129962235,2660.0,13,7,1400.0
3309.0,54848.40606107172,2660.0,13,7,1400.0
3310.0,54869.74910016157,2660.0,13,7,1400.0
3311.0,54892.042116348275,2660.0,13,7,1400.0
3312.0,54915.28511203304,2660.0,13,7,1400.0
3313.0,54939.478089254444,2660.0,13,7,1400.0
3314.0,54964.478089254444,2660.0,13,7,1400.0
3315.0,54989.478089254444,2660.0,13,7,1400.0
3316.0,55014.478089254444,2660.0,13,7,1400.0
3317.0,55039.478089254444,2660.0,13,7,1400.0
3318.0,55064.478089254444,2660.0,13,7,1400.0
3319.0,55089.478089254444,2660.0,13,7,1400.0
3320.0,55114.478089254444,2660.0,13,7,1400.0
3321.0,55139.478089254444,2660.0,13,7,1400.0
3322.0,55164.478089254444,2660.0,13,7,1400.0
3323.0,55189.478089254444,2660.0,13,7,1400.0
3324.0,55214.478089254444,2660.0,13,7,1400.0
3325.0,55239.478089254444,2660.0,13,7,1400.0
3326.0,55264.478089254444,2660.0,13,7,1400.0
3327.0,55289.478089254444,2660.0,13,7,1400.0
3328.0,55314.478089254444,2660.0,13,7,1400.0
3329.0,55339.478089254444,2660.0,13,7,1400.0
3330.0,55364.478089254444,2660.0,13,7,1400.0
3331.0,55389.478089254444,2660.0,13,7,1400.0
3332.0,55414.478089254444,2660.0,13,7,1400.0
3333.0,55439.478089254444,2660.0,13,7,1400.0
3334.0,55464.478089254444,2660.0,13,7,1400.0
3335.0,55489.478089254444,2660.0,13,7,1400.0
3336.0,55514.478089254444,2660.0,13,7,1400.0
3337.0,55539.478089254444,2660.0,13,7,1400.0
3338.0,55564.478089254444,2660.0,13,7,1400.0
3339.0,55589.478089254444,2660.0,13,7,1400.0
3340.0,55614.478089254444,2660.0,13,7,1400.0
3341.0,55639.478089254444,2660.0,13,7,1400.0
3342.0,55664.478089254444,2660.0,13,7,1400.0
3343.0,55689.478089254444,2660.0,13,7,1400.0
3344.0,55714.478089254444,2660.0,13,7,1400.0
3345.0,55739.478089254444,2660.0,13,7,1400.0
3346.0,55764.478089254444,2660.0,13,7,1400.0
3347.0,55789.478089254444,2660.0,13,7,1400.0
3348.0,55814.478089254444,2660.0,13,7,1400.0
3349.0,55839.478089254444,2660.0,13,7,1400.0
3350.0,55864.478089254444,2660.0,13,7,1400.0
3351.0,55889.478089254444,2660.0,13,7,1400.0
3352.0,55914.478089254444,2660.0,13,7,1400.0
3353.0,55939.478089254444,2660.0,13,7,1400.0
3354.0,55964.478089254444,2660.0,13,7,1400.0
3355.0,55989.478089254444,2660.0,13,7,1400.0
3356.0,56014.478089254444,2660.0,13,7,1400.0
3357.0,56039.478089254444,2660.0,13,7,1400.0
3358.0,56064.478089254444,2660.0,13,7,1400.0
3359.0,56089.478089254444,2660.0,13,7,1400.0
3360.0,56114.478089254444,2660.0,13,7,1400.0
3361.0,56139.478089254444,2660.0,13,7,1400.0
3362.0,56164.478089254444,2660.0,13,7,1400.0
3363.0,56189.478089254444,2660.0,13,7,1400.0
3364.0,56214.478089254444,2660.0,13,7,1400.0
3365.0,56239.478089254444,2660.0,13,7,1400.0
3366.0,56264.478089254444,2660.0,13,7,1400.0
3367.0,56289.478089254444,2660.0,13,7,1400.0
3368.0,56314.478089254444,2660.0,13,7,1400.0
3369.0,56339.478089254444,2660.0,13,7,1400.0
3370.0,56364.478089254444,2660.0,13,7,1400.0
3371.0,56389.478089254444,2660.0,13,7,1400.0
3372.0,56414.478089254444,2660.0,13,7,1400.0
3373.0,56439.478089254444,2660.0,13,7,1400.0
3374.0,56464.478089254444,2660.0,13,7,1400.0
3375.0,56489.478089254444,2660.0,13,7,1400.0
3376.0,56514.478089254444,2660.0,13,7,1400.0
3377.0,56539.478089254444,2660.0,13,7,1400.0
3378.0,56564.478089254444,2660.0,13,7,1400.0
3379.0,56589.478089254444,2660.0,13,7,1400.0
3380.0,56614.478089254444,2660.0,13,7,1400.0
3381.0,56639.478089254444,2660.0,13,7,1400.0
3382.0,56664.478089254444,2660.0,13,7,1400.0
3383.0,56689.478089254444,2660.0,13,7,1400.0
3384.0,56714.478089254444,2660.0,13,7,1400.0
3385.0,56739.478089254444,2660.0,13,7,1400.0
3386.0,56764.478089254444,2660.0,13,7,1400.0
3387.0,56789.478089254444,2660.0,13,7,1400.0
3388.0,56814.478089254444,2660.0,13,7,1400.0
3389.0,56839.478089254444,2660.0,13,7,1400.0
3390.0,56864.478089254444,2660.0,13,7,1400.0
3391.0,56889.478089254444,2660.0,13,7,1400.0
3392.0,56914.478089254444,2660.0,13,7,1400.0
3393.0,56939.478089254444,2660.0,13,7,1400.0
3394.0,56964.478089254444,2660.0,13,7,1400.0
3395.0,56989.478089254444,2660.0,13,7,1400.0
3396.0,57014.478089254444,2660.0,13,7,1400.0
3397.0,57039.478089254444,2660.0,13,7,1400.0
3398.0,57064.478089254444,2660.0,13,7,1400.0
3399.0,57089.478089254444,2660.0,13,7,1400.0
3400.0,57114.478089254444,2660.0,13,7,1400.0
3401.0,57139.478089254444,2660.0,13,7,1400.0
3402.0,57164.478089254444,2660.0,13,7,1400.0
3403.0,57189.478089254444,2660.0,13,7,1400.0
3404.0,57214.478089254444,2660.0,13,7,1400.0
3405.0,57239.478089254444,2660.0,13,7,1400.0
3406.0,57264.478089254444,2660.0,13,7,1400.0
3407.0,57289.478089254444,2660.0,13,7,1400.0
3408.0,57314.478089254444,2660.0,13,7,1400.0
3409.0,57339.478089254444,2660.0,13,7,1400.0
3410.0,57364.478089254444,2660.0,13,7,1400.0
3411.0,57389.478089254444,2660.0,13,7,1400.0
3412.0,57414.478089254444,2660.0,13,7,1400.0
3413.0,57439.478089254444,2660.0,13,7,1400.0
3414.0,57464.478089254444,2660.0,13,7,1400.0
3415.0,57489.478089254444,2660.0,13,7,1400.0
3416.0,57514.478089254444,2660.0,13,7,1400.0
3417.0,57539.478089254444,2660.0,13,7,1400.0
3418.0,57564.478089254444,2660.0,13,7,1400.0
3419.0,57589.478089254444,2660.0,13,7,1400.0
3420.0,57614.478089254444,2660.0,13,7,1400.0
3421.0,57639.478089254444,2660.0,13,7,1400.0
3422.0,57664.478089254444,2660.0,13,7,1400.0
3423.0,57689.478089254444,2660.0,13,7,1400.0
3424.0,57714.478089254444,2660.0,13,7,1400.0
3425.0,57739.478089254444,2660.0,13,7,1400.0
3426.0,57764.478089254444,2660.0,13,7,1400.0
3427.0,57789.478089254444,2660.0,13,7,1400.0
3428.0,57814.478089254444,2660.0,13,7,1400.0
3429.0,57839.478089254444,2660.0,13,7,1400.0
3430.0,57864.478089254444,2660.0,13,7,1400.0
3431.0,57889.478089254444,2660.0,13,7,1400.0
3432.0,57914.478089254444,2660.0,13,7,1400.0
3433.0,57939.478089254444,2660.0,13,7,1400.0
3434.0,57964.478089254444,2660.0,13,7,1400.0
3435.0,57989.478089254444,2660.0,13,7,1400.0
3436.0,58014.478089254444,2660.0,13,7,1400.0
3437.0,58039.478089254444,2660.0,13,7,1400.0
3438.0,58064.478089254444,2660.0,13,7,1400.0
3439.0,58089.478089254444,2660.0,13,7,1400.0
3440.0,58114.478089254444,2660.0,13,7,1400.0
3441.0,58139.478089254444,2660.0,13,7,1400.0
3442.0,58164.478089254444,2660.0,13,7,1400.0
3443.0,58189.478089254444,2660.0,13,7,1400.0
3444.0,58214.478089254444,2660.0,13,7,1400.0
3445.0,58239.478089254444,2660.0,13,7,1400.0
3446.0,58264.478089254444,2660.0,13,7,1400.0
3447.0,58289.478089254444,2660.0,13,7,1400.0
3448.0,58314.478089254444,2660.0,13,7,1400.0
3449.0,58339.478089254444,2660.0,13,7,1400.0
3450.0,58364.478089254444,2660.0,13,7,1400.0
3451.0,58389.478089254444,2660.0,13,7,1400.0
3452.0,58414.478089254444,2660.0,13,7,1400.0
3453.0,58439.478089254444,2660.0,13,7,1400.0
3454.0,58464.478089254444,2660.0,13,7,1400.0
3455.0,58489.478089254444,2660.0,13,7,1400.0
3456.0,58514.478089254444,2660.0,13,7,1400.0
3457.0,58539.478089254444,2660.0,13,7,1400.0
3458.0,58564.478089254444,2660.0,13,7,1400.0
3459.0,58589.478089254444,2660.0,13,7,1400.0
3460.0,58614.478089254444,2660.0,13,7,1400.0
3461.0,58639.478089254444,2660.0,13,7,1400.0
3462.0,58664.478089254444,2660.0,13,7,1400.0
3463.0,58689.478089254444,2660.0,13,7,1400.0
3464.0,58714.478089254444,2660.0,13,7,1400.0
3465.0,58739.478089254444,2660.0,13,7,1400.0
3466.0,58764.478089254444,2660.0,13,7,1400.0
3467.0,58789.478089254444,2660.0,13,7,1400.0
3468.0,58814.478089254444,2660.0,13,7,1400.0
3469.0,58839.478089254444,2660.0,13,7,1400.0
3470.0,58864.478089254444,2660.0,13,7,1400.0
3471.0,58889.478089254444,2660.0,13,7,1400.0
3472.0,58914.478089254444,2660.0,13,7,1400.0
3473.0,58939.478089254444,2660.0,13,7,1400.0
3474.0,58964.478089254444,2660.0,13,7,1400.0
3475.0,58989.478089254444,2660.0,13,7,1400.0
3476.0,59014.478089254444,2660.0,13,7,1400.0
3477.0,59039.478089254444,2660.0,13,7,1400.0
3478.0,59064.478089254444,2660.0,13,7,1400.0
3479.0,59089.478089254444,2660.0,13,7,1400.0
3480.0,59114.478089254444,2660.0,13,7,1400.0
3481.0,59139.478089254444,2660.0,13,7,1400.0
3482.0,59164.478089254444,2660.0,13,7,1400.0
3483.0,59189.478089254444,2660.0,13,7,1400.0
3484.0,59214.478089254444,2660.0,13,7,1400.0
3485.0,59239.478089254444,2660.0,13,7,1400.0
3486.0,59264.478089254444,2660.0,13,7,1400.0
3487.0,59289.478089254444,2660.0,13,7,1400.0
3488.0,59314.478089254444,2660.0,13,7,1400.0
3489.0,59339.478089254444,2660.0,13,7,1400.0
3490.0,59364.478089254444,2660.0,13,7,1400.0
3491.0,59389.478089254444,2660.0,13,7,1400.0
3492.0,59414.478089254444,2660.0,13,7,1400.0
3493.0,59439.478089254444,2660.0,13,7,1400.0
3494.0,59464.478089254444,2660.0,13,7,1400.0
3495.0,59489.478089254444,2660.0,13,7,1400.0
3496.0,59514.478089254444,2660.0,13,7,1400.0
3497.0,59539.478089254444,2660.0,13,7,1400.0
3498.0,59564.478089254444,2660.0,13,7,1400.0
3499.0,59589.478089254444,2660.0,13,7,1400.0
3500.0,59614.478089254444,2660.0,13,7,1400.0
3501.0,59639.478089254444,2660.0,13,7,1400.0
3502.0,59664.478089254444,2660.0,13,7,1400.0
3503.0,59689.478089254444,2660.0,13,7,1400.0
3504.0,59714.478089254444,2660.0,13,7,1400.0
3505.0,59739.478089254444,2660.0,13,7,1400.0
3506.0,59764.478089254444,2660.0,13,7,1400.0
3507.0,59789.478089254444,2660.0,13,7,1400.0
3508.0,59814.478089254444,2660.0,13,7,1400.0
3509.0,59839.478089254444,2660.0,13,7,1400.0
3510.0,59864.478089254444,2660.0,13,7,1400.0
3511.0,59889.478089254444,2660.0,13,7,1400.0
3512.0,59914.478089254444,2660.0,13,7,1400.0
3513.0,59939.478089254444,2660.0,13,7,1400.0
3514.0,59964.478089254444,2660.0,13,7,1400.0
3515.0,59989.478089254444,2660.0,13,7,1400.0
3516.0,60014.478089254444,2660.0,13,7,1400.0
3517.0,60039.478089254444,2660.0,13,7,1400.0
3518.0,60064.478089254444,2660.0,13,7,1400.0
3519.0,60089.478089254444,2660.0,13,7,1400.0
3520.0,60114.478089254444,2660.0,13,7,1400.0
3521.0,60139.478089254444,2660.0,13,7,1400.0
3522.0,60164.478089254444,2660.0,13,7,1400.0
3523.0,60189.478089254444,2660.0,13,7,1400.0
3524.0,60214.478089254444,2660.0,13,7,1400.0
3525.0,60239.478089254444,2660.0,13,7,1400.0
3526.0,60264.478089254444,2660.0,13,7,1400.0
3527.0,60289.478089254444,2660.0,13,7,1400.0
3528.0,60314.478089254444,2660.0,13,7,1400.0
3529.0,60339.478089254444,2660.0,13,7,1400.0
3530.0,60364.478089254444,2660.0,13,7,1400.0
3531.0,60389.478089254444,2660.0,13,7,1400.0
3532.0,60414.478089254444,2660.0,13,7,1400.0
3533.0,60439.478089254444,2660.0,13,7,1400.0
3534.0,60464.478089254444,2660.0,13,7,1400.0
3535.0,60489.478089254444,2660.0,13,7,1400.0
3536.0,60514.478089254444,2660.0,13,7,1400.0
3537.0,60539.478089254444,2660.0,13,7,1400.0
3538.0,60564.478089254444,2660.0,13,7,1400.0
3539.0,60589.478089254444,2660.0,13,7,1400.0
3540.0,60614.478089254444,2660.0,13,7,1400.0
3541.0,60639.478089254444,2660.0,13,7,1400.0
3542.0,60664.478089254444,2660.0,13,7,1400.0
3543.0,60689.478089254444,2660.0,13,7,1400.0
3544.0,60714.478089254444,2660.0,13,7,1400.0
3545.0,60739.478089254444,2660.0,13,7,1400.0
3546.0,60764.478089254444,2660.0,13,7,1400.0
3547.0,60789.478089254444,2660.0,13,7,1400.0
3548.0,60814.478089254444,2660.0,13,7,1400.0
3549.0,60839.478089254444,2660.0,13,7,1400.0
3550.0,60864.478089254444,2660.0,13,7,1400.0
3551.0,60889.478089254444,2660.0,13,7,1400.0
3552.0,60914.47214138123,2660.0,13,7,1400.0
3553.0,60939.39076232987,2660.0,13,7,1400.0
3554.0,60964.20333616907,2660.0,13,7,1400.0
3555.0,60988.89965853147,2660.0,13,7,1400.0
3556.0,61013.48205444663,2660.0,13,7,1400.0
3557.0,61037.95280244348,2660.0,13,7,1400.0
3558.0,61062.31413548039,2660.0,13,7,1400.0
3559.0,61086.56824185657,2660.0,13,7,1400.0
3560.0,61110.71726610522,2660.0,13,7,1400.0
3561.0,61134.7633098689,2660.0,13,7,1400.0
3562.0,61158.7084327573,2660.0,13,7,1400.0
3563.0,61182.554653187944,2660.0,13,7,1400.0
3564.0,61206.30394920997,2660.0,13,7,1400.0
3565.0,61229.958259311556,2660.0,13,7,1400.0
3566.0,61253.51948321111,2660.0,13,7,1400.0
3567.0,61276.98948263267,2660.0,13,7,1400.0
3568.0,61300.3700820658,2660.0,13,7,1400.0
3569.0,61323.66306951027,2660.0,13,7,1400.0
3570.0,61346.87019720585,2660.0,13,7,1400.0
3571.0,61369.99318234752,2660.0,13,7,1400.0
3572.0,61393.03370778636,2660.0,13,7,1400.0
3573.0,61415.99342271641,2660.0,13,7,1400.0
3574.0,61438.87394334788,2660.0,13,7,1400.0
3575.0,61461.6768535667,2660.0,13,7,1400.0
3576.0,61484.40370558115,2660.0,13,7,1400.0
3577.0,61507.05602055531,2660.0,13,7,1400.0
3578.0,61529.63528922998,2660.0,13,7,1400.0
3579.0,61552.14297253117,2660.0,13,7,1400.0
3580.0,61574.58050216633,2660.0,13,7,1400.0
3581.0,61596.94928120879,2660.0,13,7,1400.0
3582.0,61619.25068467039,2660.0,13,7,1400.0
3583.0,61641.48606006277,2660.0,13,7,1400.0
3584.0,61663.656727947295,2660.0,13,7,1400.0
3585.0,61685.76398247414,2660.0,13,7,1400.0
3586.0,61707.80909191044,2660.0,13,7,1400.0
3587.0,61729.793299158024,2660.0,13,7,1400.0
3588.0,61751.717822260645,2660.0,13,7,1400.0
3589.0,61773.58385490121,2660.0,13,7,1400.0
3590.0,61795.39256688897,2660.0,13,7,1400.0
3591.0,61817.14510463697,2660.0,13,7,1400.0
3592.0,61838.84259163003,2660.0,13,7,1400.0
3593.0,61860.4861288832,2660.0,13,7,1400.0
3594.0,61882.07679539133,2660.0,13,7,1400.0
3595.0,61903.61564856929,2660.0,13,7,1400.0
3596.0,61925.103724683686,2660.0,13,7,1400.0
3597.0,61946.5420392758,2660.0,13,7,1400.0
3598.0,61967.93158757607,2660.0,13,7,1400.0
3599.0,61989.27334491033,2660.0,13,7,1400.0
3600.0,62010.56826709791,2660.0,13,7,1400.0
3601.0,62031.81729084174,2660.0,13,7,1400.0
3602.0,62053.02133411069,2660.0,13,7,1400.0
3603.0,62074.18129651426,2660.0,13,7,1400.0
3604.0,62095.29805966975,2660.0,13,7,1400.0
3605.0,62116.37248756215,2660.0,13,7,1400.0
3606.0,62137.40542689669,2660.0,13,7,1400.0
3607.0,62158.39770744453,2660.0,13,7,1400.0
3608.0,62179.35014238144,2660.0,13,7,1400.0
3609.0,62200.263528619595,2660.0,13,7,1400.0
3610.0,62221.138647132975,2660.0,13,7,1400.0
3611.0,62241.976263276105,2660.0,13,7,1400.0
3612.0,62262.777127096364,2660.0,13,7,1400.0
3613.0,62283.541973640225,2660.0,13,7,1400.0
3614.0,62304.27152325321,2660.0,13,7,1400.0
3615.0,62324.966481873926,2660.0,13,7,1400.0
3616.0,62345.62754132223,2660.0,13,7,1400.0
3617.0,62366.25537958157,2660.0,13,7,1400.0
3618.0,62386.850661075725,2660.0,13,7,1400.0
3619.0,62407.414036940005,2660.0,13,7,1400.0
3620.0,62427.94614528698,2660.0,13,7,1400.0
3621.0,62448.447611467025,2660.0,13,7,1400.0
3622.0,62468.91904832346,2660.0,13,7,1400.0
3623.0,62489.36105644278,2660.0,13,7,1400.0
3624.0,62509.77422439972,2660.0,13,7,1400.0
3625.0,62530.1591289975,2660.0,13,7,1400.0
3626.0,62550.51633550334,2660.0,13,7,1400.0
3627.0,62570.84639787905,2660.0,13,7,1400.0
3628.0,62591.149859007266,2660.0,13,7,1400.0
3629.0,62611.4272509129,2660.0,13,7,1400.0
3630.0,62631.67909498043,2660.0,13,7,1400.0
3631.0,62651.905902166596,2660.0,13,7,1400.0
3632.0,62672.108173209046,2660.0,13,7,1400.0
3633.0,62692.28639883066,2660.0,13,7,1400.0
3634.0,62712.44105993983,2660.0,13,7,1400.0
3635.0,62732.57262782681,2660.0,13,7,1400.0
3636.0,62752.68156435606,2660.0,13,7,1400.0
3637.0,62772.76832215473,2660.0,13,7,1400.0
3638.0,62792.833344797415,2660.0,13,7,1400.0
3639.0,62812.877066987254,2660.0,13,7,1400.0
3640.0,62832.899914733294,2660.0,13,7,1400.0
3641.0,62852.90230552441,2660.0,13,7,1400.0
3642.0,62872.884648499705,2660.0,13,7,1400.0
3643.0,62892.847344615504,2660.0,13,7,1400.0
3644.0,62912.790786808975,2660.0,13,7,1400.0
3645.0,62932.715360158574,2660.0,13,7,1400.0
3646.0,62952.621442041185,2660.0,13,7,1400.0
3647.0,62972.50940228616,2660.0,13,7,1400.0
3648.0,62992.37960332621,2660.0,13,7,1400.0
3649.0,63012.23240034547,2660.0,13,7,1400.0
3650.0,63032.068141424345,2660.0,13,7,1400.0
3651.0,63051.88716768164,2660.0,13,7,1400.0
3652.0,63071.689813413795,2660.0,13,7,1400.0
3653.0,63091.476406231304,2660.0,13,7,1400.0
3654.0,63111.24726719247,2660.0,13,7,1400.0
3655.0,63131.0027109344,2660.0,13,7,1400.0
3656.0,63150.7430458015,2660.0,13,7,1400.0
3657.0,63170.46857397125,2660.0,13,7,1400.0
3658.0,63190.17959157761,2660.0,13,7,1400.0
3659.0,63209.876388831835,2660.0,13,7,1400.0
3660.0,63229.55925014099,2660.0,13,7,1400.0
3661.0,63249.22845422396,2660.0,13,7,1400.0
3662.0,63268.88427422526,2660.0,13,7,1400.0
3663.0,63288.52697782654,2660.0,13,7,1400.0
3664.0,63308.15682735579,2660.0,13,7,1400.0
3665.0,63327.774079894465,2660.0,13,7,1400.0
3666.0,63347.378987382355,2660.0,13,7,1400.0
3667.0,63366.9717967205,2660.0,13,7,1400.0
3668.0,63386.55274987187,2660.0,13,7,1400.0
3669.0,63406.12208396022,2660.0,13,7,1400.0
3670.0,63425.68003136679,2660.0,13,7,1400.0
3671.0,63445.226819825235,2660.0,13,7,1400.0
3672.0,63464.762672514524,2660.0,13,7,1400.0
3673.0,63484.287808150024,2660.0,13,7,1400.0
3674.0,63503.8024410728,2660.0,13,7,1400.0
3675.0,63523.30678133713,2660.0,13,7,1400.0
3676.0,63542.801034796175,2660.0,13,7,1400.0
3677.0,63562.28540318604,2660.0,13,7,1400.0
3678.0,63581.760084208094,2660.0,13,7,1400.0
3679.0,63601.22527160972,2660.0,13,7,1400.0
3680.0,63620.68115526331,2660.0,13,7,1400.0
3681.0,63640.12792124383,2660.0,13,7,1400.0
3682.0,63659.565751904745,2660.0,13,7,1400.0
3683.0,63678.994825952424,2660.0,13,7,1400.0
3684.0,63698.41531851916,2660.0,13,7,1400.0
3685.0,63717.827401234565,2660.0,13,7,1400.0
3686.0,63737.23124229565,2660.0,13,7,1400.0
3687.0,63756.62700653553,2660.0,13,7,1400.0
3688.0,63776.0148554906,2660.0,13,7,1400.0
3689.0,63795.39494746658,2660.0,13,7,1400.0
3690.0,63814.76743760303,2660.0,13,7,1400.0
3691.0,63834.13247793676,2660.0,13,7,1400.0
3692.0,63853.4902174638,2660.0,13,7,1400.0
3693.0,63872.84080220031,2660.0,13,7,1400.0
3694.0,63892.18437524209,2660.0,13,7,1400.0
3695.0,63911.52107682303,2660.0,13,7,1400.0
3696.0,63930.85104437235,2660.0,13,7,1400.0
3697.0,63950.1744125707,2660.0,13,7,1400.0
3698.0,63969.491313405066,2660.0,13,7,1400.0
3699.0,63988.801876222744,2660.0,13,7,1400.0
3700.0,64008.106227784076,2660.0,13,7,1400.0
3701.0,64027.404492314185,2660.0,13,7,1400.0
3702.0,64046.69679155368,2660.0,13,7,1400.0
3703.0,64065.9832448084,2660.0,13,7,1400.0
3704.0,64085.26396899801,2660.0,13,7,1400.0
3705.0,64104.539078703834,2660.0,13,7,1400.0
3706.0,64123.80868621554,2660.0,13,7,1400.0
3707.0,64143.07290157701,2660.0,13,7,1400.0
3708.0,64162.33183263126,2660.0,13,7,1400.0
3709.0,64181.58558506442,2660.0,13,7,1400.0
3710.0,64200.83426244891,2660.0,13,7,1400.0
3711.0,64220.077966285724,2660.0,13,7,1400.0
3712.0,64239.316796045794,2660.0,13,7,1400.0
3713.0,64258.55084921066,2660.0,13,7,1400.0
3714.0,64277.780221312234,2660.0,13,7,1400.0
3715.0,64297.00500597177,2660.0,13,7,1400.0
3716.0,64316.225294938115,2660.0,13,7,1400.0
3717.0,64335.44117812514,2660.0,13,7,1400.0
3718.0,64354.652743648425,2660.0,13,7,1400.0
3719.0,64373.860077861245,2660.0,13,7,1400.0
3720.0,64393.0632653898,2660.0,13,7,1400.0
3721.0,64412.26238916779,2660.0,13,7,1400.0
3722.0,64431.45753047022,2660.0,13,7,1400.0
3723.0,64450.6487689466,2660.0,13,7,1400.0
3724.0,64469.836182653446,2660.0,13,7,1400.0
3725.0,64489.019848086165,2660.0,13,7,1400.0
3726.0,64508.199840210225,2660.0,13,7,1400.0
3727.0,64527.376232491806,2660.0,13,7,1400.0
3728.0,64546.54909692775,2660.0,13,7,1400.0
3729.0,64565.71850407498,2660.0,13,7,1400.0
3730.0,64584.884523079265,2660.0,13,7,1400.0
3731.0,64604.04722170346,2660.0,13,7,1400.0
3732.0,64623.206666355174,2660.0,13,7,1400.0
3733.0,64642.36292211386,2660.0,13,7,1400.0
3734.0,64661.51605275737,2660.0,13,7,1400.0
3735.0,64680.666120788,2660.0,13,7,1400.0
3736.0,64699.813187458036,2660.0,13,7,1400.0
3737.0,64718.95731279465,2660.0,13,7,1400.0
3738.0,64738.09855562455,2660.0,13,7,1400.0
3739.0,64757.23697359784,2660.0,13,7,1400.0
3740.0,64776.37262321166,2660.0,13,7,1400.0
3741.0,64795.50555983322,2660.0,13,7,1400.0
3742.0,64814.63583772234,2660.0,13,7,1400.0
3743.0,64833.76351005368,2660.0,13,7,1400.0
3744.0,64852.88862893838,2660.0,13,7,1400.0
3745.0,64872.01124544541,2660.0,13,7,1400.0
3746.0,64891.05192068356,2664.0,13,7,1396.0
3747.0,64910.07202487804,2669.0,13,7,1391.0
3748.0,64929.07202487804,2675.0,13,7,1385.0
3749.0,64948.07202487804,2681.0,13,7,1379.0
3750.0,64967.07202487804,2687.0,13,7,1373.0
3751.0,64986.07202487804,2693.0,13,7,1367.0
3752.0,65005.07202487804,2699.0,13,7,1361.0
3753.0,65024.07202487804,2705.0,13,7,1355.0
3754.0,65043.07202487804,2711.0,13,7,1349.0
3755.0,65062.07202487804,2717.0,13,7,1343.0
3756.0,65081.07202487804,2723.0,13,7,1337.0
3757.0,65100.07202487804,2729.0,13,7,1331.0
3758.0,65119.07202487804,2735.0,13,7,1325.0
3759.0,65138.07202487804,2741.0,13,7,1319.0
3760.0,65157.07202487804,2747.0,13,7,1313.0
3761.0,65176.07202487804,2753.0,13,7,1307.0
3762.0,65195.07202487804,2759.0,13,7,1301.0
3763.0,65214.07202487804,2765.0,13,7,1295.0
3764.0,65233.07202487804,2771.0,13,7,1289.0
3765.0,65252.07202487804,2777.0,13,7,1283.0
3766.0,65271.07202487804,2783.0,13,7,1277.0
3767.0,65290.07202487804,2789.0,13,7,1271.0
3768.0,65309.07202487804,2795.0,13,7,1265.0
3769.0,65328.07202487804,2801.0,13,7,1259.0
3770.0,65347.07202487804,2807.0,13,7,1253.0
3771.0,65366.07202487804,2813.0,13,7,1247.0
3772.0,65385.07202487804,2819.0,13,7,1241.0
3773.0,65404.07202487804,2825.0,13,7,1235.0
3774.0,65423.07202487804,2831.0,13,7,1229.0
3775.0,65442.07202487804,2837.0,13,7,1223.0
3776.0,65461.07202487804,2843.0,13,7,1217.0
3777.0,65480.07202487804,2849.0,13,7,1211.0
3778.0,65499.07202487804,2855.0,13,7,1205.0
3779.0,65518.07202487804,2861.0,13,7,1199.0
3780.0,65537.07202487804,2867.0,13,7,1193.0
3781.0,65556.07202487804,2870.0,14,6,1190.0
3782.0,65564.77202487805,2870.0,14,6,1190.0
3783.0,65566.02202487805,2870.0,14,6,1190.0
3784.0,65568.0412529825,2870.0,14,6,1190.0
3785.0,65571.30118351619,2870.0,14,6,1190.0
3786.0,65575.80731351106,2870.0,14,6,1190.0
3787.0,65581.5614411413,2870.0,14,6,1190.0
3788.0,65588.5643428305,2870.0,14,6,1190.0
3789.0,65596.81641914524,2870.0,14,6,1190.0
3790.0,65606.31790256672,2870.0,14,6,1190.0
3791.0,65617.06893966095,2870.0,14,6,1190.0
3792.0,65629.06962865074,2870.0,14,6,1190.0
3793.0,65642.32003852141,2870.0,14,6,1190.0
3794.0,65656.82021955507,2870.0,14,6,1190.0
3795.0,65672.57020952004,2870.0,14,6,1190.0
3796.0,65689.57003749943,2870.0,14,6,1190.0
3797.0,65707.819726361,2870.0,14,6,1190.0
3798.0,65727.3192944085,2870.0,14,6,1190.0
3799.0,65748.06875651906,2870.0,14,6,1190.0
3800.0,65770.06812494734,2870.0,14,6,1190.0
3801.0,65793.31740990722,2870.0,14,6,1190.0
3802.0,65817.81662000046,2870.0,14,6,1190.0
3803.0,65842.8157625388,2870.0,14,6,1190.0
3804.0,65867.8157625388,2870.0,14,6,1190.0
3805.0,65892.8157625388,2870.0,14,6,1190.0
3806.0,65917.8157625388,2870.0,14,6,1190.0
3807.0,65942.8157625388,2870.0,14,6,1190.0
3808.0,65967.8157625388,2870.0,14,6,1190.0
3809.0,65992.8157625388,2870.0,14,6,1190.0
3810.0,66017.8157625388,2870.0,14,6,1190.0
3811.0,66042.8157625388,2870.0,14,6,1190.0
3812.0,66067.8157625388,2870.0,14,6,1190.0
3813.0,66092.8157625388,2870.0,14,6,1190.0
3814.0,66117.8157625388,2870.0,14,6,1190.0
3815.0,66142.8157625388,2870.0,14,6,1190.0
3816.0,66167.8157625388,2870.0,14,6,1190.0
3817.0,66192.8157625388,2870.0,14,6,1190.0
3818.0,66217.8157625388,2870.0,14,6,1190.0
3819.0,66242.8157625388,2870.0,14,6,1190.0
3820.0,66267.8157625388,2870.0,14,6,1190.0
3821.0,66292.8157625388,2870.0,14,6,1190.0
3822.0,66317.8157625388,2870.0,14,6,1190.0
3823.0,66342.8157625388,2870.0,14,6,1190.0
3824.0,66367.8157625388,2870.0,14,6,1190.0
3825.0,66392.8157625388,2870.0,14,6,1190.0
3826.0,66417.8157625388,2870.0,14,6,1190.0
3827.0,66442.8157625388,2870.0,14,6,1190.0
3828.0,66467.8157625388,2870.0,14,6,1190.0
3829.0,66492.8157625388,2870.0,14,6,1190.0
3830.0,66517.8157625388,2870.0,14,6,1190.0
3831.0,66542.8157625388,2870.0,14,6,1190.0
3832.0,66567.8157625388,2870.0,14,6,1190.0
3833.0,66592.8157625388,2870.0,14,6,1190.0
3834.0,66617.8157625388,2870.0,14,6,1190.0
3835.0,66642.8157625388,2870.0,14,6,1190.0
3836.0,66667.8157625388,2870.0,14,6,1190.0
3837.0,66692.8157625388,2870.0,14,6,1190.0
3838.0,66717.8157625388,2870.0,14,6,1190.0
3839.0,66742.8157625388,2870.0,14,6,1190.0
3840.0,66767.8157625388,2870.0,14,6,1190.0
3841.0,66792.8157625388,2870.0,14,6,1190.0
3842.0,66817.8157625388,2870.0,14,6,1190.0
3843.0,66842.8157625388,2870.0,14,6,1190.0
3844.0,66867.8157625388,2870.0,14,6,1190.0
3845.0,66892.8157625388,2870.0,14,6,1190.0
3846.0,66917.8157625388,2870.0,14,6,1190.0
3847.0,66942.8157625388,2870.0,14,6,1190.0
3848.0,66967.8157625388,2870.0,14,6,1190.0
3849.0,66992.8157625388,2870.0,14,6,1190.0
3850.0,67017.8157625388,2870.0,14,6,1190.0
3851.0,67042.8157625388,2870.0,14,6,1190.0
3852.0,67067.8157625388,2870.0,14,6,1190.0
3853.0,67092.8157625388,2870.0,14,6,1190.0
3854.0,67117.8157625388,2870.0,14,6,1190.0
3855.0,67142.8157625388,2870.0,14,6,1190.0
3856.0,67167.8157625388,2870.0,14,6,1190.0
3857.0,67192.8157625388,2870.0,14,6,1190.0
3858.0,67217.8157625388,2870.0,14,6,1190.0
3859.0,67242.8157625388,2870.0,14,6,1190.0
3860.0,67267.8157625388,2870.0,14,6,1190.0
3861.0,67292.8157625388,2870.0,14,6,1190.0
3862.0,67317.8157625388,2870.0,14,6,1190.0
3863.0,67342.8157625388,2870.0,14,6,1190.0
3864.0,67367.8157625388,2870.0,14,6,1190.0
3865.0,67392.8157625388,2870.0,14,6,1190.0
3866.0,67417.8157625388,2870.0,14,6,1190.0
3867.0,67442.8157625388,2870.0,14,6,1190.0
3868.0,67467.8157625388,2870.0,14,6,1190.0
3869.0,67492.8157625388,2870.0,14,6,1190.0
3870.0,67517.8157625388,2870.0,14,6,1190.0
3871.0,67542.8157625388,2870.0,14,6,1190.0
3872.0,67567.8157625388,2870.0,14,6,1190.0
3873.0,67592.8157625388,2870.0,14,6,1190.0
3874.0,67617.8157625388,2870.0,14,6,1190.0
3875.0,67642.8157625388,2870.0,14,6,1190.0
3876.0,67667.8157625388,2870.0,14,6,1190.0
3877.0,67692.8157625388,2870.0,14,6,1190.0
3878.0,67717.8157625388,2870.0,14,6,1190.0
3879.0,67742.8157625388,2870.0,14,6,1190.0
3880.0,67767.8157625388,2870.0,14,6,1190.0
3881.0,67792.8157625388,2870.0,14,6,1190.0
3882.0,67817.8157625388,2870.0,14,6,1190.0
3883.0,67842.8157625388,2870.0,14,6,1190.0
3884.0,67867.8157625388,2870.0,14,6,1190.0
3885.0,67892.8157625388,2870.0,14,6,1190.0
3886.0,67917.8157625388,2870.0,14,6,1190.0
3887.0,67942.8157625388,2870.0,14,6,1190.0
3888.0,67967.8157625388,2870.0,14,6,1190.0
3889.0,67991.76270124713,2870.0,14,6,1190.0
3890.0,68008.97357729038,2870.0,14,6,1190.0
3891.0,68012.17572403216,2870.0,14,6,1190.0
3892.0,68016.77814824066,2870.0,14,6,1190.0
3893.0,68022.74774169839,2870.0,14,6,1190.0
3894.0,68030.0643500615,2870.0,14,6,1190.0
3895.0,68038.72808933999,2870.0,14,6,1190.0
3896.0,68048.73908542027,2870.0,14,6,1190.0
3897.0,68060.09747775093,2870.0,14,6,1190.0
3898.0,68072.80342464162,2870.0,14,6,1190.0
3899.0,68086.8034023696,2870.0,14,6,1190.0
3900.0,68102.09141755279,2870.0,14,6,1190.0
3901.0,68118.66795018528,2870.0,14,6,1190.0
3902.0,68136.53356580577,2870.0,14,6,1190.0
3903.0,68155.68897139041,2870.0,14,6,1190.0
3904.0,68176.13512025593,2870.0,14,6,1190.0
3905.0,68197.87342535576,2870.0,14,6,1190.0
3906.0,68220.90623551565,2870.0,14,6,1190.0
3907.0,68245.23800310271,2870.0,14,6,1190.0
3908.0,68270.87819374878,2870.0,14,6,1190.0
3909.0,68297.69606053413,2870.0,14,6,1190.0
3910.0,68325.31731950045,2870.0,14,6,1190.0
3911.0,68352.96013918148,2870.0,14,6,1190.0
3912.0,68380.63327478805,2870.0,14,6,1190.0
3913.0,68408.34085873648,2870.0,14,6,1190.0
3914.0,68436.08507869112,2870.0,14,6,1190.0
3915.0,68463.86724411712,2870.0,14,6,1190.0
3916.0,68491.68822473289,2870.0,14,6,1190.0
3917.0,68519.5486487545,2870.0,14,6,1190.0
3918.0,68547.44900120822,2870.0,14,6,1190.0
3919.0,68575.37551262316,2870.0,14,6,1190.0
3920.0,68603.3229646315,2870.0,14,6,1190.0
3921.0,68631.2920438536,2870.0,14,6,1190.0
3922.0,68659.28339853532,2870.0,14,6,1190.0
3923.0,68687.29764628607,2870.0,14,6,1190.0
3924.0,68715.3222445987,2870.0,14,6,1190.0
3925.0,68743.35116165175,2870.0,14,6,1190.0
3926.0,68771.38534404399,2870.0,14,6,1190.0
3927.0,68799.42571367686,2870.0,14,6,1190.0
3928.0,68827.47316947757,2870.0,14,6,1190.0
3929.0,68855.52206422585,2870.0,14,6,1190.0
3930.0,68883.52998107915,2870.0,14,6,1190.0
3931.0,68911.4977395954,2870.0,14,6,1190.0
3932.0,68939.42614294132,2870.0,14,6,1190.0
3933.0,68967.30889231697,2870.0,14,6,1190.0
3934.0,68995.13398670513,2870.0,14,6,1190.0
3935.0,69022.90257920552,2870.0,14,6,1190.0
3936.0,69050.61579985589,2870.0,14,6,1190.0
3937.0,69078.27475609326,2870.0,14,6,1190.0
3938.0,69105.88053320588,2870.0,14,6,1190.0
3939.0,69133.43419477624,2870.0,14,6,1190.0
3940.0,69160.93678311522,2870.0,14,6,1190.0
3941.0,69188.3893196874,2870.0,14,6,1190.0
3942.0,69215.79280552814,2870.0,14,6,1190.0
3943.0,69243.14822165207,2870.0,14,6,1190.0
3944.0,69270.44425470113,2870.0,14,6,1190.0
3945.0,69297.6743670892,2870.0,14,6,1190.0
3946.0,69324.83987722952,2870.0,14,6,1190.0
3947.0,69351.94207716703,2870.0,14,6,1190.0
3948.0,69378.98223310577,2870.0,14,6,1190.0
3949.0,69405.96158592576,2870.0,14,6,1190.0
3950.0,69432.88135168936,2870.0,14,6,1190.0
3951.0,69459.74272213766,2870.0,14,6,1190.0
3952.0,69486.546865177,2870.0,14,6,1190.0
3953.0,69513.29492535557,2870.0,14,6,1190.0
3954.0,69539.98802433054,2870.0,14,6,1190.0
3955.0,69566.62726132605,2870.0,14,6,1190.0
3956.0,69593.21371358163,2870.0,14,6,1190.0
3957.0,69619.74843679208,2870.0,14,6,1190.0
3958.0,69646.23246553836,2870.0,14,6,1190.0
3959.0,69672.66681370967,2870.0,14,6,1190.0
3960.0,69699.05247491757,2870.0,14,6,1190.0
3961.0,69725.39042290133,2870.0,14,6,1190.0
3962.0,69751.68161192539,2870.0,14,6,1190.0
3963.0,69777.92697716899,2870.0,14,6,1190.0
3964.0,69804.1274351077,2870.0,14,6,1190.0
3965.0,69830.28388388766,2870.0,14,6,1190.0
3966.0,69856.397203692,2870.0,14,6,1190.0
3967.0,69882.46825710025,2870.0,14,6,1190.0
3968.0,69908.49788944035,2870.0,14,6,1190.0
3969.0,69934.48692913364,2870.0,14,6,1190.0
3970.0,69960.43618803307,2870.0,14,6,1190.0
3971.0,69986.34646175451,2870.0,14,6,1190.0
3972.0,70012.21853000151,2870.0,14,6,1190.0
3973.0,70038.05315688359,2870.0,14,6,1190.0
3974.0,70063.851091228,2870.0,14,6,1190.0
3975.0,70089.61306688555,2870.0,14,6,1190.0
3976.0,70115.33980302994,2870.0,14,6,1190.0
3977.0,70141.03200445145,2870.0,14,6,1190.0
3978.0,70166.6903618445,2870.0,14,6,1190.0
3979.0,70192.31555208973,2870.0,14,6,1190.0
3980.0,70217.90823853001,2870.0,14,6,1190.0
3981.0,70243.46907124152,2870.0,14,6,1190.0
3982.0,70268.9986872988,2870.0,14,6,1190.0
3983.0,70294.49771103493,2870.0,14,6,1190.0
3984.0,70319.9667542963,2870.0,14,6,1190.0
3985.0,70345.40641669248,2870.0,14,6,1190.0
3986.0,70370.81728584073,2870.0,14,6,1190.0
3987.0,70396.19993760603,2870.0,14,6,1190.0
3988.0,70421.554936336,2870.0,14,6,1190.0
3989.0,70446.88283509138,2870.0,14,6,1190.0
3990.0,70472.18417587165,2870.0,14,6,1190.0
3991.0,70497.45948983631,2870.0,14,6,1190.0
3992.0,70522.70929752168,2870.0,14,6,1190.0
3993.0,70547.93410905336,2870.0,14,6,1190.0
3994.0,70573.13442435439,2870.0,14,6,1190.0
3995.0,70598.3107333494,2870.0,14,6,1190.0
3996.0,70623.46351616451,2870.0,14,6,1190.0
3997.0,70648.59324332331,2870.0,14,6,1190.0
3998.0,70673.70037593896,2870.0,14,6,1190.0
3999.0,70698.76576343887,2870.0,14,6,1190.0
4000.0,70723.80984318878,2870.0,14,6,1190.0
4001.0,70748.8330413437,2870.0,14,6,1190.0
4002.0,70773.83577553552,2870.0,14,6,1190.0
4003.0,70798.8184550435,2870.0,14,6,1190.0
4004.0,70823.78148096132,2870.0,14,6,1190.0
4005.0,70848.72524636079,2870.0,14,6,1190.0
4006.0,70873.65013645226,2870.0,14,6,1190.0
4007.0,70898.5565287419,2870.0,14,6,1190.0
4008.0,70923.44479318576,2870.0,14,6,1190.0
4009.0,70948.31529234075,2870.0,14,6,1190.0
4010.0,70973.16838151262,2870.0,14,6,1190.0
4011.0,70998.00440890106,2870.0,14,6,1190.0
4012.0,71022.82371574173,2870.0,14,6,1190.0
4013.0,71047.62663644558,2870.0,14,6,1190.0
4014.0,71072.41349873538,2870.0,14,6,1190.0
4015.0,71097.18462377935,2870.0,14,6,1190.0
4016.0,71121.94032632247,2870.0,14,6,1190.0
4017.0,71146.68091481469,2870.0,14,6,1190.0
4018.0,71171.40669153711,2870.0,14,6,1190.0
4019.0,71196.11795272505,2870.0,14,6,1190.0
4020.0,71220.81498868925,2870.0,14,6,1190.0
4021.0,71245.49808393416,2870.0,14,6,1190.0
4022.0,71270.16751727415,2870.0,14,6,1190.0
4023.0,71294.82356194737,2870.0,14,6,1190.0
4024.0,71319.46648572711,2870.0,14,6,1190.0
4025.0,71344.09655103127,2870.0,14,6,1190.0
4026.0,71368.71401502933,2870.0,14,6,1190.0
4027.0,71393.31912974744,2870.0,14,6,1190.0
4028.0,71417.91214217119,2870.0,14,6,1190.0
4029.0,71442.49329434645,2870.0,14,6,1190.0
4030.0,71467.06282347822,2870.0,14,6,1190.0
4031.0,71491.62096202734,2870.0,14,6,1190.0
4032.0,71516.16793780548,2870.0,14,6,1190.0
4033.0,71540.70397406808,2870.0,14,6,1190.0
4034.0,71565.2292896054,2870.0,14,6,1190.0
4035.0,71589.74409883199,2870.0,14,6,1190.0
4036.0,71614.24861187405,2870.0,14,6,1190.0
4037.0,71638.74303465526,2870.0,14,6,1190.0
4038.0,71663.22756898084,2870.0,14,6,1190.0
4039.0,71687.70241261992,2870.0,14,6,1190.0
4040.0,71712.1677593862,2870.0,14,6,1190.0
4041.0,71736.62379921718,2870.0,14,6,1190.0
4042.0,71761.07071825152,2870.0,14,6,1190.0
4043.0,71785.50869890519,2870.0,14,6,1190.0
4044.0,71809.93791994578,2870.0,14,6,1190.0
4045.0,71834.35855656555,2870.0,14,6,1190.0
4046.0,71858.77078045293,2870.0,14,6,1190.0
4047.0,71883.17475986258,2870.0,14,6,1190.0
4048.0,71907.57065968402,2870.0,14,6,1190.0
4049.0,71931.95864150903,2870.0,14,6,1190.0
4050.0,71956.33886369753,2870.0,14,6,1190.0
4051.0,71980.71148144228,2870.0,14,6,1190.0
4052.0,72005.07664683212,2870.0,14,6,1190.0
4053.0,72029.43450891417,2870.0,14,6,1190.0
4054.0,72053.78521375459,2870.0,14,6,1190.0
4055.0,72078.1289044982,2870.0,14,6,1190.0
4056.0,72102.46572142692,2870.0,14,6,1190.0
4057.0,72126.79580201706,2870.0,14,6,1190.0
4058.0,72151.0992969841,2870.0,14,6,1190.0
4059.0,72175.39672205181,2870.0,14,6,1190.0
4060.0,72199.68819861815,2870.0,14,6,1190.0
4061.0,72223.97384565316,2870.0,14,6,1190.0
4062.0,72248.25377974748,2870.0,14,6,1190.0
4063.0,72272.52811515992,2870.0,14,6,1190.0
4064.0,72296.79696386408,2870.0,14,6,1190.0
4065.0,72321.06043559419,2870.0,14,6,1190.0
4066.0,72345.3186378897,2870.0,14,6,1190.0
4067.0,72369.57167613927,2870.0,14,6,1190.0
4068.0,72393.81965362385,2870.0,14,6,1190.0
4069.0,72418.06267155877,2870.0,14,6,1190.0
4070.0,72442.30082913497,2870.0,14,6,1190.0
4071.0,72466.53422355966,2870.0,14,6,1190.0
4072.0,72490.76295009583,2870.0,14,6,1190.0
4073.0,72514.9871021013,2870.0,14,6,1190.0
4074.0,72539.20677106666,2870.0,14,6,1190.0
4075.0,72563.42204665269,2870.0,14,6,1190.0
4076.0,72587.63301672702,2870.0,14,6,1190.0
4077.0,72611.83976739987,2870.0,14,6,1190.0
4078.0,72636.04238305923,2870.0,14,6,1190.0
4079.0,72660.24094640544,2870.0,14,6,1190.0
4080.0,72684.43553848471,2870.0,14,6,1190.0
4081.0,72708.62623872238,2870.0,14,6,1190.0
4082.0,72732.81312495533,2870.0,14,6,1190.0
4083.0,72756.9962734636,2870.0,14,6,1190.0
4084.0,72781.1757590017,2870.0,14,6,1190.0
4085.0,72805.35165482905,2870.0,14,6,1190.0
4086.0,72829.52403273985,2870.0,14,6,1190.0
4087.0,72853.69296309243,2870.0,14,6,1190.0
4088.0,72877.85851483795,2870.0,14,6,1190.0
4089.0,72902.02075554858,2870.0,14,6,1190.0
4090.0,72926.17975144499,2870.0,14,6,1190.0
4091.0,72950.33556742346,2870.0,14,6,1190.0
4092.0,72974.48826708237,2870.0,14,6,1190.0
4093.0,72998.63791274812,2870.0,14,6,1190.0
4094.0,73022.78456550052,2870.0,14,6,1190.0
4095.0,73046.92828519791,2870.0,14,6,1190.0
4096.0,73071.06913050132,2870.0,14,6,1190.0
4097.0,73095.20715889867,2870.0,14,6,1190.0
4098.0,73119.34242672806,2870.0,14,6,1190.0
4099.0,73143.4749892009,2870.0,14,6,1190.0
4100.0,73167.60490042425,2870.0,14,6,1190.0
4101.0,73191.73221342315,2870.0,14,6,1190.0
4102.0,73215.85698016206,2870.0,14,6,1190.0
4103.0,73239.9792515662,2870.0,14,6,1190.0
4104.0,73264.09907754225,2870.0,14,6,1190.0
4105.0,73288.21650699878,2870.0,14,6,1190.0
4106.0,73312.3315878662,2870.0,14,6,1190.0
4107.0,73336.44436711624,2870.0,14,6,1190.0
4108.0,73360.5548907813,2870.0,14,6,1190.0
4109.0,73384.66320397305,2870.0,14,6,1190.0
4110.0,73408.76935090098,2870.0,14,6,1190.0
4111.0,73432.87337489032,2870.0,14,6,1190.0
4112.0,73456.95534567763,2870.0,14,6,1190.0
4113.0,73481.03567704919,2870.0,14,6,1190.0
4114.0,73505.11440179331,2870.0,14,6,1190.0
4115.0,73529.19155204257,2870.0,14,6,1190.0
4116.0,73553.26715928683,2870.0,14,6,1190.0
4117.0,73577.32126081147,2870.0,14,6,1190.0
4118.0,73601.37428030564,2870.0,14,6,1190.0
4119.0,73625.4262394099,2870.0,14,6,1190.0
4120.0,73649.47715933209,2870.0,14,6,1190.0
4121.0,73673.52706085583,2870.0,14,6,1190.0
4122.0,73697.57596434912,2870.0,14,6,1190.0
4123.0,73721.62388977251,2870.0,14,6,1190.0
4124.0,73745.67085668746,2870.0,14,6,1190.0
4125.0,73769.7168842641,2870.0,14,6,1190.0
4126.0,73793.76199128921,2870.0,14,6,1190.0
4127.0,73817.78648237315,2870.0,14,6,1190.0
4128.0,73841.8104836354,2870.0,14,6,1190.0
4129.0,73865.83400487242,2870.0,14,6,1190.0
4130.0,73889.8570556847,2870.0,14,6,1190.0
4131.0,73913.87964548073,2870.0,14,6,1190.0
4132.0,73937.90178348085,2870.0,14,6,1190.0
4133.0,73961.92347872094,2870.0,14,6,1190.0
4134.0,73985.94474005625,2870.0,14,6,1190.0
4135.0,74009.96557616485,2870.0,14,6,1190.0
4136.0,74033.98599555128,2870.0,14,6,1190.0
4137.0,74058.00600654999,2870.0,14,6,1190.0
4138.0,74082.00600654999,2872.0,14,6,1188.0
4139.0,74106.00600654999,2878.0,14,6,1182.0
4140.0,74130.00600654999,2884.0,14,6,1176.0
4141.0,74154.00600654999,2890.0,14,6,1170.0
4142.0,74178.00600654999,2896.0,14,6,1164.0
4143.0,74202.00600654999,2902.0,14,6,1158.0
4144.0,74226.00600654999,2908.0,14,6,1152.0
4145.0,74250.00600654999,2914.0,14,6,1146.0
4146.0,74274.00600654999,2920.0,14,6,1140.0
4147.0,74298.00600654999,2926.0,14,6,1134.0
4148.0,74322.00600654999,2932.0,14,6,1128.0
4149.0,74346.00600654999,2938.0,14,6,1122.0
4150.0,74370.00600654999,2944.0,14,6,1116.0
4151.0,74394.00600654999,2950.0,14,6,1110.0
4152.0,74418.00600654999,2956.0,14,6,1104.0
4153.0,74442.00600654999,2962.0,14,6,1098.0
4154.0,74466.00600654999,2968.0,14,6,1092.0
4155.0,74490.00600654999,2974.0,14,6,1086.0
4156.0,74514.00600654999,2980.0,14,6,1080.0
4157.0,74538.00600654999,2986.0,14,6,1074.0
4158.0,74562.00600654999,2992.0,14,6,1068.0
4159.0,74586.00600654999,2998.0,14,6,1062.0
4160.0,74610.00600654999,3004.0,14,6,1056.0
4161.0,74634.00600654999,3010.0,14,6,1050.0
4162.0,74658.00600654999,3016.0,14,6,1044.0
4163.0,74682.00600654999,3022.0,14,6,1038.0
4164.0,74706.00600654999,3028.0,14,6,1032.0
4165.0,74730.00600654999,3034.0,14,6,1026.0
4166.0,74754.00600654999,3040.0,14,6,1020.0
4167.0,74778.00600654999,3046.0,14,6,1014.0
4168.0,74802.00600654999,3052.0,14,6,1008.0
4169.0,74826.00600654999,3058.0,14,6,1002.0
4170.0,74850.00600654999,3064.0,14,6,996.0
4171.0,74874.00600654999,3070.0,14,6,990.0
4172.0,74898.00600654999,3076.0,14,6,984.0
4173.0,74922.10600654998,3080.0,15,5,980.0
4174.0,74946.50600654999,3080.0,15,5,980.0
4175.0,74971.20600654998,3080.0,15,5,980.0
4176.0,74996.20600654998,3080.0,15,5,980.0
4177.0,75021.50600654999,3080.0,15,5,980.0
4178.0,75047.10600654998,3080.0,15,5,980.0
4179.0,75073.00600654999,3080.0,15,5,980.0
4180.0,75099.20600654998,3080.0,15,5,980.0
4181.0,75125.70600654998,3080.0,15,5,980.0
4182.0,75152.50600654999,3080.0,15,5,980.0
4183.0,75179.60600654998,3080.0,15,5,980.0
4184.0,75207.00600654999,3080.0,15,5,980.0
4185.0,75234.70600654998,3080.0,15,5,980.0
4186.0,75262.70600654998,3080.0,15,5,980.0
4187.0,75291.00600654999,3080.0,15,5,980.0
4188.0,75319.60600654998,3080.0,15,5,980.0
4189.0,75348.50600654999,3080.0,15,5,980.0
4190.0,75377.70600654998,3080.0,15,5,980.0
4191.0,75407.20600654998,3080.0,15,5,980.0
4192.0,75437.00600654999,3080.0,15,5,980.0
4193.0,75467.00600654999,3080.0,15,5,980.0
4194.0,75497.00600654999,3080.0,15,5,980.0
4195.0,75527.00600654999,3080.0,15,5,980.0
4196.0,75557.00600654999,3080.0,15,5,980.0
4197.0,75587.00600654999,3080.0,15,5,980.0
4198.0,75617.00600654999,3080.0,15,5,980.0
4199.0,75647.00600654999,3080.0,15,5,980.0
4200.0,75677.00600654999,3080.0,15,5,980.0
4201.0,75707.00600654999,3080.0,15,5,980.0
4202.0,75737.00600654999,3080.0,15,5,980.0
4203.0,75767.00600654999,3080.0,15,5,980.0
4204.0,75797.00600654999,3080.0,15,5,980.0
4205.0,75827.00600654999,3080.0,15,5,980.0
4206.0,75857.00600654999,3080.0,15,5,980.0
4207.0,75887.00600654999,3080.0,15,5,980.0
4208.0,75917.00600654999,3080.0,15,5,980.0
4209.0,75947.00600654999,3080.0,15,5,980.0
4210.0,75977.00600654999,3080.0,15,5,980.0
4211.0,76007.00600654999,3080.0,15,5,980.0
4212.0,76037.00600654999,3080.0,15,5,980.0
4213.0,76067.00600654999,3080.0,15,5,980.0
4214.0,76097.00600654999,3080.0,15,5,980.0
4215.0,76127.00600654999,3080.0,15,5,980.0
4216.0,76157.00600654999,3080.0,15,5,980.0
4217.0,76187.00600654999,3080.0,15,5,980.0
4218.0,76217.00600654999,3080.0,15,5,980.0
4219.0,76247.00600654999,3080.0,15,5,980.0
4220.0,76277.00600654999,3080.0,15,5,980.0
4221.0,76307.00600654999,3080.0,15,5,980.0
4222.0,76337.00600654999,3080.0,15,5,980.0
4223.0,76367.00600654999,3080.0,15,5,980.0
4224.0,76397.00600654999,3080.0,15,5,980.0
4225.0,76427.00600654999,3080.0,15,5,980.0
4226.0,76457.00600654999,3080.0,15,5,980.0
4227.0,76487.00600654999,3080.0,15,5,980.0
4228.0,76517.00600654999,3080.0,15,5,980.0
4229.0,76547.00600654999,3080.0,15,5,980.0
4230.0,76577.00600654999,3080.0,15,5,980.0
4231.0,76607.00600654999,3080.0,15,5,980.0
4232.0,76637.00600654999,3080.0,15,5,980.0
4233.0,76667.00600654999,3080.0,15,5,980.0
4234.0,76697.00600654999,3080.0,15,5,980.0
4235.0,76727.00600654999,3080.0,15,5,980.0
4236.0,76757.00600654999,3080.0,15,5,980.0
4237.0,76787.00600654999,3080.0,15,5,980.0
4238.0,76817.00600654999,3080.0,15,5,980.0
4239.0,76847.00600654999,3080.0,15,5,980.0
4240.0,76877.00600654999,3080.0,15,5,980.0
4241.0,76907.00600654999,3080.0,15,5,980.0
4242.0,76937.00600654999,3080.0,15,5,980.0
4243.0,76967.00600654999,3080.0,15,5,980.0
4244.0,76997.00600654999,3080.0,15,5,980.0
4245.0,77027.00600654999,3080.0,15,5,980.0
4246.0,77057.00600654999,3080.0,15,5,980.0
4247.0,77087.00600654999,3080.0,15,5,980.0
4248.0,77117.00600654999,3080.0,15,5,980.0
4249.0,77147.00600654999,3080.0,15,5,980.0
4250.0,77177.00600654999,3080.0,15,5,980.0
4251.0,77207.00600654999,3080.0,15,5,980.0
4252.0,77237.00600654999,3080.0,15,5,980.0
4253.0,77267.00600654999,3080.0,15,5,980.0
4254.0,77297.00600654999,3080.0,15,5,980.0
4255.0,77327.00600654999,3080.0,15,5,980.0
4256.0,77357.00600654999,3080.0,15,5,980.0
4257.0,77387.00600654999,3080.0,15,5,980.0
4258.0,77417.00600654999,3080.0,15,5,980.0
4259.0,77447.00600654999,3080.0,15,5,980.0
4260.0,77477.00600654999,3080.0,15,5,980.0
4261.0,77507.00600654999,3080.0,15,5,980.0
4262.0,77537.00600654999,3080.0,15,5,980.0
4263.0,77567.00600654999,3080.0,15,5,980.0
4264.0,77597.00600654999,3080.0,15,5,980.0
4265.0,77627.00600654999,3080.0,15,5,980.0
4266.0,77657.00600654999,3080.0,15,5,980.0
4267.0,77687.00600654999,3080.0,15,5,980.0
4268.0,77717.00600654999,3080.0,15,5,980.0
4269.0,77747.00600654999,3080.0,15,5,980.0
4270.0,77777.00600654999,3080.0,15,5,980.0
4271.0,77807.00600654999,3080.0,15,5,980.0
4272.0,77837.00600654999,3080.0,15,5,980.0
4273.0,77867.00600654999,3080.0,15,5,980.0
4274.0,77897.00600654999,3080.0,15,5,980.0
4275.0,77927.00600654999,3080.0,15,5,980.0
4276.0,77957.00600654997,3080.0,15,5,980.0
4277.0,77987.00600654997,3080.0,15,5,980.0
4278.0,78017.00600654997,3080.0,15,5,980.0
4279.0,78047.00600654997,3080.0,15,5,980.0
4280.0,78077.00600654997,3080.0,15,5,980.0
4281.0,78107.00600654997,3080.0,15,5,980.0
4282.0,78137.00600654997,3080.0,15,5,980.0
4283.0,78167.00600654997,3080.0,15,5,980.0
4284.0,78197.00600654997,3080.0,15,5,980.0
4285.0,78227.00600654997,3080.0,15,5,980.0
4286.0,78257.00600654997,3080.0,15,5,980.0
4287.0,78287.00600654997,3080.0,15,5,980.0
4288.0,78317.00600654997,3080.0,15,5,980.0
4289.0,78347.00600654997,3080.0,15,5,980.0
4290.0,78377.00600654997,3080.0,15,5,980.0
4291.0,78407.00600654997,3080.0,15,5,980.0
4292.0,78437.00600654997,3080.0,15,5,980.0
4293.0,78467.00600654997,3080.0,15,5,980.0
4294.0,78497.00600654997,3080.0,15,5,980.0
4295.0,78527.00600654997,3080.0,15,5,980.0
4296.0,78557.00600654997,3080.0,15,5,980.0
4297.0,78587.00600654997,3080.0,15,5,980.0
4298.0,78617.00600654997,3080.0,15,5,980.0
4299.0,78647.00600654997,3080.0,15,5,980.0
4300.0,78677.00600654997,3080.0,15,5,980.0
4301.0,78707.00600654997,3080.0,15,5,980.0
4302.0,78737.00600654997,3080.0,15,5,980.0
4303.0,78767.00600654997,3080.0,15,5,980.0
4304.0,78797.00600654997,3080.0,15,5,980.0
4305.0,78827.00600654997,3080.0,15,5,980.0
4306.0,78857.00600654997,3080.0,15,5,980.0
4307.0,78887.00600654997,3080.0,15,5,980.0
4308.0,78917.00600654997,3080.0,15,5,980.0
4309.0,78947.00600654997,3080.0,15,5,980.0
4310.0,78977.00600654997,3080.0,15,5,980.0
4311.0,79007.00600654997,3080.0,15,5,980.0
4312.0,79037.00600654997,3080.0,15,5,980.0
4313.0,79067.00600654997,3080.0,15,5,980.0
4314.0,79097.00600654997,3080.0,15,5,980.0
4315.0,79127.00600654997,3080.0,15,5,980.0
4316.0,79157.00600654997,3080.0,15,5,980.0
4317.0,79187.00600654997,3080.0,15,5,980.0
4318.0,79217.00600654997,3080.0,15,5,980.0
4319.0,79247.00600654997,3080.0,15,5,980.0
4320.0,79277.00600654997,3080.0,15,5,980.0
4321.0,79307.00600654997,3080.0,15,5,980.0
4322.0,79337.00600654997,3080.0,15,5,980.0
4323.0,79367.00600654997,3080.0,15,5,980.0
4324.0,79397.00600654997,3080.0,15,5,980.0
4325.0,79427.00600654997,3080.0,15,5,980.0
4326.0,79457.00600654997,3080.0,15,5,980.0
4327.0,79487.00600654997,3080.0,15,5,980.0
4328.0,79517.00600654997,3080.0,15,5,980.0
4329.0,79547.00600654997,3080.0,15,5,980.0
4330.0,79577.00600654997,3080.0,15,5,980.0
4331.0,79607.00600654997,3080.0,15,5,980.0
4332.0,79637.00600654997,3080.0,15,5,980.0
4333.0,79667.00600654997,3080.0,15,5,980.0
4334.0,79697.00600654997,3080.0,15,5,980.0
4335.0,79727.00600654997,3080.0,15,5,980.0
4336.0,79757.00600654997,3080.0,15,5,980.0
4337.0,79787.00600654997,3080.0,15,5,980.0
4338.0,79817.00600654997,3080.0,15,5,980.0
4339.0,79847.00600654997,3080.0,15,5,980.0
4340.0,79877.00600654997,3080.0,15,5,980.0
4341.0,79907.00600654997,3080.0,15,5,980.0
4342.0,79937.00600654997,3080.0,15,5,980.0
4343.0,79967.00600654997,3080.0,15,5,980.0
4344.0,79997.00600654997,3080.0,15,5,980.0
4345.0,80027.00600654997,3080.0,15,5,980.0
4346.0,80057.00600654997,3080.0,15,5,980.0
4347.0,80087.00600654997,3080.0,15,5,980.0
4348.0,80117.00600654997,3080.0,15,5,980.0
4349.0,80147.00600654997,3080.0,15,5,980.0
4350.0,80177.00600654997,3080.0,15,5,980.0
4351.0,80207.00600654997,3080.0,15,5,980.0
4352.0,80237.00600654997,3080.0,15,5,980.0
4353.0,80267.00600654997,3080.0,15,5,980.0
4354.0,80297.00600654997,3080.0,15,5,980.0
4355.0,80327.00600654997,3080.0,15,5,980.0
4356.0,80357.00600654997,3080.0,15,5,980.0
4357.0,80387.00600654997,3080.0,15,5,980.0
4358.0,80417.00600654997,3080.0,15,5,980.0
4359.0,80447.00600654997,3080.0,15,5,980.0
4360.0,80477.00600654997,3080.0,15,5,980.0
4361.0,80507.00600654997,3080.0,15,5,980.0
4362.0,80537.00600654997,3080.0,15,5,980.0
4363.0,80567.00600654997,3080.0,15,5,980.0
4364.0,80597.00600654997,3080.0,15,5,980.0
4365.0,80627.00600654997,3080.0,15,5,980.0
4366.0,80657.00600654997,3080.0,15,5,980.0
4367.0,80687.00600654997,3080.0,15,5,980.0
4368.0,80717.00600654997,3080.0,15,5,980.0
4369.0,80747.00600654997,3080.0,15,5,980.0
4370.0,80777.00600654997,3080.0,15,5,980.0
4371.0,80807.00600654997,3080.0,15,5,980.0
4372.0,80837.00600654997,3080.0,15,5,980.0
4373.0,80867.00600654997,3080.0,15,5,980.0
4374.0,80897.00600654997,3080.0,15,5,980.0
4375.0,80927.00600654997,3080.0,15,5,980.0
4376.0,80957.00600654997,3080.0,15,5,980.0
4377.0,80987.00600654997,3080.0,15,5,980.0
4378.0,81017.00600654997,3080.0,15,5,980.0
4379.0,81047.00600654997,3080.0,15,5,980.0
4380.0,81077.00600654997,3080.0,15,5,980.0
4381.0,81107.00600654997,3080.0,15,5,980.0
4382.0,81137.00600654997,3080.0,15,5,980.0
4383.0,81167.00600654997,3080.0,15,5,980.0
4384.0,81197.00600654999,3080.0,15,5,980.0
4385.0,81227.00600654999,3080.0,15,5,980.0
4386.0,81257.00600654999,3080.0,15,5,980.0
4387.0,81287.00600654999,3080.0,15,5,980.0
4388.0,81317.00600654999,3080.0,15,5,980.0
4389.0,81347.00600654999,3080.0,15,5,980.0
4390.0,81377.00600654999,3080.0,15,5,980.0
4391.0,81407.00600654999,3080.0,15,5,980.0
4392.0,81437.00600654999,3080.0,15,5,980.0
4393.0,81467.00600654999,3080.0,15,5,980.0
4394.0,81497.00600654999,3080.0,15,5,980.0
4395.0,81527.00600654999,3080.0,15,5,980.0
4396.0,81557.00600654999,3080.0,15,5,980.0
4397.0,81587.00600654999,3080.0,15,5,980.0
4398.0,81617.00600654999,3080.0,15,5,980.0
4399.0,81647.00600654999,3080.0,15,5,980.0
4400.0,81677.00600654999,3080.0,15,5,980.0
4401.0,81707.00600654999,3080.0,15,5,980.0
4402.0,81737.00600654999,3080.0,15,5,980.0
4403.0,81767.00600654999,3080.0,15,5,980.0
4404.0,81797.00600654999,3080.0,15,5,980.0
4405.0,81827.00600654999,3080.0,15,5,980.0
4406.0,81857.00600654999,3080.0,15,5,980.0
4407.0,81887.00600654999,3080.0,15,5,980.0
4408.0,81917.00600654999,3080.0,15,5,980.0
4409.0,81947.00600654999,3080.0,15,5,980.0
4410.0,81977.00600654999,3080.0,15,5,980.0
4411.0,82007.00600654999,3080.0,15,5,980.0
4412.0,82037.00600654999,3080.0,15,5,980.0
4413.0,82067.00600654999,3080.0,15,5,980.0
4414.0,82097.00600654999,3080.0,15,5,980.0
4415.0,82127.00600654999,3080.0,15,5,980.0
4416.0,82157.00600654999,3080.0,15,5,980.0
4417.0,82187.00600654999,3080.0,15,5,980.0
4418.0,82217.00600654999,3080.0,15,5,980.0
4419.0,82247.00600654999,3080.0,15,5,980.0
4420.0,82277.00600654999,3080.0,15,5,980.0
4421.0,82307.00600654999,3080.0,15,5,980.0
4422.0,82337.00600654999,3080.0,15,5,980.0
4423.0,82367.00600654999,3080.0,15,5,980.0
4424.0,82397.00600654999,3080.0,15,5,980.0
4425.0,82427.00600654999,3080.0,15,5,980.0
4426.0,82457.00600654999,3080.0,15,5,980.0
4427.0,82487.00600654999,3080.0,15,5,980.0
4428.0,82517.00600654999,3080.0,15,5,980.0
4429.0,82547.00600654999,3080.0,15,5,980.0
4430.0,82577.00600654999,3080.0,15,5,980.0
4431.0,82607.00600654999,3080.0,15,5,980.0
4432.0,82637.00600654999,3080.0,15,5,980.0
4433.0,82667.00600654999,3080.0,15,5,980.0
4434.0,82697.00600654999,3080.0,15,5,980.0
4435.0,82727.00600654999,3080.0,15,5,980.0
4436.0,82757.00600654999,3080.0,15,5,980.0
4437.0,82787.00600654999,3080.0,15,5,980.0
4438.0,82817.00600654999,3080.0,15,5,980.0
4439.0,82847.00600654999,3080.0,15,5,980.0
4440.0,82877.00600654999,3080.0,15,5,980.0
4441.0,82907.00600654999,3080.0,15,5,980.0
4442.0,82937.00600654999,3080.0,15,5,980.0
4443.0,82967.00600654999,3080.0,15,5,980.0
4444.0,82997.00600654999,3080.0,15,5,980.0
4445.0,83027.00600654999,3080.0,15,5,980.0
4446.0,83057.00600654999,3080.0,15,5,980.0
4447.0,83087.00600654999,3080.0,15,5,980.0
4448.0,83117.00600654999,3080.0,15,5,980.0
4449.0,83147.00600654999,3080.0,15,5,980.0
4450.0,83177.00600654999,3080.0,15,5,980.0
4451.0,83207.00600654999,3080.0,15,5,980.0
4452.0,83237.00600654999,3080.0,15,5,980.0
4453.0,83267.00600654999,3080.0,15,5,980.0
4454.0,83297.00600654999,3080.0,15,5,980.0
4455.0,83327.00600654999,3080.0,15,5,980.0
4456.0,83357.00600654999,3080.0,15,5,980.0
4457.0,83387.00600654999,3080.0,15,5,980.0
4458.0,83417.00600654999,3080.0,15,5,980.0
4459.0,83447.00600654999,3080.0,15,5,980.0
4460.0,83477.00600654999,3080.0,15,5,980.0
4461.0,83507.00600654999,3080.0,15,5,980.0
4462.0,83537.00600654999,3080.0,15,5,980.0
4463.0,83567.00600654999,3080.0,15,5,980.0
4464.0,83597.00600654999,3080.0,15,5,980.0
4465.0,83627.00600654999,3080.0,15,5,980.0
4466.0,83657.00600654999,3080.0,15,5,980.0
4467.0,83687.00600654999,3080.0,15,5,980.0
4468.0,83717.00600654999,3080.0,15,5,980.0
4469.0,83747.00600654999,3080.0,15,5,980.0
4470.0,83777.00600654999,3080.0,15,5,980.0
4471.0,83807.00600654999,3080.0,15,5,980.0
4472.0,83837.00600654999,3080.0,15,5,980.0
4473.0,83867.00600654999,3080.0,15,5,980.0
4474.0,83897.00600654999,3080.0,15,5,980.0
4475.0,83927.00600654999,3080.0,15,5,980.0
4476.0,83957.00600654999,3080.0,15,5,980.0
4477.0,83987.00600654999,3080.0,15,5,980.0
4478.0,84017.00600654999,3080.0,15,5,980.0
4479.0,84047.00600654999,3080.0,15,5,980.0
4480.0,84077.00600654999,3080.0,15,5,980.0
4481.0,84107.00600654999,3080.0,15,5,980.0
4482.0,84137.00600654999,3080.0,15,5,980.0
4483.0,84167.00600654999,3080.0,15,5,980.0
4484.0,84197.00600654999,3080.0,15,5,980.0
4485.0,84227.00600654999,3080.0,15,5,980.0
4486.0,84257.00600654999,3080.0,15,5,980.0
4487.0,84287.00600654999,3080.0,15,5,980.0
4488.0,84317.00600654999,3080.0,15,5,980.0
4489.0,84347.00600654999,3080.0,15,5,980.0
4490.0,84377.00600654999,3080.0,15,5,980.0
4491.0,84407.00600654999,3080.0,15,5,980.0
4492.0,84437.00600654999,3080.0,15,5,980.0
4493.0,84467.00600654999,3080.0,15,5,980.0
4494.0,84497.00600654999,3080.0,15,5,980.0
4495.0,84527.00600654999,3080.0,15,5,980.0
4496.0,84556.00600654999,3080.0,15,5,980.0
4497.0,84585.00600654999,3080.0,15,5,980.0
4498.0,84614.00600654999,3080.0,15,5,980.0
4499.0,84643.00600654999,3080.0,15,5,980.0
4500.0,84672.00600654999,3080.0,15,5,980.0
4501.0,84700.00600654999,3080.0,15,5,980.0
4502.0,84728.00600654999,3080.0,15,5,980.0
4503.0,84756.00600654999,3080.0,15,5,980.0
4504.0,84784.00600654999,3080.0,15,5,980.0
4505.0,84812.00600654999,3080.0,15,5,980.0
4506.0,84840.00600654999,3080.0,15,5,980.0
4507.0,84868.00600654999,3080.0,15,5,980.0
4508.0,84896.00600654999,3080.0,15,5,980.0
4509.0,84924.00600654999,3080.0,15,5,980.0
4510.0,84952.00600654999,3080.0,15,5,980.0
4511.0,84980.00600654999,3080.0,15,5,980.0
4512.0,85008.00600654999,3080.0,15,5,980.0
4513.0,85036.00600654999,3080.0,15,5,980.0
4514.0,85064.00600654999,3080.0,15,5,980.0
4515.0,85092.00600654999,3080.0,15,5,980.0
4516.0,85120.00600654999,3080.0,15,5,980.0
4517.0,85148.00600654999,3080.0,15,5,980.0
4518.0,85176.00600654999,3080.0,15,5,980.0
4519.0,85204.00600654999,3080.0,15,5,980.0
4520.0,85232.00600654999,3080.0,15,5,980.0
4521.0,85260.00600654999,3080.0,15,5,980.0
4522.0,85288.00600654999,3080.0,15,5,980.0
4523.0,85316.00600654999,3080.0,15,5,980.0
4524.0,85343.00600654999,3080.0,15,5,980.0
4525.0,85370.00600654999,3080.0,15,5,980.0
4526.0,85397.00600654999,3080.0,15,5,980.0
4527.0,85424.00600654999,3080.0,15,5,980.0
4528.0,85451.00600654999,3080.0,15,5,980.0
4529.0,85478.00600654999,3080.0,15,5,980.0
4530.0,85505.00600654999,3080.0,15,5,980.0
4531.0,85532.00600654999,3080.0,15,5,980.0
4532.0,85559.00600654999,3080.0,15,5,980.0
4533.0,85586.00600654999,3080.0,15,5,980.0
4534.0,85613.00600654999,3080.0,15,5,980.0
4535.0,85639.00600654999,3080.0,15,5,980.0
4536.0,85665.00600654999,3080.0,15,5,980.0
4537.0,85691.00600654999,3080.0,15,5,980.0
4538.0,85717.00600654999,3080.0,15,5,980.0
4539.0,85743.00600654999,3080.0,15,5,980.0
4540.0,85769.00600654999,3080.0,15,5,980.0
4541.0,85795.00600654999,3080.0,15,5,980.0
4542.0,85821.00600654999,3080.0,15,5,980.0
4543.0,85847.00600654999,3080.0,15,5,980.0
4544.0,85873.00600654999,3080.0,15,5,980.0
4545.0,85899.00600654999,3080.0,15,5,980.0
4546.0,85925.00600654999,3080.0,15,5,980.0
4547.0,85951.00600654999,3080.0,15,5,980.0
4548.0,85977.00600654999,3080.0,15,5,980.0
4549.0,86003.00600654999,3080.0,15,5,980.0
4550.0,86029.00600654999,3080.0,15,5,980.0
4551.0,86055.00600654999,3080.0,15,5,980.0
4552.0,86081.00600654999,3080.0,15,5,980.0
4553.0,86106.00600654999,3080.0,15,5,980.0
4554.0,86131.00600654999,3080.0,15,5,980.0
4555.0,86156.00600654999,3080.0,15,5,980.0
4556.0,86181.00600654999,3080.0,15,5,980.0
4557.0,86206.00600654999,3080.0,15,5,980.0
4558.0,86231.00600654999,3080.0,15,5,980.0
4559.0,86253.2129395321,3080.0,15,5,980.0
4560.0,86266.9820916822,3080.0,15,5,980.0
4561.0,86276.01229575973,3080.0,15,5,980.0
4562.0,86286.17195004443,3080.0,15,5,980.0
4563.0,86297.46336208895,3080.0,15,5,980.0
4564.0,86309.88898366166,3080.0,15,5,980.0
4565.0,86323.45140119355,3080.0,15,5,980.0
4566.0,86338.15332136581,3080.0,15,5,980.0
4567.0,86353.98683579854,3080.0,15,5,980.0
4568.0,86370.90675959666,3080.0,15,5,980.0
4569.0,86388.91620287366,3080.0,15,5,980.0
4570.0,86408.0072739749,3080.0,15,5,980.0
4571.0,86428.13232247179,3080.0,15,5,980.0
4572.0,86449.29465007364,3080.0,15,5,980.0
4573.0,86471.4974803039,3080.0,15,5,980.0
4574.0,86494.74393377049,3080.0,15,5,980.0
4575.0,86519.03700777117,3080.0,15,5,980.0
4576.0,86544.37956072435,3080.0,15,5,980.0
4577.0,86570.77430149908,3080.0,15,5,980.0
4578.0,86598.22378337031,3080.0,15,5,980.0
4579.0,86626.58040207444,3080.0,15,5,980.0
4580.0,86655.39639729596,3080.0,15,5,980.0
4581.0,86684.19907659371,3080.0,15,5,980.0
4582.0,86712.98570230548,3080.0,15,5,980.0
4583.0,86741.75659550301,3080.0,15,5,980.0
4584.0,86770.51207083659,3080.0,15,5,980.0
4585.0,86799.25243666349,3080.0,15,5,980.0
4586.0,86827.97799517386,3080.0,15,5,980.0
4587.0,86856.68904251404,3080.0,15,5,980.0
4588.0,86885.38586890741,3080.0,15,5,980.0
4589.0,86914.06875877289,3080.0,15,5,980.0
4590.0,86942.73799084107,3080.0,15,5,980.0
4591.0,86971.39383826789,3080.0,15,5,980.0
4592.0,87000.02614087367,3080.0,15,5,980.0
4593.0,87028.62579742735,3080.0,15,5,980.0
4594.0,87057.19346084993,3080.0,15,5,980.0
4595.0,87085.72977100406,3080.0,15,5,980.0
4596.0,87114.23443567447,3080.0,15,5,980.0
4597.0,87142.68900705143,3080.0,15,5,980.0
4598.0,87171.0944870009,3080.0,15,5,980.0
4599.0,87199.45185735132,3080.0,15,5,980.0
4600.0,87227.76208029478,3080.0,15,5,980.0
4601.0,87256.02609877937,3080.0,15,5,980.0
4602.0,87284.24483689424,3080.0,15,5,980.0
4603.0,87312.41920024683,3080.0,15,5,980.0
4604.0,87340.55007633235,3080.0,15,5,980.0
4605.0,87368.63833489618,3080.0,15,5,980.0
4606.0,87396.68482828874,3080.0,15,5,980.0
4607.0,87424.69039181343,3080.0,15,5,980.0
4608.0,87452.65584406763,3080.0,15,5,980.0
4609.0,87480.58198727676,3080.0,15,5,980.0
4610.0,87508.4696076217,3080.0,15,5,980.0
4611.0,87536.31947555972,3080.0,15,5,980.0
4612.0,87564.132346139,3080.0,15,5,980.0
4613.0,87591.90895930669,3080.0,15,5,980.0
4614.0,87619.65004021104,3080.0,15,5,980.0
4615.0,87647.35629949727,3080.0,15,5,980.0
4616.0,87675.02843359779,3080.0,15,5,980.0
4617.0,87702.6617988789,3080.0,15,5,980.0
4618.0,87730.24122902,3080.0,15,5,980.0
4619.0,87757.70959753741,3080.0,15,5,980.0
4620.0,87785.0416985056,3080.0,15,5,980.0
4621.0,87812.19606240437,3080.0,15,5,980.0
4622.0,87839.16733902512,3080.0,15,5,980.0
4623.0,87865.95919011347,3080.0,15,5,980.0
4624.0,87892.57520418009,3080.0,15,5,980.0
4625.0,87919.01889796532,3080.0,15,5,980.0
4626.0,87945.29371787491,3080.0,15,5,980.0
4627.0,87971.40304138628,3080.0,15,5,980.0
4628.0,87997.35017842738,3080.0,15,5,980.0
4629.0,88023.1383727277,3080.0,15,5,980.0
4630.0,88048.77080314202,3080.0,15,5,980.0
4631.0,88074.25058494802,3080.0,15,5,980.0
4632.0,88099.58077111794,3080.0,15,5,980.0
4633.0,88124.76435356447,3080.0,15,5,980.0
4634.0,88149.80426436203,3080.0,15,5,980.0
4635.0,88174.70337694365,3080.0,15,5,980.0
4636.0,88199.46450727363,3080.0,15,5,980.0
4637.0,88224.09041499702,3080.0,15,5,980.0
4638.0,88248.58380456595,3080.0,15,5,980.0
4639.0,88272.94732634348,3080.0,15,5,980.0
4640.0,88297.18357768547,3080.0,15,5,980.0
4641.0,88321.29510400063,3080.0,15,5,980.0
4642.0,88345.28439978947,3080.0,15,5,980.0
4643.0,88369.15390966256,3080.0,15,5,980.0
4644.0,88392.90602933816,3080.0,15,5,980.0
4645.0,88416.54310662026,3080.0,15,5,980.0
4646.0,88440.0674423567,3080.0,15,5,980.0
4647.0,88463.48129137847,3080.0,15,5,980.0
4648.0,88486.78686341972,3080.0,15,5,980.0
4649.0,88509.9863240202,3080.0,15,5,980.0
4650.0,88533.08179540865,3080.0,15,5,980.0
4651.0,88556.07535736935,3080.0,15,5,980.0
4652.0,88578.96904809083,3080.0,15,5,980.0
4653.0,88601.76486499785,3080.0,15,5,980.0
4654.0,88624.46476556678,3080.0,15,5,980.0
4655.0,88647.0706681243,3080.0,15,5,980.0
4656.0,88669.58445263069,3080.0,15,5,980.0
4657.0,88692.00796144691,3080.0,15,5,980.0
4658.0,88714.34300008684,3080.0,15,5,980.0
4659.0,88736.59133795396,3080.0,15,5,980.0
4660.0,88758.75470906377,3080.0,15,5,980.0
4661.0,88780.83481275136,3080.0,15,5,980.0
4662.0,88802.83331436518,3080.0,15,5,980.0
4663.0,88824.75184594674,3080.0,15,5,980.0
4664.0,88846.59200689665,3080.0,15,5,980.0
4665.0,88868.35536462758,3080.0,15,5,980.0
4666.0,88890.04345520391,3080.0,15,5,980.0
4667.0,88911.6577839687,3080.0,15,5,980.0
4668.0,88933.19982615818,3080.0,15,5,980.0
4669.0,88954.67102750388,3080.0,15,5,980.0
4670.0,88976.07280482264,3080.0,15,5,980.0
4671.0,88997.40654659507,3080.0,15,5,980.0
4672.0,89018.67361353204,3080.0,15,5,980.0
4673.0,89039.87533913023,3080.0,15,5,980.0
4674.0,89061.0130302165,3080.0,15,5,980.0
4675.0,89082.08796748106,3080.0,15,5,980.0
4676.0,89103.10140600026,3080.0,15,5,980.0
4677.0,89124.05457574915,3080.0,15,5,980.0
4678.0,89144.94868210302,3080.0,15,5,980.0
4679.0,89165.78490632982,3080.0,15,5,980.0
4680.0,89186.56440607208,3080.0,15,5,980.0
4681.0,89207.28831581952,3080.0,15,5,980.0
4682.0,89227.95774737198,3080.0,15,5,980.0
4683.0,89248.57379029342,3080.0,15,5,980.0
4684.0,89269.13751235639,3080.0,15,5,980.0
4685.0,89289.64995997812,3080.0,15,5,980.0
4686.0,89310.11215864742,3080.0,15,5,980.0
4687.0,89330.52511334335,3080.0,15,5,980.0
4688.0,89350.88980894533,3080.0,15,5,980.0
4689.0,89371.20721063527,3080.0,15,5,980.0
4690.0,89391.47826429145,3080.0,15,5,980.0
4691.0,89411.70389687447,3080.0,15,5,980.0
4692.0,89431.88501680584,3080.0,15,5,980.0
4693.0,89452.0225143386,3080.0,15,5,980.0
4694.0,89472.1172619207,3080.0,15,5,980.0
4695.0,89492.17011455115,3080.0,15,5,980.0
4696.0,89512.18191012897,3080.0,15,5,980.0
4697.0,89532.15346979527,3080.0,15,5,980.0
4698.0,89552.08559826823,3080.0,15,5,980.0
4699.0,89571.9790841717,3080.0,15,5,980.0
4700.0,89591.83470035714,3080.0,15,5,980.0
4701.0,89611.65320421886,3080.0,15,5,980.0
4702.0,89631.43533800336,3080.0,15,5,980.0
4703.0,89651.18182911215,3080.0,15,5,980.0
4704.0,89670.89339039876,3080.0,15,5,980.0
4705.0,89690.57072045965,3080.0,15,5,980.0
4706.0,89710.2145039193,3080.0,15,5,980.0
4707.0,89729.82541170978,3080.0,15,5,980.0
4708.0,89749.40410134447,3080.0,15,5,980.0
4709.0,89768.9512171864,3080.0,15,5,980.0
4710.0,89788.46739071156,3080.0,15,5,980.0
4711.0,89807.95324076619,3080.0,15,5,980.0
4712.0,89827.40937381971,3080.0,15,5,980.0
4713.0,89846.83638421216,3080.0,15,5,980.0
4714.0,89866.23485439684,3080.0,15,5,980.0
4715.0,89885.60535517774,3080.0,15,5,980.0
4716.0,89904.94844594304,3080.0,15,5,980.0
4717.0,89924.26467489306,3080.0,15,5,980.0
4718.0,89943.55457926405,3080.0,15,5,980.0
4719.0,89962.81868554762,3080.0,15,5,980.0
4720.0,89982.03754168775,3080.0,15,5,980.0
4721.0,90001.2320207051,3080.0,15,5,980.0
4722.0,90020.40261014207,3080.0,15,5,980.0
4723.0,90039.54978779031,3080.0,15,5,980.0
4724.0,90058.67402188561,3080.0,15,5,980.0
4725.0,90077.775771299,3080.0,15,5,980.0
4726.0,90096.85548572411,3080.0,15,5,980.0
4727.0,90115.91360586075,3080.0,15,5,980.0
4728.0,90134.95056359461,3080.0,15,5,980.0
4729.0,90153.96678217381,3080.0,15,5,980.0
4730.0,90172.96267638143,3080.0,15,5,980.0
4731.0,90191.93865270488,3080.0,15,5,980.0
4732.0,90210.8951095019,3080.0,15,5,980.0
4733.0,90229.8324371629,3080.0,15,5,980.0
4734.0,90248.75101827076,3080.0,15,5,980.0
4735.0,90267.65122775643,3080.0,15,5,980.0
4736.0,90286.53343305239,3080.0,15,5,980.0
4737.0,90305.39799424243,3080.0,15,5,980.0
4738.0,90324.22549074102,3080.0,15,5,980.0
4739.0,90343.03643730964,3080.0,15,5,980.0
4740.0,90361.83116494687,3080.0,15,5,980.0
4741.0,90380.60999803137,3080.0,15,5,980.0
4742.0,90399.3732544542,3080.0,15,5,980.0
4743.0,90418.12124574854,3080.0,15,5,980.0
4744.0,90436.85427721697,3080.0,15,5,980.0
4745.0,90455.57264805611,3080.0,15,5,980.0
4746.0,90474.2766514784,3080.0,15,5,980.0
4747.0,90492.96657483227,3080.0,15,5,980.0
4748.0,90511.64269971906,3080.0,15,5,980.0
4749.0,90530.30530210811,3080.0,15,5,980.0
4750.0,90548.95465244938,3080.0,15,5,980.0
4751.0,90567.59101578384,3080.0,15,5,980.0
4752.0,90586.2146518516,3080.0,15,5,980.0
4753.0,90604.82581519798,3080.0,15,5,980.0
4754.0,90623.42475527746,3080.0,15,5,980.0
4755.0,90642.01171655534,3080.0,15,5,980.0
4756.0,90660.58693860765,3080.0,15,5,980.0
4757.0,90679.15065621896,3080.0,15,5,980.0
4758.0,90697.70309947804,3080.0,15,5,980.0
4759.0,90716.2444938719,3080.0,15,5,980.0
4760.0,90734.7750603779,3080.0,15,5,980.0
4761.0,90753.29501555374,3080.0,15,5,980.0
4762.0,90771.80457162613,3080.0,15,5,980.0
4763.0,90790.30393657702,3080.0,15,5,980.0
4764.0,90808.79331422891,3080.0,15,5,980.0
4765.0,90827.27290432778,3080.0,15,5,980.0
4766.0,90845.74290262465,3080.0,15,5,980.0
4767.0,90864.2035009556,3080.0,15,5,980.0
4768.0,90882.65488731992,3080.0,15,5,980.0
4769.0,90901.09724595695,3080.0,15,5,980.0
4770.0,90919.53075742122,3080.0,15,5,980.0
4771.0,90937.95559865626,3080.0,15,5,980.0
4772.0,90956.37194306657,3080.0,15,5,980.0
4773.0,90974.77996058867,3080.0,15,5,980.0
4774.0,90993.17981776033,3080.0,15,5,980.0
4775.0,91011.57167778854,3080.0,15,5,980.0
4776.0,91029.95570061624,3080.0,15,5,980.0
4777.0,91048.33204298734,3080.0,15,5,980.0
4778.0,91066.70085851103,3080.0,15,5,980.0
4779.0,91085.06229772422,3080.0,15,5,980.0
4780.0,91103.4165081532,3080.0,15,5,980.0
4781.0,91121.76363437355,3080.0,15,5,980.0
4782.0,91140.1038180695,3080.0,15,5,980.0
4783.0,91158.43719809153,3080.0,15,5,980.0
4784.0,91176.76391051317,3080.0,15,5,980.0
4785.0,91195.08408868636,3080.0,15,5,980.0
4786.0,91213.37821584847,3080.0,15,5,980.0
4787.0,91231.66646046733,3080.0,15,5,980.0
4788.0,91249.94894019386,3080.0,15,5,980.0
4789.0,91268.22577032587,3080.0,15,5,980.0
4790.0,91286.47722761938,3080.0,15,5,980.0
4791.0,91304.72365576704,3080.0,15,5,980.0
4792.0,91322.96515535176,3080.0,15,5,980.0
4793.0,91341.20182494479,3080.0,15,5,980.0
4794.0,91359.43376114595,3080.0,15,5,980.0
4795.0,91377.66105862308,3080.0,15,5,980.0
4796.0,91395.88381015067,3080.0,15,5,980.0
4797.0,91414.10210664771,3080.0,15,5,980.0
4798.0,91432.31603721483,3080.0,15,5,980.0
4799.0,91450.52568917061,3080.0,15,5,980.0
4800.0,91468.73114808724,3080.0,15,5,980.0
4801.0,91486.93249782556,3080.0,15,5,980.0
4802.0,91505.1298205691,3080.0,15,5,980.0
4803.0,91523.32319685779,3080.0,15,5,980.0
4804.0,91541.51270562067,3080.0,15,5,980.0
4805.0,91559.69842420833,3080.0,15,5,980.0
4806.0,91577.88042842419,3080.0,15,5,980.0
4807.0,91596.05879255579,3080.0,15,5,980.0
4808.0,91614.23358940473,3080.0,15,5,980.0
4809.0,91632.40489031668,3080.0,15,5,980.0
4810.0,91650.57276521041,3080.0,15,5,980.0
4811.0,91668.71753386635,3080.0,15,5,980.0
4812.0,91686.81972315922,3082.0,15,5,978.0
4813.0,91704.8805465009,3089.0,15,5,971.0
4814.0,91722.90054730163,3100.0,15,5,960.0
4815.0,91740.90054730163,3112.0,15,5,948.0
4816.0,91758.90054730163,3124.0,15,5,936.0
4817.0,91776.90054730163,3136.0,15,5,924.0
4818.0,91794.90054730163,3148.0,15,5,912.0
4819.0,91812.90054730163,3160.0,15,5,900.0
4820.0,91830.90054730163,3172.0,15,5,888.0
4821.0,91848.90054730163,3184.0,15,5,876.0
4822.0,91866.90054730163,3196.0,15,5,864.0
4823.0,91884.90054730163,3208.0,15,5,852.0
4824.0,91902.90054730163,3220.0,15,5,840.0
4825.0,91920.90054730163,3232.0,15,5,828.0
4826.0,91938.90054730163,3244.0,15,5,816.0
4827.0,91956.90054730166,3256.0,15,5,804.0
4828.0,91974.90054730166,3268.0,15,5,792.0
4829.0,91992.90054730166,3280.0,15,5,780.0
4830.0,92010.90054730166,3292.0,15,5,768.0
4831.0,92028.90054730166,3304.0,15,5,756.0
4832.0,92046.90054730166,3316.0,15,5,744.0
4833.0,92064.90054730166,3328.0,15,5,732.0
4834.0,92082.90054730166,3340.0,15,5,720.0
4835.0,92100.90054730166,3352.0,15,5,708.0
4836.0,92118.90054730166,3364.0,15,5,696.0
4837.0,92136.90054730166,3376.0,15,5,684.0
4838.0,92154.90054730166,3388.0,15,5,672.0
4839.0,92172.90054730166,3400.0,15,5,660.0
4840.0,92190.90054730166,3412.0,15,5,648.0
4841.0,92208.90054730166,3424.0,15,5,636.0
4842.0,92226.90054730166,3436.0,15,5,624.0
4843.0,92244.90054730166,3448.0,15,5,612.0
4844.0,92262.90054730166,3460.0,15,5,600.0
4845.0,92280.90054730166,3472.0,15,5,588.0
4846.0,92298.90054730166,3484.0,15,5,576.0
4847.0,92316.90054730166,3496.0,15,5,564.0
4848.0,92335.10054730164,3500.0,17,3,560.0
4849.0,92349.05054730165,3500.0,17,3,560.0
4850.0,92351.05054730164,3500.0,17,3,560.0
4851.0,92353.80554473859,3500.0,17,3,560.0
4852.0,92358.04800699136,3500.0,17,3,560.0
4853.0,92363.78611437832,3500.0,17,3,560.0
4854.0,92371.02211939024,3500.0,17,3,560.0
4855.0,92379.75689994838,3500.0,17,3,560.0
4856.0,92389.99088196958,3500.0,17,3,560.0
4857.0,92401.7243028717,3500.0,17,3,560.0
4858.0,92414.95730814476,3500.0,17,3,560.0
4859.0,92429.68999326341,3500.0,17,3,560.0
4860.0,92445.92242420753,3500.0,17,3,560.0
4861.0,92463.65464845629,3500.0,17,3,560.0
4862.0,92482.88670130353,3500.0,17,3,560.0
4863.0,92503.61860969382,3500.0,17,3,560.0
4864.0,92525.85039466056,3500.0,17,3,560.0
4865.0,92549.5820729356,3500.0,17,3,560.0
4866.0,92574.81365804639,3500.0,17,3,560.0
4867.0,92601.54516108439,3500.0,17,3,560.0
4868.0,92629.57659125648,3500.0,17,3,560.0
4869.0,92658.8079562887,3500.0,17,3,560.0
4870.0,92688.78926272743,3500.0,17,3,560.0
4871.0,92718.78926272743,3500.0,17,3,560.0
4872.0,92748.78926272743,3500.0,17,3,560.0
4873.0,92778.78926272743,3500.0,17,3,560.0
4874.0,92808.78926272743,3500.0,17,3,560.0
4875.0,92838.78926272743,3500.0,17,3,560.0
4876.0,92868.78926272743,3500.0,17,3,560.0
4877.0,92898.78926272743,3500.0,17,3,560.0
4878.0,92928.78926272743,3500.0,17,3,560.0
4879.0,92958.78926272743,3500.0,17,3,560.0
4880.0,92988.78926272743,3500.0,17,3,560.0
4881.0,93018.78926272743,3500.0,17,3,560.0
4882.0,93048.78926272743,3500.0,17,3,560.0
4883.0,93078.78926272743,3500.0,17,3,560.0
4884.0,93108.78926272743,3500.0,17,3,560.0
4885.0,93138.78926272743,3500.0,17,3,560.0
4886.0,93168.78926272743,3500.0,17,3,560.0
4887.0,93198.78926272743,3500.0,17,3,560.0
4888.0,93228.78926272743,3500.0,17,3,560.0
4889.0,93258.78926272743,3500.0,17,3,560.0
4890.0,93288.78926272743,3500.0,17,3,560.0
4891.0,93318.78926272743,3500.0,17,3,560.0
4892.0,93348.78926272743,3500.0,17,3,560.0
4893.0,93378.78926272743,3500.0,17,3,560.0
4894.0,93408.78926272743,3500.0,17,3,560.0
4895.0,93438.78926272743,3500.0,17,3,560.0
4896.0,93468.78926272743,3500.0,17,3,560.0
4897.0,93498.78926272743,3500.0,17,3,560.0
4898.0,93528.78926272743,3500.0,17,3,560.0
4899.0,93558.78926272743,3500.0,17,3,560.0
4900.0,93588.78926272743,3500.0,17,3,560.0
4901.0,93618.78926272743,3500.0,17,3,560.0
4902.0,93648.78926272743,3500.0,17,3,560.0
4903.0,93678.78926272743,3500.0,17,3,560.0
4904.0,93708.78926272743,3500.0,17,3,560.0
4905.0,93738.78926272743,3500.0,17,3,560.0
4906.0,93768.78926272743,3500.0,17,3,560.0
4907.0,93798.78926272743,3500.0,17,3,560.0
4908.0,93828.78926272743,3500.0,17,3,560.0
4909.0,93858.78926272743,3500.0,17,3,560.0
4910.0,93888.78926272743,3500.0,17,3,560.0
4911.0,93918.78926272743,3500.0,17,3,560.0
4912.0,93948.78926272743,3500.0,17,3,560.0
4913.0,93978.78926272743,3500.0,17,3,560.0
4914.0,94008.78926272743,3500.0,17,3,560.0
4915.0,94038.78926272743,3500.0,17,3,560.0
4916.0,94068.78926272743,3500.0,17,3,560.0
4917.0,94098.78926272743,3500.0,17,3,560.0
4918.0,94128.78926272743,3500.0,17,3,560.0
4919.0,94158.78926272743,3500.0,17,3,560.0
4920.0,94188.77678421892,3500.0,17,3,560.0
4921.0,94218.74455528059,3500.0,17,3,560.0
4922.0,94248.69297092102,3500.0,17,3,560.0
4923.0,94278.62241824865,3500.0,17,3,560.0
4924.0,94308.53327662972,3500.0,17,3,560.0
4925.0,94337.53327662972,3500.0,17,3,560.0
4926.0,94366.53327662972,3500.0,17,3,560.0
4927.0,94395.53327662972,3500.0,17,3,560.0
4928.0,94424.53327662972,3500.0,17,3,560.0
4929.0,94453.53327662972,3500.0,17,3,560.0
4930.0,94482.53327662972,3500.0,17,3,560.0
4931.0,94511.53327662972,3500.0,17,3,560.0
4932.0,94540.53327662972,3500.0,17,3,560.0
4933.0,94569.53327662972,3500.0,17,3,560.0
4934.0,94598.53327662972,3500.0,17,3,560.0
4935.0,94627.53327662972,3500.0,17,3,560.0
4936.0,94656.53327662972,3500.0,17,3,560.0
4937.0,94685.5226874642,3500.0,17,3,560.0
4938.0,94714.49231008199,3500.0,17,3,560.0
4939.0,94743.4425402474,3500.0,17,3,560.0
4940.0,94772.37376580952,3500.0,17,3,560.0
4941.0,94801.2863668604,3500.0,17,3,560.0
4942.0,94829.2863668604,3500.0,17,3,560.0
4943.0,94857.2863668604,3500.0,17,3,560.0
4944.0,94885.2863668604,3500.0,17,3,560.0
4945.0,94913.2863668604,3500.0,17,3,560.0
4946.0,94941.2863668604,3500.0,17,3,560.0
4947.0,94969.2863668604,3500.0,17,3,560.0
4948.0,94997.2863668604,3500.0,17,3,560.0
4949.0,95025.2863668604,3500.0,17,3,560.0
4950.0,95053.2863668604,3500.0,17,3,560.0
4951.0,95081.28596830039,3500.0,17,3,560.0
4952.0,95109.2655777116,3500.0,17,3,560.0
4953.0,95137.22559493457,3500.0,17,3,560.0
4954.0,95165.16641181309,3500.0,17,3,560.0
4955.0,95193.08841235402,3500.0,17,3,560.0
4956.0,95220.99197288415,3500.0,17,3,560.0
4957.0,95247.99197288415,3500.0,17,3,560.0
4958.0,95274.99197288415,3500.0,17,3,560.0
4959.0,95301.99197288415,3500.0,17,3,560.0
4960.0,95328.99197288415,3500.0,17,3,560.0
4961.0,95355.99197288415,3500.0,17,3,560.0
4962.0,95382.99197288415,3500.0,17,3,560.0
4963.0,95409.99197288415,3500.0,17,3,560.0
4964.0,95436.99197288415,3500.0,17,3,560.0
4965.0,95463.99197288415,3500.0,17,3,560.0
4966.0,95490.99197288415,3500.0,17,3,560.0
4967.0,95517.99197288415,3500.0,17,3,560.0
4968.0,95544.99197288415,3500.0,17,3,560.0
4969.0,95571.99197288415,3500.0,17,3,560.0
4970.0,95598.99197288415,3500.0,17,3,560.0
4971.0,95625.99197288415,3500.0,17,3,560.0
4972.0,95652.99197288415,3500.0,17,3,560.0
4973.0,95679.99197288415,3500.0,17,3,560.0
4974.0,95706.99197288415,3500.0,17,3,560.0
4975.0,95733.99197288415,3500.0,17,3,560.0
4976.0,95760.99197288415,3500.0,17,3,560.0
4977.0,95787.99197288415,3500.0,17,3,560.0
4978.0,95814.99197288415,3500.0,17,3,560.0
4979.0,95841.99197288415,3500.0,17,3,560.0
4980.0,95868.99197288415,3500.0,17,3,560.0
4981.0,95895.99197288415,3500.0,17,3,560.0
4982.0,95922.99197288415,3500.0,17,3,560.0
4983.0,95949.98239461881,3500.0,17,3,560.0
4984.0,95976.95300791878,3500.0,17,3,560.0
4985.0,96003.90420895275,3500.0,17,3,560.0
4986.0,96030.83638596603,3500.0,17,3,560.0
4987.0,96057.74991943905,3500.0,17,3,560.0
4988.0,96083.74991943905,3500.0,17,3,560.0
4989.0,96109.74991943905,3500.0,17,3,560.0
4990.0,96135.74991943905,3500.0,17,3,560.0
4991.0,96161.74991943905,3500.0,17,3,560.0
4992.0,96187.74991943905,3500.0,17,3,560.0
4993.0,96213.74991943905,3500.0,17,3,560.0
4994.0,96239.74991943905,3500.0,17,3,560.0
4995.0,96265.74991943905,3500.0,17,3,560.0
4996.0,96291.74991943905,3500.0,17,3,560.0
4997.0,96317.7318925052,3500.0,17,3,560.0
4998.0,96343.69422611002,3500.0,17,3,560.0
4999.0,96369.63731304274,3500.0,17,3,560.0
5000.0,96395.5615382368,3500.0,17,3,560.0
5001.0,96421.46727892698,3500.0,17,3,560.0
5002.0,96446.10200103415,3500.0,17,3,560.0
5003.0,96470.3563222152,3500.0,17,3,560.0
5004.0,96494.25309779381,3500.0,17,3,560.0
5005.0,96517.81673304911,3500.0,17,3,560.0
5006.0,96541.0710335694,3500.0,17,3,560.0
5007.0,96564.0352419819,3500.0,17,3,560.0
5008.0,96586.73033016748,3500.0,17,3,560.0
5009.0,96609.18320316843,3500.0,17,3,560.0
5010.0,96631.42304734587,3500.0,17,3,560.0
5011.0,96653.43041804392,3500.0,17,3,560.0
5012.0,96675.2318043089,3500.0,17,3,560.0
5013.0,96696.83724370158,3500.0,17,3,560.0
5014.0,96718.23650549162,3500.0,17,3,560.0
5015.0,96739.46148203521,3500.0,17,3,560.0
5016.0,96760.54985608159,3500.0,17,3,560.0
5017.0,96781.55019920458,3500.0,17,3,560.0
5018.0,96802.5160557573,3500.0,17,3,560.0
5019.0,96823.49462623325,3500.0,17,3,560.0
5020.0,96844.54054941582,3500.0,17,3,560.0
5021.0,96865.74911174455,3500.0,17,3,560.0
5022.0,96887.2286707224,3500.0,17,3,560.0
5023.0,96909.00451217908,3500.0,17,3,560.0
5024.0,96931.12779056792,3500.0,17,3,560.0
5025.0,96953.64290253581,3500.0,17,3,560.0
5026.0,96976.58440620395,3500.0,17,3,560.0
5027.0,96999.97987433616,3500.0,17,3,560.0
5028.0,97023.85179982494,3500.0,17,3,560.0
5029.0,97048.21884755554,3500.0,17,3,560.0
5030.0,97073.06312117624,3500.0,17,3,560.0
5031.0,97098.39513543862,3500.0,17,3,560.0
5032.0,97124.19092299994,3500.0,17,3,560.0
5033.0,97150.40700550006,3500.0,17,3,560.0
5034.0,97177.00099459082,3500.0,17,3,560.0
5035.0,97203.97720547848,3500.0,17,3,560.0
5036.0,97231.26833130895,3500.0,17,3,560.0
5037.0,97258.86270598361,3500.0,17,3,560.0
5038.0,97286.70855326504,3500.0,17,3,560.0
5039.0,97314.7627580966,3500.0,17,3,560.0
5040.0,97342.99846893009,3500.0,17,3,560.0
5041.0,97371.33457839307,3500.0,17,3,560.0
5042.0,97399.6565356256,3500.0,17,3,560.0
5043.0,97427.93205371349,3500.0,17,3,560.0
5044.0,97456.16206143962,3500.0,17,3,560.0
5045.0,97484.34746901123,3500.0,17,3,560.0
5046.0,97512.4891684314,3500.0,17,3,560.0
5047.0,97540.58803386317,3500.0,17,3,560.0
5048.0,97568.6449219863,3500.0,17,3,560.0
5049.0,97596.66067234697,3500.0,17,3,560.0
5050.0,97624.63610770044,3500.0,17,3,560.0
5051.0,97652.56748437934,3500.0,17,3,560.0
5052.0,97680.44023352467,3500.0,17,3,560.0
5053.0,97708.2555276871,3500.0,17,3,560.0
5054.0,97736.01451596628,3500.0,17,3,560.0
5055.0,97763.71832447987,3500.0,17,3,560.0
5056.0,97791.36805682318,3500.0,17,3,560.0
5057.0,97818.96479451963,3500.0,17,3,560.0
5058.0,97846.50959746214,3500.0,17,3,560.0
5059.0,97874.00350434583,3500.0,17,3,560.0
5060.0,97901.44753309182,3500.0,17,3,560.0
5061.0,97928.8426812629,3500.0,17,3,560.0
5062.0,97956.18992647057,3500.0,17,3,560.0
5063.0,97983.49022677405,3500.0,17,3,560.0
5064.0,98010.7445210715,3500.0,17,3,560.0
5065.0,98037.95372948298,3500.0,17,3,560.0
5066.0,98065.11875372624,3500.0,17,3,560.0
5067.0,98092.24047748464,3500.0,17,3,560.0
5068.0,98119.31976676785,3500.0,17,3,560.0
5069.0,98146.3574702654,3500.0,17,3,560.0
5070.0,98173.35441969302,3500.0,17,3,560.0
5071.0,98200.31143013206,3500.0,17,3,560.0
5072.0,98227.22930036233,3500.0,17,3,560.0
5073.0,98254.10881318802,3500.0,17,3,560.0
5074.0,98280.95073575716,3500.0,17,3,560.0
5075.0,98307.75581987493,3500.0,17,3,560.0
5076.0,98334.52480231036,3500.0,17,3,560.0
5077.0,98361.25840509706,3500.0,17,3,560.0
5078.0,98387.95733582805,3500.0,17,3,560.0
5079.0,98414.6222879444,3500.0,17,3,560.0
5080.0,98441.25394101843,3500.0,17,3,560.0
5081.0,98467.85296103098,3500.0,17,3,560.0
5082.0,98494.42000064328,3500.0,17,3,560.0
5083.0,98520.9556994633,3500.0,17,3,560.0
5084.0,98547.46068430695,3500.0,17,3,560.0
5085.0,98573.93556945374,3500.0,17,3,560.0
5086.0,98600.38095689757,3500.0,17,3,560.0
5087.0,98626.79743659253,3500.0,17,3,560.0
5088.0,98653.1855866936,3500.0,17,3,560.0
5089.0,98679.54597379266,3500.0,17,3,560.0
5090.0,98705.8791531497,3500.0,17,3,560.0
5091.0,98732.18566891963,3500.0,17,3,560.0
5092.0,98758.46605437416,3500.0,17,3,560.0
5093.0,98784.7208321196,3500.0,17,3,560.0
5094.0,98810.95051431011,3500.0,17,3,560.0
5095.0,98837.15560285682,3500.0,17,3,560.0
5096.0,98863.33658963261,3500.0,17,3,560.0
5097.0,98889.49395667287,3500.0,17,3,560.0
5098.0,98915.62817637232,3500.0,17,3,560.0
5099.0,98941.73971167779,3500.0,17,3,560.0
5100.0,98967.82901627714,3500.0,17,3,560.0
5101.0,98993.89653478452,3500.0,17,3,560.0
5102.0,99019.94270292175,3500.0,17,3,560.0
5103.0,99045.96794769623,3500.0,17,3,560.0
5104.0,99071.97268757521,3500.0,17,3,560.0
5105.0,99097.95733265663,3500.0,17,3,560.0
5106.0,99123.92228483642,3500.0,17,3,560.0
5107.0,99149.8679379726,3500.0,17,3,560.0
5108.0,99175.79467804606,3500.0,17,3,560.0
5109.0,99201.70288331807,3500.0,17,3,560.0
5110.0,99227.59292448462,3500.0,17,3,560.0
5111.0,99253.46516482784,3500.0,17,3,560.0
5112.0,99279.3199603642,3500.0,17,3,560.0
5113.0,99305.15765998984,3500.0,17,3,560.0
5114.0,99330.97860562295,3500.0,17,3,560.0
5115.0,99356.78313234341,3500.0,17,3,560.0
5116.0,99382.57156852946,3500.0,17,3,560.0
5117.0,99408.34423599178,3500.0,17,3,560.0
5118.0,99434.10145010486,3500.0,17,3,560.0
5119.0,99459.84351993568,3500.0,17,3,560.0
5120.0,99485.57074836986,3500.0,17,3,560.0
5121.0,99511.28343223539,3500.0,17,3,560.0
5122.0,99536.98186242359,3500.0,17,3,560.0
5123.0,99562.66632400804,3500.0,17,3,560.0
5124.0,99588.33709636079,3500.0,17,3,560.0
5125.0,99613.99445326651,3500.0,17,3,560.0
5126.0,99639.63866303409,3500.0,17,3,560.0
5127.0,99665.26998860632,3500.0,17,3,560.0
5128.0,99690.8886876671,3500.0,17,3,560.0
5129.0,99716.49501274669,3500.0,17,3,560.0
5130.0,99742.08921132465,3500.0,17,3,560.0
5131.0,99767.67152593109,3500.0,17,3,560.0
5132.0,99793.24219424538,3500.0,17,3,560.0
5133.0,99818.80144919339,3500.0,17,3,560.0
5134.0,99844.34951904243,3500.0,17,3,560.0
5135.0,99869.88662749449,3500.0,17,3,560.0
5136.0,99895.41299377754,3500.0,17,3,560.0
5137.0,99920.92883273489,3500.0,17,3,560.0
5138.0,99946.4343549131,3500.0,17,3,560.0
5139.0,99971.92976664775,3500.0,17,3,560.0
5140.0,99997.41527014773,3500.0,17,3,560.0
5141.0,100022.89106357768,3500.0,17,3,560.0
5142.0,100048.35734113902,3500.0,17,3,560.0
5143.0,100073.81429314917,3500.0,17,3,560.0
5144.0,100099.26210611912,3500.0,17,3,560.0
5145.0,100124.70096282965,3500.0,17,3,560.0
5146.0,100150.13104240596,3500.0,17,3,560.0
5147.0,100175.55252039077,3500.0,17,3,560.0
5148.0,100200.96556881587,3500.0,17,3,560.0
5149.0,100226.37035627245,3500.0,17,3,560.0
5150.0,100251.76704797991,3500.0,17,3,560.0
5151.0,100277.15580585325,3500.0,17,3,560.0
5152.0,100302.5367885691,3500.0,17,3,560.0
5153.0,100327.91015163063,3500.0,17,3,560.0
5154.0,100353.27604743093,3500.0,17,3,560.0
5155.0,100378.63462531524,3500.0,17,3,560.0
5156.0,100403.98603164185,3500.0,17,3,560.0
5157.0,100429.33040984192,3500.0,17,3,560.0
5158.0,100454.667900478,3500.0,17,3,560.0
5159.0,100479.99864130135,3500.0,17,3,560.0
5160.0,100505.32276730823,3500.0,17,3,560.0
5161.0,100530.640410795,3500.0,17,3,560.0
5162.0,100555.951701412,3500.0,17,3,560.0
5163.0,100581.25676621668,3500.0,17,3,560.0
5164.0,100606.55572972527,3500.0,17,3,560.0
5165.0,100631.82871732954,3500.0,17,3,560.0
5166.0,100657.09624518172,3500.0,17,3,560.0
5167.0,100682.35842247686,3500.0,17,3,560.0
5168.0,100707.61535622607,3500.0,17,3,560.0
5169.0,100732.86715130034,3500.0,17,3,560.0
5170.0,100758.1139104731,3500.0,17,3,560.0
5171.0,100783.35573446238,3500.0,17,3,560.0
5172.0,100808.59272197192,3500.0,17,3,560.0
5173.0,100833.82496973124,3500.0,17,3,560.0
5174.0,100859.05257253541,3500.0,17,3,560.0
5175.0,100884.27562328347,3500.0,17,3,560.0
5176.0,100909.49421301656,3500.0,17,3,560.0
5177.0,100934.708430955,3500.0,17,3,560.0
5178.0,100959.91836453468,3500.0,17,3,560.0
5179.0,100985.12409944275,3500.0,17,3,560.0
5180.0,101010.32571965267,3500.0,17,3,560.0
5181.0,101035.5036681928,3500.0,17,3,560.0
5182.0,101060.67805776214,3500.0,17,3,560.0
5183.0,101085.84895954008,3500.0,17,3,560.0
5184.0,101111.01644328247,3500.0,17,3,560.0
5185.0,101136.16424275866,3500.0,17,3,560.0
5186.0,101161.28908624534,3500.0,17,3,560.0
5187.0,101186.39143286228,3500.0,17,3,560.0
5188.0,101211.47173254687,3500.0,17,3,560.0
5189.0,101236.53042623778,3500.0,17,3,560.0
5190.0,101261.56794605487,3500.0,17,3,560.0
5191.0,101286.58471547562,3500.0,17,3,560.0
5192.0,101311.58114950794,3500.0,17,3,560.0
5193.0,101336.55765485963,3500.0,17,3,560.0
5194.0,101361.51463010427,3500.0,17,3,560.0
5195.0,101386.45246584404,3500.0,17,3,560.0
5196.0,101411.371544869,3500.0,17,3,560.0
5197.0,101436.27224231345,3500.0,17,3,560.0
5198.0,101461.15492580904,3500.0,17,3,560.0
5199.0,101486.0199556347,3500.0,17,3,560.0
5200.0,101510.86768486386,3500.0,17,3,560.0
5201.0,101535.69845950842,3500.0,17,3,560.0
5202.0,101560.5126186601,3500.0,17,3,560.0
5203.0,101585.31049462873,3500.0,17,3,560.0
5204.0,101610.092413078,3500.0,17,3,560.0
5205.0,101634.85869315828,3500.0,17,3,560.0
5206.0,101659.60964763697,3500.0,17,3,560.0
5207.0,101684.34558302606,3500.0,17,3,560.0
5208.0,101709.06679970739,3500.0,17,3,560.0
5209.0,101733.77359205509,3500.0,17,3,560.0
5210.0,101758.46624855584,3500.0,17,3,560.0
5211.0,101783.14505192656,3500.0,17,3,560.0
5212.0,101807.81027922987,3500.0,17,3,560.0
5213.0,101832.46220198712,3500.0,17,3,560.0
5214.0,101857.10108628921,3500.0,17,3,560.0
5215.0,101881.72719290528,3500.0,17,3,560.0
5216.0,101906.340777389,3500.0,17,3,560.0
5217.0,101930.94209018307,3500.0,17,3,560.0
5218.0,101955.52429165377,3500.0,17,3,560.0
5219.0,101980.07484909504,3500.0,17,3,560.0
5220.0,102004.59439538748,3500.0,17,3,560.0
5221.0,102029.08355075409,3500.0,17,3,560.0
5222.0,102053.54292301333,3500.0,17,3,560.0
5223.0,102077.97310782742,3500.0,17,3,560.0
5224.0,102102.37468894522,3500.0,17,3,560.0
5225.0,102126.74823844066,3500.0,17,3,560.0
5226.0,102151.07433834532,3500.0,17,3,560.0
5227.0,102175.37391625189,3500.0,17,3,560.0
5228.0,102199.64750260033,3500.0,17,3,560.0
5229.0,102223.8956172218,3500.0,17,3,560.0
5230.0,102248.11876955087,3500.0,17,3,560.0
5231.0,102272.31745883332,3500.0,17,3,560.0
5232.0,102296.49217433014,3500.0,17,3,560.0
5233.0,102320.62368855515,3500.0,17,3,560.0
5234.0,102344.73257249565,3500.0,17,3,560.0
5235.0,102368.81927875735,3500.0,17,3,560.0
5236.0,102392.88425089381,3500.0,17,3,560.0
5237.0,102416.92792358756,3500.0,17,3,560.0
5238.0,102440.9507228274,3500.0,17,3,560.0
5239.0,102464.95306608247,3500.0,17,3,560.0
5240.0,102488.93536247243,3500.0,17,3,560.0
5241.0,102512.8980129346,3500.0,17,3,560.0
5242.0,102536.84141038753,3500.0,17,3,560.0
5243.0,102560.76593989138,3500.0,17,3,560.0
5244.0,102584.67197880516,3500.0,17,3,560.0
5245.0,102608.5401327903,3504.0,17,3,556.0
5246.0,102632.39092369573,3509.0,17,3,551.0
5247.0,102656.22469878306,3514.0,17,3,546.0
5248.0,102680.04179836865,3519.0,17,3,541.0
5249.0,102703.8425559625,3524.0,17,3,536.0
5250.0,102727.62729840449,3529.0,17,3,531.0
5251.0,102751.39634599765,3534.0,17,3,526.0
5252.0,102775.15001263893,3539.0,17,3,521.0
5253.0,102798.8886059474,3544.0,17,3,516.0
5254.0,102822.61242738969,3549.0,17,3,511.0
5255.0,102846.32177240313,3554.0,17,3,506.0
5256.0,102870.01693051631,3559.0,17,3,501.0
5257.0,102893.69818546722,3564.0,17,3,496.0
5258.0,102917.36581531912,3569.0,17,3,491.0
5259.0,102941.02009257398,3574.0,17,3,486.0
5260.0,102964.66128428373,3579.0,17,3,481.0
5261.0,102988.2896521593,3584.0,17,3,476.0
5262.0,103011.90545267735,3589.0,17,3,471.0
5263.0,103035.50893718505,3594.0,17,3,466.0
5264.0,103059.1003520026,3599.0,17,3,461.0
5265.0,103082.67993852377,3604.0,17,3,456.0
5266.0,103106.24793331453,3609.0,17,3,451.0
5267.0,103129.8045682095,3614.0,17,3,446.0
5268.0,103153.35007040654,3619.0,17,3,441.0
5269.0,103176.88466255965,3624.0,17,3,436.0
5270.0,103200.40856286969,3629.0,17,3,431.0
5271.0,103223.92198517354,3634.0,17,3,426.0
5272.0,103247.4251390313,3639.0,17,3,421.0
5273.0,103270.91822981191,3644.0,17,3,416.0
5274.0,103294.40145877693,3649.0,17,3,411.0
5275.0,103317.87502316262,3654.0,17,3,406.0
5276.0,103341.33911626061,3659.0,17,3,401.0
5277.0,103364.79392749663,3664.0,17,3,396.0
5278.0,103388.23964250795,3669.0,17,3,391.0
5279.0,103411.67644321902,3674.0,17,3,386.0
5280.0,103435.3045079159,3675.0,18,2,385.0
5281.0,103459.1740113188,3675.0,18,2,385.0
5282.0,103483.28512465367,3675.0,18,2,385.0
5283.0,103507.63801572184,3675.0,18,2,385.0
5284.0,103532.23284896863,3675.0,18,2,385.0
5285.0,103557.06978555053,3675.0,18,2,385.0
5286.0,103582.14898340075,3675.0,18,2,385.0
5287.0,103607.47059729398,3675.0,18,2,385.0
5288.0,103633.03477890932,3675.0,18,2,385.0
5289.0,103658.84167689238,3675.0,18,2,385.0
5290.0,103684.89143691579,3675.0,18,2,385.0
5291.0,103711.18420173868,3675.0,18,2,385.0
5292.0,103737.72011126517,3675.0,18,2,385.0
5293.0,103764.49930260109,3675.0,18,2,385.0
5294.0,103791.52191011031,3675.0,18,2,385.0
5295.0,103818.78806546936,3675.0,18,2,385.0
5296.0,103846.29789772119,3675.0,18,2,385.0
5297.0,103874.05153332803,3675.0,18,2,385.0
5298.0,103902.04909622269,3675.0,18,2,385.0
5299.0,103930.29070785949,3675.0,18,2,385.0
5300.0,103958.57648726353,3675.0,18,2,385.0
5301.0,103986.85655107952,3675.0,18,2,385.0
5302.0,104015.13101361916,3675.0,18,2,385.0
5303.0,104043.39998690801,3675.0,18,2,385.0
5304.0,104071.6635807311,3675.0,18,2,385.0
5305.0,104099.9219026777,3675.0,18,2,385.0
5306.0,104128.1750581854,3675.0,18,2,385.0
5307.0,104156.42315058294,3675.0,18,2,385.0
5308.0,104184.66628113251,3675.0,18,2,385.0
5309.0,104212.9045490711,3675.0,18,2,385.0
5310.0,104241.13805165092,3675.0,18,2,385.0
5311.0,104269.36688417914,3675.0,18,2,385.0
5312.0,104297.59114005679,3675.0,18,2,385.0
5313.0,104325.8109108169,3675.0,18,2,385.0
5314.0,104354.0262861618,3675.0,18,2,385.0
5315.0,104382.23735399981,3675.0,18,2,385.0
5316.0,104410.44420048106,3675.0,18,2,385.0
5317.0,104438.64691003266,3675.0,18,2,385.0
5318.0,104466.84556539325,3675.0,18,2,385.0
5319.0,104495.04024764663,3675.0,18,2,385.0
5320.0,104523.23103625493,3675.0,18,2,385.0
5321.0,104551.41800909108,3675.0,18,2,385.0
5322.0,104579.6012424705,3675.0,18,2,385.0
5323.0,104607.78081118233,3675.0,18,2,385.0
5324.0,104635.95678851992,3675.0,18,2,385.0
5325.0,104664.12924631077,3675.0,18,2,385.0
5326.0,104692.29825494578,3675.0,18,2,385.0
5327.0,104720.46388340811,3675.0,18,2,385.0
5328.0,104748.62619930119,3675.0,18,2,385.0
5329.0,104776.78526887641,3675.0,18,2,385.0
5330.0,104804.94115706011,3675.0,18,2,385.0
5331.0,104833.09392748015,3675.0,18,2,385.0
5332.0,104861.2436424918,3675.0,18,2,385.0
5333.0,104889.39036320319,3675.0,18,2,385.0
5334.0,104917.53414950037,3675.0,18,2,385.0
5335.0,104945.6750600716,3675.0,18,2,385.0
5336.0,104973.81315243141,3675.0,18,2,385.0
5337.0,105001.94848294402,3675.0,18,2,385.0
5338.0,105030.08110684638,3675.0,18,2,385.0
5339.0,105058.21107827069,3675.0,18,2,385.0
5340.0,105086.33845026651,3675.0,18,2,385.0
5341.0,105114.46327482242,3675.0,18,2,385.0
5342.0,105142.58560288722,3675.0,18,2,385.0
5343.0,105170.70548439071,3675.0,18,2,385.0
5344.0,105198.82296826414,3675.0,18,2,385.0
5345.0,105226.9381024601,3675.0,18,2,385.0
5346.0,105255.05093397213,3675.0,18,2,385.0
5347.0,105283.16150885394,3675.0,18,2,385.0
5348.0,105311.26987223809,3675.0,18,2,385.0
5349.0,105339.37606835457,3675.0,18,2,385.0
5350.0,105367.48014054872,3675.0,18,2,385.0
5351.0,105395.58213129899,3675.0,18,2,385.0
5352.0,105423.68208223424,3675.0,18,2,385.0
5353.0,105451.7800341508,3675.0,18,2,385.0
5354.0,105479.87602702902,3675.0,18,2,385.0
5355.0,105507.97010004969,3675.0,18,2,385.0
5356.0,105536.06229160992,3675.0,18,2,385.0
5357.0,105564.15263933898,3675.0,18,2,385.0
5358.0,105592.24118011343,3675.0,18,2,385.0
5359.0,105620.3279500724,3675.0,18,2,385.0
5360.0,105648.41298463219,3675.0,18,2,385.0
5361.0,105676.4963185008,3675.0,18,2,385.0
5362.0,105704.57798569203,3675.0,18,2,385.0
5363.0,105732.65801953942,3675.0,18,2,385.0
5364.0,105760.73645270987,3675.0,18,2,385.0
5365.0,105788.8133172169,3675.0,18,2,385.0
5366.0,105816.88864443381,3675.0,18,2,385.0
5367.0,105844.96246510636,3675.0,18,2,385.0
5368.0,105873.03480936549,3675.0,18,2,385.0
5369.0,105901.10570673943,3675.0,18,2,385.0
5370.0,105929.17518616587,3675.0,18,2,385.0
5371.0,105957.24327600379,3675.0,18,2,385.0
5372.0,105985.31000404495,3675.0,18,2,385.0
5373.0,106013.37539752529,3675.0,18,2,385.0
5374.0,106041.43948313603,3675.0,18,2,385.0
5375.0,106069.50228703454,3675.0,18,2,385.0
5376.0,106097.5638348551,3675.0,18,2,385.0
5377.0,106125.62415171922,3675.0,18,2,385.0
5378.0,106153.6832622461,3675.0,18,2,385.0
5379.0,106181.7411905624,3675.0,18,2,385.0
5380.0,106209.79796031241,3675.0,18,2,385.0
5381.0,106237.8535946674,3675.0,18,2,385.0
5382.0,106265.90811633528,3675.0,18,2,385.0
5383.0,106293.96154756981,3675.0,18,2,385.0
5384.0,106322.01391017965,3675.0,18,2,385.0
5385.0,106350.06522553731,3675.0,18,2,385.0
5386.0,106378.1155145878,3675.0,18,2,385.0
5387.0,106406.16479785729,3675.0,18,2,385.0
5388.0,106434.21309546138,3675.0,18,2,385.0
5389.0,106462.26042711339,3675.0,18,2,385.0
5390.0,106490.30681213236,3675.0,18,2,385.0
5391.0,106518.35226945094,3675.0,18,2,385.0
5392.0,106546.39681762317,3675.0,18,2,385.0
5393.0,106574.44047483195,3675.0,18,2,385.0
5394.0,106602.48325889655,3675.0,18,2,385.0
5395.0,106630.52518727987,3675.0,18,2,385.0
5396.0,106658.56627709551,3675.0,18,2,385.0
5397.0,106686.60654511483,3675.0,18,2,385.0
5398.0,106714.64600777377,3675.0,18,2,385.0
5399.0,106742.68468117954,3675.0,18,2,385.0
5400.0,106770.7225811172,3675.0,18,2,385.0
5401.0,106798.75972305608,3675.0,18,2,385.0
5402.0,106826.79612215621,3675.0,18,2,385.0
5403.0,106854.83179327432,3675.0,18,2,385.0
5404.0,106882.86675097008,3675.0,18,2,385.0
5405.0,106910.90100951192,3675.0,18,2,385.0
5406.0,106938.93458288291,3675.0,18,2,385.0
5407.0,106966.9674847865,3675.0,18,2,385.0
5408.0,106994.99972865201,3675.0,18,2,385.0
5409.0,107023.03132764022,3675.0,18,2,385.0
5410.0,107051.06229464864,3675.0,18,2,385.0
5411.0,107079.09264231691,3675.0,18,2,385.0
5412.0,107107.1223830318,3675.0,18,2,385.0
5413.0,107135.15152893242,3675.0,18,2,385.0
5414.0,107163.180091915,3675.0,18,2,385.0
5415.0,107191.20808363796,3675.0,18,2,385.0
5416.0,107219.23551552644,3675.0,18,2,385.0
5417.0,107247.26239877714,3675.0,18,2,385.0
5418.0,107275.28874436284,3675.0,18,2,385.0
5419.0,107303.31456303682,3675.0,18,2,385.0
5420.0,107331.33986533733,3675.0,18,2,385.0
5421.0,107359.36466159183,3675.0,18,2,385.0
5422.0,107387.38896192121,3675.0,18,2,385.0
5423.0,107415.41277624405,3675.0,18,2,385.0
5424.0,107443.4361142804,3675.0,18,2,385.0
5425.0,107471.45898555603,3675.0,18,2,385.0
5426.0,107499.48139940614,3675.0,18,2,385.0
5427.0,107527.50336497926,3675.0,18,2,385.0
5428.0,107555.52489124092,3675.0,18,2,385.0
5429.0,107583.54598697735,3675.0,18,2,385.0
5430.0,107611.56666079903,3675.0,18,2,385.0
5431.0,107639.58692114429,3675.0,18,2,385.0
5432.0,107667.60677628264,3675.0,18,2,385.0
5433.0,107695.62623431823,3675.0,18,2,385.0
5434.0,107723.64530319312,3675.0,18,2,385.0
5435.0,107751.66399069049,3675.0,18,2,385.0
5436.0,107779.68230443791,3675.0,18,2,385.0
5437.0,107807.70025191038,3675.0,18,2,385.0
5438.0,107835.71784043343,3675.0,18,2,385.0
5439.0,107863.735077186,3675.0,18,2,385.0
5440.0,107891.7421561398,3675.0,18,2,385.0
5441.0,107919.7290935145,3675.0,18,2,385.0
5442.0,107947.69629214171,3675.0,18,2,385.0
5443.0,107975.64414679639,3675.0,18,2,385.0
5444.0,108003.57304435798,3675.0,18,2,385.0
5445.0,108031.48336396832,3675.0,18,2,385.0
5446.0,108059.37547718646,3675.0,18,2,385.0
5447.0,108087.24974814024,3675.0,18,2,385.0
5448.0,108115.10653367496,3675.0,18,2,385.0
5449.0,108142.94618349895,3675.0,18,2,385.0
5450.0,108170.76904032649,3675.0,18,2,385.0
5451.0,108198.57544001748,3675.0,18,2,385.0
5452.0,108226.36571171462,3675.0,18,2,385.0
5453.0,108254.14017797785,3675.0,18,2,385.0
5454.0,108281.89915491578,3675.0,18,2,385.0
5455.0,108309.64295231499,3675.0,18,2,385.0
5456.0,108337.37187376618,3675.0,18,2,385.0
5457.0,108365.08621678838,3675.0,18,2,385.0
5458.0,108392.7862729501,3675.0,18,2,385.0
5459.0,108420.47232798862,3675.0,18,2,385.0
5460.0,108448.14466192636,3675.0,18,2,385.0
5461.0,108475.80354918534,3675.0,18,2,385.0
5462.0,108503.44925869913,3675.0,18,2,385.0
5463.0,108531.08205402267,3675.0,18,2,385.0
5464.0,108558.70219343972,3675.0,18,2,385.0
5465.0,108586.30993006843,3675.0,18,2,385.0
5466.0,108613.90551196456,3675.0,18,2,385.0
5467.0,108641.48918222278,3675.0,18,2,385.0
5468.0,108669.06117907583,3675.0,18,2,385.0
5469.0,108696.62173599184,3675.0,18,2,385.0
5470.0,108724.17108176951,3675.0,18,2,385.0
5471.0,108751.70944063162,3675.0,18,2,385.0
5472.0,108779.2370323165,3675.0,18,2,385.0
5473.0,108806.75407216768,3675.0,18,2,385.0
5474.0,108834.26077122185,3675.0,18,2,385.0
5475.0,108861.7573362949,3675.0,18,2,385.0
5476.0,108889.2439700665,3675.0,18,2,385.0
5477.0,108916.72087116269,3675.0,18,2,385.0
5478.0,108944.18823423694,3675.0,18,2,385.0
5479.0,108971.64625004971,3675.0,18,2,385.0
5480.0,108999.09510554622,3675.0,18,2,385.0
5481.0,109026.53498393281,3675.0,18,2,385.0
5482.0,109053.96606475167,3675.0,18,2,385.0
5483.0,109081.38852395413,3675.0,18,2,385.0
5484.0,109108.80253397257,3675.0,18,2,385.0
5485.0,109136.20826379061,3675.0,18,2,385.0
5486.0,109163.60587901232,3675.0,18,2,385.0
5487.0,109190.99554192959,3675.0,18,2,385.0
5488.0,109218.37082732918,3675.0,18,2,385.0
5489.0,109245.71860702081,3675.0,18,2,385.0
5490.0,109273.0394311186,3675.0,18,2,385.0
5491.0,109300.33383873443,3675.0,18,2,385.0
5492.0,109327.60235819794,3675.0,18,2,385.0
5493.0,109354.84550727217,3675.0,18,2,385.0
5494.0,109382.06379336496,3675.0,18,2,385.0
5495.0,109409.25771373586,3675.0,18,2,385.0
5496.0,109436.42775569935,3675.0,18,2,385.0
5497.0,109463.57439682358,3675.0,18,2,385.0
5498.0,109490.6981051253,3675.0,18,2,385.0
5499.0,109517.79933926098,3675.0,18,2,385.0
5500.0,109544.87854871395,3675.0,18,2,385.0
5501.0,109571.93617397788,3675.0,18,2,385.0
5502.0,109598.97264673655,3675.0,18,2,385.0
5503.0,109625.59216360799,3675.0,18,2,385.0
5504.0,109651.86945734792,3675.0,18,2,385.0
5505.0,109677.82985331281,3675.0,18,2,385.0
5506.0,109703.49678190105,3675.0,18,2,385.0
5507.0,109728.89484752624,3675.0,18,2,385.0
5508.0,109754.04982005528,3675.0,18,2,385.0
5509.0,109778.98863957473,3675.0,18,2,385.0
5510.0,109803.73945178102,3675.0,18,2,385.0
5511.0,109828.32490261701,3675.0,18,2,385.0
5512.0,109852.76965224407,3675.0,18,2,385.0
5513.0,109877.10219606552,3675.0,18,2,385.0
5514.0,109901.34196679867,3675.0,18,2,385.0
5515.0,109925.51558100732,3675.0,18,2,385.0
5516.0,109949.62192001301,3675.0,18,2,385.0
5517.0,109973.65851131675,3675.0,18,2,385.0
5518.0,109997.64478077047,3675.0,18,2,385.0
5519.0,110021.62652230919,3675.0,18,2,385.0
5520.0,110045.65585231989,3675.0,18,2,385.0
5521.0,110069.79117034859,3675.0,18,2,385.0
5522.0,110094.10166277646,3675.0,18,2,385.0
5523.0,110118.62793329163,3675.0,18,2,385.0
5524.0,110143.38468789114,3675.0,18,2,385.0
5525.0,110168.39838513349,3675.0,18,2,385.0
5526.0,110193.6664007404,3675.0,18,2,385.0
5527.0,110219.21051583094,3675.0,18,2,385.0
5528.0,110245.0509725382,3675.0,18,2,385.0
5529.0,110271.20387717783,3675.0,18,2,385.0
5530.0,110297.68213236943,3675.0,18,2,385.0
5531.0,110324.49616136508,3675.0,18,2,385.0
5532.0,110351.65446077217,3675.0,18,2,385.0
5533.0,110379.16401987801,3675.0,18,2,385.0
5534.0,110407.0306391214,3675.0,18,2,385.0
5535.0,110435.25917314772,3675.0,18,2,385.0
5536.0,110463.85371758277,3675.0,18,2,385.0
5537.0,110492.80433379895,3675.0,18,2,385.0
5538.0,110522.08387050682,3675.0,18,2,385.0
5539.0,110551.68020984375,3675.0,18,2,385.0
5540.0,110581.47654110024,3675.0,18,2,385.0
5541.0,110611.4272554641,3675.0,18,2,385.0
5542.0,110641.4272554641,3675.0,18,2,385.0
5543.0,110671.4272554641,3675.0,18,2,385.0
5544.0,110701.4272554641,3675.0,18,2,385.0
5545.0,110731.4272554641,3675.0,18,2,385.0
5546.0,110761.4272554641,3675.0,18,2,385.0
5547.0,110791.4272554641,3675.0,18,2,385.0
5548.0,110821.4272554641,3675.0,18,2,385.0
5549.0,110851.4272554641,3675.0,18,2,385.0
5550.0,110881.4272554641,3675.0,18,2,385.0
5551.0,110911.4272554641,3675.0,18,2,385.0
5552.0,110941.4272554641,3675.0,18,2,385.0
5553.0,110971.4272554641,3675.0,18,2,385.0
5554.0,111001.4272554641,3675.0,18,2,385.0
5555.0,111031.4272554641,3675.0,18,2,385.0
5556.0,111061.4272554641,3675.0,18,2,385.0
5557.0,111091.4272554641,3675.0,18,2,385.0
5558.0,111121.4272554641,3675.0,18,2,385.0
5559.0,111151.4272554641,3675.0,18,2,385.0
5560.0,111181.4272554641,3675.0,18,2,385.0
5561.0,111211.4272554641,3675.0,18,2,385.0
5562.0,111241.4272554641,3675.0,18,2,385.0
5563.0,111271.41670975587,3675.0,18,2,385.0
5564.0,111301.38637496177,3675.0,18,2,385.0
5565.0,111331.33664686358,3675.0,18,2,385.0
5566.0,111361.26791332733,3675.0,18,2,385.0
5567.0,111391.18055446183,3675.0,18,2,385.0
5568.0,111421.07494277362,3675.0,18,2,385.0
5569.0,111450.95144331918,3675.0,18,2,385.0
5570.0,111480.81041385383,3675.0,18,2,385.0
5571.0,111510.65220497779,3675.0,18,2,385.0
5572.0,111540.47716027926,3675.0,18,2,385.0
5573.0,111570.2856164747,3675.0,18,2,385.0
5574.0,111600.07790354625,3675.0,18,2,385.0
5575.0,111629.85434487635,3675.0,18,2,385.0
5576.0,111659.61525737986,3675.0,18,2,385.0
5577.0,111689.3609516333,3675.0,18,2,385.0
5578.0,111719.09173200167,3675.0,18,2,385.0
5579.0,111748.80789676266,3675.0,18,2,385.0
5580.0,111778.50973822844,3675.0,18,2,385.0
5581.0,111808.19754286492,3675.0,18,2,385.0
5582.0,111837.87159140865,3675.0,18,2,385.0
5583.0,111867.5321589815,3675.0,18,2,385.0
5584.0,111897.17951520291,3675.0,18,2,385.0
5585.0,111926.81392429989,3675.0,18,2,385.0
5586.0,111956.43564521492,3675.0,18,2,385.0
5587.0,111986.04493171166,3675.0,18,2,385.0
5588.0,112015.64203247846,3675.0,18,2,385.0
5589.0,112045.22719122992,3675.0,18,2,385.0
5590.0,112074.80064680635,3675.0,18,2,385.0
5591.0,112104.36263327126,3675.0,18,2,385.0
5592.0,112133.91338000687,3675.0,18,2,385.0
5593.0,112163.45311180776,3675.0,18,2,385.0
5594.0,112192.98204897264,3675.0,18,2,385.0
5595.0,112222.50040739423,3675.0,18,2,385.0
5596.0,112252.00839864736,3675.0,18,2,385.0
5597.0,112281.50623007545,3675.0,18,2,385.0
5598.0,112310.99410487498,3675.0,18,2,385.0
5599.0,112340.4722221785,3675.0,18,2,385.0
5600.0,112369.94077713597,3675.0,18,2,385.0
5601.0,112399.39996099428,3675.0,18,2,385.0
5602.0,112428.84996117544,3675.0,18,2,385.0
5603.0,112458.29096135296,3675.0,18,2,385.0
5604.0,112487.72314152693,3675.0,18,2,385.0
5605.0,112517.14667809743,3675.0,18,2,385.0
5606.0,112546.56174393652,3675.0,18,2,385.0
5607.0,112575.96850845881,3675.0,18,2,385.0
5608.0,112605.36713769067,3675.0,18,2,385.0
5609.0,112634.75779433789,3675.0,18,2,385.0
5610.0,112664.14063785216,3675.0,18,2,385.0
5611.0,112693.51582449615,3675.0,18,2,385.0
5612.0,112722.88350740727,3675.0,18,2,385.0
5613.0,112752.24383666016,3675.0,18,2,385.0
5614.0,112781.59695932799,3675.0,18,2,385.0
5615.0,112810.94301954245,3675.0,18,2,385.0
5616.0,112840.28215855264,3675.0,18,2,385.0
5617.0,112869.61451478262,3675.0,18,2,385.0
5618.0,112898.940223888,3675.0,18,2,385.0
5619.0,112928.25941881127,3675.0,18,2,385.0
5620.0,112957.57222983608,3675.0,18,2,385.0
5621.0,112986.87878464039,3675.0,18,2,385.0
5622.0,113016.17920834862,3675.0,18,2,385.0
5623.0,113045.47362358269,3675.0,18,2,385.0
5624.0,113074.76215051206,3675.0,18,2,385.0
5625.0,113104.04490690285,3675.0,18,2,385.0
5626.0,113133.32200816582,3675.0,18,2,385.0
5627.0,113162.59356740354,3675.0,18,2,385.0
5628.0,113191.8596954565,3675.0,18,2,385.0
5629.0,113221.12050094841,3675.0,18,2,385.0
5630.0,113250.37609033048,3675.0,18,2,385.0
5631.0,113279.62656792489,3675.0,18,2,385.0
5632.0,113308.87203596743,3675.0,18,2,385.0
5633.0,113338.11259464912,3675.0,18,2,385.0
5634.0,113367.34834215717,3675.0,18,2,385.0
5635.0,113396.57937471506,3675.0,18,2,385.0
5636.0,113425.80578662179,3675.0,18,2,385.0
5637.0,113455.02767029038,3675.0,18,2,385.0
5638.0,113484.24511628562,3675.0,18,2,385.0
5639.0,113513.45821336094,3675.0,18,2,385.0
5640.0,113542.66704849474,3675.0,18,2,385.0
5641.0,113571.87170692589,3675.0,18,2,385.0
5642.0,113601.0722721884,3675.0,18,2,385.0
5643.0,113630.26882614566,3675.0,18,2,385.0
5644.0,113659.46144902379,3675.0,18,2,385.0
5645.0,113688.65021944435,3675.0,18,2,385.0
5646.0,113717.83521445649,3675.0,18,2,385.0
5647.0,113747.01650956839,3675.0,18,2,385.0
5648.0,113776.19417877805,3675.0,18,2,385.0
5649.0,113805.36829460353,3675.0,18,2,385.0
5650.0,113834.5389281125,3675.0,18,2,385.0
5651.0,113863.70614895127,3675.0,18,2,385.0
5652.0,113892.87002537328,3675.0,18,2,385.0
5653.0,113922.03062426684,3675.0,18,2,385.0
5654.0,113951.18801118254,3675.0,18,2,385.0
5655.0,113980.34225035993,3675.0,18,2,385.0
5656.0,114009.49340475377,3675.0,18,2,385.0
5657.0,114038.64153605972,3675.0,18,2,385.0
5658.0,114067.78670473956,3675.0,18,2,385.0
5659.0,114096.9289700458,3675.0,18,2,385.0
5660.0,114126.06839004591,3675.0,18,2,385.0
5661.0,114155.20502164603,3675.0,18,2,385.0
5662.0,114184.33892061414,3675.0,18,2,385.0
5663.0,114213.4701416029,3675.0,18,2,385.0
5664.0,114242.59873817187,3675.0,18,2,385.0
5665.0,114271.72476280946,3675.0,18,2,385.0
5666.0,114300.8482669543,3675.0,18,2,385.0
5667.0,114329.96930101626,3675.0,18,2,385.0
5668.0,114359.08791439697,3675.0,18,2,385.0
5669.0,114388.20415551006,3675.0,18,2,385.0
5670.0,114417.3180718009,3675.0,18,2,385.0
5671.0,114446.4297097659,3675.0,18,2,385.0
5672.0,114475.53911497162,3675.0,18,2,385.0
5673.0,114504.64633207321,3675.0,18,2,385.0
5674.0,114533.75140483279,3675.0,18,2,385.0
5675.0,114562.85437613717,3675.0,18,2,385.0
5676.0,114591.95528801545,3675.0,18,2,385.0
5677.0,114621.05255271315,3675.0,18,2,385.0
5678.0,114650.09690847908,3675.0,18,2,385.0
5679.0,114679.03062862901,3675.0,18,2,385.0
5680.0,114707.84567437596,3675.0,18,2,385.0
5681.0,114736.54441920797,3675.0,18,2,385.0
5682.0,114765.12918914332,3675.0,18,2,385.0
5683.0,114793.60226367999,3675.0,18,2,385.0
5684.0,114821.9658767259,3675.0,18,2,385.0
5685.0,114850.2222175109,3675.0,18,2,385.0
5686.0,114878.37343148021,3675.0,18,2,385.0
5687.0,114906.42162117014,3675.0,18,2,385.0
5688.0,114934.36884706625,3675.0,18,2,385.0
5689.0,114962.21712844445,3675.0,18,2,385.0
5690.0,114989.96844419507,3675.0,18,2,385.0
5691.0,115017.6247336307,3675.0,18,2,385.0
5692.0,115045.18789727759,3675.0,18,2,385.0
5693.0,115072.65979765158,3675.0,18,2,385.0
5694.0,115100.04226001806,3675.0,18,2,385.0
5695.0,115127.33707313723,3675.0,18,2,385.0
5696.0,115154.54598999399,3675.0,18,2,385.0
5697.0,115181.66134489946,3675.0,18,2,385.0
5698.0,115208.6743927068,3675.0,18,2,385.0
5699.0,115235.58717955802,3675.0,18,2,385.0
5700.0,115262.4017106722,3675.0,18,2,385.0
5701.0,115289.11995116409,3675.0,18,2,385.0
5702.0,115315.74382684614,3675.0,18,2,385.0
5703.0,115342.27522501457,3675.0,18,2,385.0
5704.0,115368.71599521962,3675.0,18,2,385.0
5705.0,115395.06795002056,3675.0,18,2,385.0
5706.0,115421.33286572549,3675.0,18,2,385.0
5707.0,115447.51248311633,3675.0,18,2,385.0
5708.0,115473.60850815933,3675.0,18,2,385.0
5709.0,115499.62261270148,3675.0,18,2,385.0
5710.0,115525.5564351528,3675.0,18,2,385.0
5711.0,115551.41158115509,3675.0,18,2,385.0
5712.0,115577.18962423732,3675.0,18,2,385.0
5713.0,115602.8921064579,3675.0,18,2,385.0
5714.0,115628.52053903409,3675.0,18,2,385.0
5715.0,115654.07640295873,3675.0,18,2,385.0
5716.0,115679.56114960491,3675.0,18,2,385.0
5717.0,115704.97620131816,3675.0,18,2,385.0
5718.0,115730.32295199714,3675.0,18,2,385.0
5719.0,115755.60276766252,3675.0,18,2,385.0
5720.0,115780.81698701462,3675.0,18,2,385.0
5721.0,115805.96692197966,3675.0,18,2,385.0
5722.0,115831.04114032337,3675.0,18,2,385.0
5723.0,115856.0338743002,3675.0,18,2,385.0
5724.0,115880.9467535975,3675.0,18,2,385.0
5725.0,115905.78137530887,3675.0,18,2,385.0
5726.0,115930.539304586,3675.0,18,2,385.0
5727.0,115955.22207527758,3675.0,18,2,385.0
5728.0,115979.82016066929,3675.0,18,2,385.0
5729.0,116004.32628435317,3675.0,18,2,385.0
5730.0,116028.74228556339,3675.0,18,2,385.0
5731.0,116053.06996674939,3675.0,18,2,385.0
5732.0,116077.31109431165,3675.0,18,2,385.0
5733.0,116101.46739932269,3675.0,18,2,385.0
5734.0,116125.54057823351,3675.0,18,2,385.0
5735.0,116149.53229356608,3675.0,18,2,385.0
5736.0,116173.44417459203,3675.0,18,2,385.0
5737.0,116197.27781799747,3675.0,18,2,385.0
5738.0,116221.03478853477,3675.0,18,2,385.0
5739.0,116244.71661966135,3675.0,18,2,385.0
5740.0,116268.3248141654,3675.0,18,2,385.0
5741.0,116291.86084477935,3675.0,18,2,385.0
5742.0,116315.32615478104,3675.0,18,2,385.0
5743.0,116338.72215858269,3675.0,18,2,385.0
5744.0,116362.0502423083,3675.0,18,2,385.0
5745.0,116385.31176435939,3675.0,18,2,385.0
5746.0,116408.50805596948,3675.0,18,2,385.0
5747.0,116431.64042174736,3675.0,18,2,385.0
5748.0,116454.71014020969,3675.0,18,2,385.0
5749.0,116477.71846430274,3675.0,18,2,385.0
5750.0,116500.66662191397,3675.0,18,2,385.0
5751.0,116523.55581637296,3675.0,18,2,385.0
5752.0,116546.38722694277,3675.0,18,2,385.0
5753.0,116569.16200930117,3675.0,18,2,385.0
5754.0,116591.88129601242,3675.0,18,2,385.0
5755.0,116614.54619698944,3675.0,18,2,385.0
5756.0,116637.15779994693,3675.0,18,2,385.0
5757.0,116659.71717084524,3675.0,18,2,385.0
5758.0,116682.22535432561,3675.0,18,2,385.0
5759.0,116704.68337413637,3675.0,18,2,385.0
5760.0,116727.09223355091,3675.0,18,2,385.0
5761.0,116749.45291577716,3675.0,18,2,385.0
5762.0,116771.76638435888,3675.0,18,2,385.0
5763.0,116794.03358356898,3675.0,18,2,385.0
5764.0,116816.25043972695,3675.0,18,2,385.0
5765.0,116838.40295876178,3675.0,18,2,385.0
5766.0,116860.49242741591,3675.0,18,2,385.0
5767.0,116882.52010669696,3675.0,18,2,385.0
5768.0,116904.4872323924,3675.0,18,2,385.0
5769.0,116926.39501557393,3675.0,18,2,385.0
5770.0,116948.2446430918,3675.0,18,2,385.0
5771.0,116970.03727805935,3675.0,18,2,385.0
5772.0,116991.77406032752,3675.0,18,2,385.0
5773.0,117013.45610695035,3675.0,18,2,385.0
5774.0,117035.08451264071,3675.0,18,2,385.0
5775.0,117056.66035021725,3675.0,18,2,385.0
5776.0,117078.1846710423,3675.0,18,2,385.0
5777.0,117099.65850545082,3675.0,18,2,385.0
5778.0,117121.08286317115,3675.0,18,2,385.0
5779.0,117142.45873373709,3675.0,18,2,385.0
5780.0,117163.78708689171,3675.0,18,2,385.0
5781.0,117185.06887298326,3675.0,18,2,385.0
5782.0,117206.30502335296,3675.0,18,2,385.0
5783.0,117227.49645071528,3675.0,18,2,385.0
5784.0,117248.64404953034,3675.0,18,2,385.0
5785.0,117269.74869636909,3675.0,18,2,385.0
5786.0,117290.81125027109,3675.0,18,2,385.0
5787.0,117311.83255309505,3675.0,18,2,385.0
5788.0,117332.81342986251,3675.0,18,2,385.0
5789.0,117353.75468909463,3675.0,18,2,385.0
5790.0,117374.6571231421,3675.0,18,2,385.0
5791.0,117395.52150850862,3675.0,18,2,385.0
5792.0,117416.3486061678,3675.0,18,2,385.0
5793.0,117437.13916187386,3675.0,18,2,385.0
5794.0,117457.89390646573,3675.0,18,2,385.0
5795.0,117478.61355616579,3675.0,18,2,385.0
5796.0,117499.29881287181,3675.0,18,2,385.0
5797.0,117519.95036444378,3675.0,18,2,385.0
5798.0,117540.56888498427,3675.0,18,2,385.0
5799.0,117561.15503511394,3675.0,18,2,385.0
5800.0,117581.70946224105,3675.0,18,2,385.0
5801.0,117602.23280082559,3675.0,18,2,385.0
5802.0,117622.72567263844,3675.0,18,2,385.0
5803.0,117643.18868701505,3675.0,18,2,385.0
5804.0,117663.61436180897,3675.0,18,2,385.0
5805.0,117683.99152310705,3675.0,18,2,385.0
5806.0,117704.32114117914,3675.0,18,2,385.0
5807.0,117724.60416688981,3675.0,18,2,385.0
5808.0,117744.84153208624,3675.0,18,2,385.0
5809.0,117765.03414997876,3675.0,18,2,385.0
5810.0,117785.18291551342,3675.0,18,2,385.0
5811.0,117805.28870573739,3675.0,18,2,385.0
5812.0,117825.3523801569,3675.0,18,2,385.0
5813.0,117845.37478108797,3675.0,18,2,385.0
5814.0,117865.35673400047,3675.0,18,2,385.0
5815.0,117885.2990478547,3675.0,18,2,385.0
5816.0,117905.20251543185,3675.0,18,2,385.0
5817.0,117925.06791365743,3675.0,18,2,385.0
5818.0,117944.89600391853,3675.0,18,2,385.0
5819.0,117964.68753237442,3675.0,18,2,385.0
5820.0,117984.44323026117,3675.0,18,2,385.0
5821.0,118004.1638141902,3675.0,18,2,385.0
5822.0,118023.84998644062,3675.0,18,2,385.0
5823.0,118043.50243524603,3675.0,18,2,385.0
5824.0,118063.12183507536,3675.0,18,2,385.0
5825.0,118082.70884690809,3675.0,18,2,385.0
5826.0,118102.26411850417,3675.0,18,2,385.0
5827.0,118121.78828466834,3675.0,18,2,385.0
5828.0,118141.2819675092,3675.0,18,2,385.0
5829.0,118160.74577669325,3675.0,18,2,385.0
5830.0,118180.18030969362,3675.0,18,2,385.0
5831.0,118199.58615203401,3675.0,18,2,385.0
5832.0,118218.96387752758,3675.0,18,2,385.0
5833.0,118238.31404851125,3675.0,18,2,385.0
5834.0,118257.63721607525,3675.0,18,2,385.0
5835.0,118276.933920288,3675.0,18,2,385.0
5836.0,118296.20469041649,3675.0,18,2,385.0
5837.0,118315.4500451424,3675.0,18,2,385.0
5838.0,118334.67049277377,3675.0,18,2,385.0
5839.0,118353.86653145256,3675.0,18,2,385.0
5840.0,118373.03864935774,3675.0,18,2,385.0
5841.0,118392.18732490484,3675.0,18,2,385.0
5842.0,118411.31302694097,3675.0,18,2,385.0
5843.0,118430.41621493638,3675.0,18,2,385.0
5844.0,118449.49733917191,3675.0,18,2,385.0
5845.0,118468.55684092271,3675.0,18,2,385.0
5846.0,118487.59515263846,3675.0,18,2,385.0
5847.0,118506.61125559891,3675.0,18,2,385.0
5848.0,118525.58364156751,3675.0,18,2,385.0
5849.0,118544.49657981672,3675.0,18,2,385.0
5850.0,118563.35125930097,3675.0,18,2,385.0
5851.0,118582.14884519551,3675.0,18,2,385.0
5852.0,118600.8904793722,3675.0,18,2,385.0
5853.0,118619.5772808653,3675.0,18,2,385.0
5854.0,118638.21034632856,3675.0,18,2,385.0
5855.0,118656.79075048257,3675.0,18,2,385.0
5856.0,118675.31954655347,3675.0,18,2,385.0
5857.0,118693.79776670296,3675.0,18,2,385.0
5858.0,118712.22642244947,3675.0,18,2,385.0
5859.0,118730.60650508106,3675.0,18,2,385.0
5860.0,118748.93898606,3675.0,18,2,385.0
5861.0,118767.22481741938,3675.0,18,2,385.0
5862.0,118785.46493215155,3675.0,18,2,385.0
5863.0,118803.66024458909,3675.0,18,2,385.0
5864.0,118821.81165077789,3675.0,18,2,385.0
5865.0,118839.9200288429,3675.0,18,2,385.0
5866.0,118857.98623934662,3675.0,18,2,385.0
5867.0,118876.01112564027,3675.0,18,2,385.0
5868.0,118893.99551420801,3675.0,18,2,385.0
5869.0,118911.94021500443,3675.0,18,2,385.0
5870.0,118929.8460217849,3675.0,18,2,385.0
5871.0,118947.67400964277,3677.0,18,2,383.0
5872.0,118965.40609237504,3682.0,18,2,378.0
5873.0,118983.0838972256,3688.0,18,2,372.0
5874.0,119000.72814597918,3694.0,18,2,366.0
5875.0,119018.3395097577,3700.0,18,2,360.0
5876.0,119035.91864626066,3706.0,18,2,354.0
5877.0,119053.46620003352,3712.0,18,2,348.0
5878.0,119070.98280273096,3718.0,18,2,342.0
5879.0,119088.46907337444,3724.0,18,2,336.0
5880.0,119105.92561860502,3730.0,18,2,330.0
5881.0,119123.35303293103,3736.0,18,2,324.0
5882.0,119140.75189897048,3742.0,18,2,318.0
5883.0,119158.12278768918,3748.0,18,2,312.0
5884.0,119175.46625863349,3754.0,18,2,306.0
5885.0,119192.7828601589,3760.0,18,2,300.0
5886.0,119210.07312965379,3766.0,18,2,294.0
5887.0,119227.33759375883,3772.0,18,2,288.0
5888.0,119244.57676858174,3778.0,18,2,282.0
5889.0,119261.7911599082,3784.0,18,2,276.0
5890.0,119278.98126340813,3790.0,18,2,270.0
5891.0,119296.14756483803,3796.0,18,2,264.0
5892.0,119313.29054023938,3802.0,18,2,258.0
5893.0,119330.41065613268,3808.0,18,2,252.0
5894.0,119347.50836970811,3814.0,18,2,246.0
5895.0,119364.58412901204,3820.0,18,2,240.0
5896.0,119381.6383731299,3826.0,18,2,234.0
5897.0,119398.67153236539,3832.0,18,2,228.0
5898.0,119415.68402841617,3838.0,18,2,222.0
5899.0,119432.67627454594,3844.0,18,2,216.0
5900.0,119449.64867575311,3850.0,18,2,210.0
5901.0,119466.60162893614,3856.0,18,2,204.0
5902.0,119483.53552305551,3862.0,18,2,198.0
5903.0,119500.45073929252,3868.0,18,2,192.0
5904.0,119517.34765120472,3874.0,18,2,186.0
5905.0,119534.22662487875,3880.0,18,2,180.0
5906.0,119551.08801907925,3885.0,19,1,175.0
5907.0,119567.98218539575,3885.0,19,1,175.0
5908.0,119585.15946838593,3885.0,19,1,175.0
5909.0,119602.62020571632,3885.0,19,1,175.0
5910.0,119620.36472830006,3885.0,19,1,175.0
5911.0,119638.39336043218,3885.0,19,1,175.0
5912.0,119656.7064199216,3885.0,19,1,175.0
5913.0,119675.30421822125,3885.0,19,1,175.0
5914.0,119694.18706055492,3885.0,19,1,175.0
5915.0,119713.35524604193,3885.0,19,1,175.0
5916.0,119732.80906781917,3885.0,19,1,175.0
5917.0,119752.54881316087,3885.0,19,1,175.0
5918.0,119772.57476359575,3885.0,19,1,175.0
5919.0,119792.88719502193,3885.0,19,1,175.0
5920.0,119813.48637781956,3885.0,19,1,175.0
5921.0,119834.37257696128,3885.0,19,1,175.0
5922.0,119855.54605212015,3885.0,19,1,175.0
5923.0,119877.00705777583,3885.0,19,1,175.0
5924.0,119898.75584331843,3885.0,19,1,175.0
5925.0,119920.79265315013,3885.0,19,1,175.0
5926.0,119943.11772678522,3885.0,19,1,175.0
5927.0,119965.68129894762,3885.0,19,1,175.0
5928.0,119988.23359966674,3885.0,19,1,175.0
5929.0,120010.7748543715,3885.0,19,1,175.0
5930.0,120033.30528398216,3885.0,19,1,175.0
5931.0,120055.82510500061,3885.0,19,1,175.0
5932.0,120078.33452959868,3885.0,19,1,175.0
5933.0,120100.83376570481,3885.0,19,1,175.0
5934.0,120123.32301708881,3885.0,19,1,175.0
5935.0,120145.8024834451,3885.0,19,1,175.0
5936.0,120168.2723604743,3885.0,19,1,175.0
5937.0,120190.73283996292,3885.0,19,1,175.0
5938.0,120213.18410986174,3885.0,19,1,175.0
5939.0,120235.62635436261,3885.0,19,1,175.0
5940.0,120258.05975397344,3885.0,19,1,175.0
5941.0,120280.48448559205,3885.0,19,1,175.0
5942.0,120302.90072257831,3885.0,19,1,175.0
5943.0,120325.30863482485,3885.0,19,1,175.0
5944.0,120347.70838882645,3885.0,19,1,175.0
5945.0,120370.100147748,3885.0,19,1,175.0
5946.0,120392.48407149113,3885.0,19,1,175.0
5947.0,120414.86031675941,3885.0,19,1,175.0
5948.0,120437.22903712229,3885.0,19,1,175.0
5949.0,120459.59038307793,3885.0,19,1,175.0
5950.0,120481.9445021145,3885.0,19,1,175.0
5951.0,120504.29153877028,3885.0,19,1,175.0
5952.0,120526.63163469295,3885.0,19,1,175.0
5953.0,120548.96492869718,3885.0,19,1,175.0
5954.0,120571.29155682134,3885.0,19,1,175.0
5955.0,120593.61165238301,3885.0,19,1,175.0
5956.0,120615.92534603343,3885.0,19,1,175.0
5957.0,120638.23276581086,3885.0,19,1,175.0
5958.0,120660.53403719275,3885.0,19,1,175.0
5959.0,120682.82928314696,3885.0,19,1,175.0
5960.0,120705.11862418213,3885.0,19,1,175.0
5961.0,120727.40217839656,3885.0,19,1,175.0
5962.0,120749.68006152671,3885.0,19,1,175.0
5963.0,120771.95238699426,3885.0,19,1,175.0
5964.0,120794.21926595249,3885.0,19,1,175.0
5965.0,120816.48080733154,3885.0,19,1,175.0
5966.0,120838.737117883,3885.0,19,1,175.0
5967.0,120860.98830222341,3885.0,19,1,175.0
5968.0,120883.23446287702,3885.0,19,1,175.0
5969.0,120905.4757003176,3885.0,19,1,175.0
5970.0,120927.71211300934,3885.0,19,1,175.0
5971.0,120949.94379744724,3885.0,19,1,175.0
5972.0,120972.17084819637,3885.0,19,1,175.0
5973.0,120994.39335793053,3885.0,19,1,175.0
5974.0,121016.61141747003,3885.0,19,1,175.0
5975.0,121038.82511581872,3885.0,19,1,175.0
5976.0,121061.03454020043,3885.0,19,1,175.0
5977.0,121083.23977609453,3885.0,19,1,175.0
5978.0,121105.44090727072,3885.0,19,1,175.0
5979.0,121127.6380158234,3885.0,19,1,175.0
5980.0,121149.831182205,3885.0,19,1,175.0
5981.0,121172.02048525901,3885.0,19,1,175.0
5982.0,121194.20600225193,3885.0,19,1,175.0
5983.0,121216.38780890497,3885.0,19,1,175.0
5984.0,121238.56597942495,3885.0,19,1,175.0
5985.0,121260.74058653456,3885.0,19,1,175.0
5986.0,121282.91170150196,3885.0,19,1,175.0
5987.0,121305.07939417002,3885.0,19,1,175.0
5988.0,121327.2437329847,3885.0,19,1,175.0
5989.0,121349.40478502309,3885.0,19,1,175.0
5990.0,121371.56261602072,3885.0,19,1,175.0
5991.0,121393.71729039842,3885.0,19,1,175.0
5992.0,121415.86887128853,3885.0,19,1,175.0
5993.0,121438.01742056086,3885.0,19,1,175.0
5994.0,121460.16299884772,3885.0,19,1,175.0
5995.0,121482.30566556887,3885.0,19,1,175.0
5996.0,121504.44547895557,3885.0,19,1,175.0
5997.0,121526.58249607455,3885.0,19,1,175.0
5998.0,121548.71677285116,3885.0,19,1,175.0
5999.0,121570.84836409222,3885.0,19,1,175.0
6000.0,121592.97732350846,3885.0,19,1,175.0
6001.0,121615.1037037364,3885.0,19,1,175.0
6002.0,121637.22755635977,3885.0,19,1,175.0
6003.0,121659.34893193065,3885.0,19,1,175.0
6004.0,121681.21446188923,3885.0,19,1,175.0
6005.0,121703.07776723197,3885.0,19,1,175.0
6006.0,121724.96723219489,3885.0,19,1,175.0
6007.0,121746.89131068051,3885.0,19,1,175.0
6008.0,121768.85850159534,3885.0,19,1,175.0
6009.0,121790.87783917537,3885.0,19,1,175.0
6010.0,121812.95919259606,3885.0,19,1,175.0
6011.0,121835.11344339172,3885.0,19,1,175.0
6012.0,121857.3526478446,3885.0,19,1,175.0
6013.0,121879.69022467491,3885.0,19,1,175.0
6014.0,121902.14120089504,3885.0,19,1,175.0
6015.0,121924.72255798812,3885.0,19,1,175.0
6016.0,121947.45373998591,3885.0,19,1,175.0
6017.0,121970.35741390301,3885.0,19,1,175.0
6018.0,121993.46060719516,3885.0,19,1,175.0
6019.0,122016.79636040899,3885.0,19,1,175.0
6020.0,122040.4059274707,3885.0,19,1,175.0
6021.0,122064.34107668324,3885.0,19,1,175.0
6022.0,122088.66490139444,3885.0,19,1,175.0
6023.0,122113.44265122821,3885.0,19,1,175.0
6024.0,122138.53534507426,3885.0,19,1,175.0
6025.0,122163.82503272554,3885.0,19,1,175.0
6026.0,122189.35731567982,3885.0,19,1,175.0
6027.0,122215.16985233061,3885.0,19,1,175.0
6028.0,122241.26345863962,3885.0,19,1,175.0
6029.0,122267.62395068312,3885.0,19,1,175.0
6030.0,122294.26523443552,3885.0,19,1,175.0
6031.0,122321.1979688597,3885.0,19,1,175.0
6032.0,122348.43048592504,3885.0,19,1,175.0
6033.0,122375.93958186093,3885.0,19,1,175.0
6034.0,122403.72322121405,3885.0,19,1,175.0
6035.0,122431.78484355786,3885.0,19,1,175.0
6036.0,122460.12724213274,3885.0,19,1,175.0
6037.0,122488.75271281264,3885.0,19,1,175.0
6038.0,122517.66316328081,3885.0,19,1,175.0
6039.0,122546.86019429934,3885.0,19,1,175.0
6040.0,122576.34516108327,3885.0,19,1,175.0
6041.0,122606.07341214086,3885.0,19,1,175.0
6042.0,122636.04185910767,3885.0,19,1,175.0
6043.0,122666.04185910767,3885.0,19,1,175.0
6044.0,122696.04185910767,3885.0,19,1,175.0
6045.0,122726.04185910767,3885.0,19,1,175.0
6046.0,122756.04185910767,3885.0,19,1,175.0
6047.0,122786.04185910767,3885.0,19,1,175.0
6048.0,122816.04185910767,3885.0,19,1,175.0
6049.0,122846.04185910767,3885.0,19,1,175.0
6050.0,122876.04185910767,3885.0,19,1,175.0
6051.0,122906.04185910767,3885.0,19,1,175.0
6052.0,122936.04185910767,3885.0,19,1,175.0
6053.0,122966.04185910767,3885.0,19,1,175.0
6054.0,122996.04185910767,3885.0,19,1,175.0
6055.0,123026.04185910767,3885.0,19,1,175.0
6056.0,123056.04185910767,3885.0,19,1,175.0
6057.0,123086.04185910767,3885.0,19,1,175.0
6058.0,123116.04185910767,3885.0,19,1,175.0
6059.0,123146.04185910767,3885.0,19,1,175.0
6060.0,123176.04185910767,3885.0,19,1,175.0
6061.0,123206.04185910767,3885.0,19,1,175.0
6062.0,123236.04185910767,3885.0,19,1,175.0
6063.0,123266.04185910767,3885.0,19,1,175.0
6064.0,123296.04185910767,3885.0,19,1,175.0
6065.0,123326.04185910767,3885.0,19,1,175.0
6066.0,123356.04185910767,3885.0,19,1,175.0
6067.0,123386.04185910767,3885.0,19,1,175.0
6068.0,123416.04185910767,3885.0,19,1,175.0
6069.0,123446.04185910767,3885.0,19,1,175.0
6070.0,123476.04185910767,3885.0,19,1,175.0
6071.0,123506.04185910767,3885.0,19,1,175.0
6072.0,123536.04185910767,3885.0,19,1,175.0
6073.0,123566.04185910767,3885.0,19,1,175.0
6074.0,123596.04185910767,3885.0,19,1,175.0
6075.0,123626.04185910767,3885.0,19,1,175.0
6076.0,123656.04185910767,3885.0,19,1,175.0
6077.0,123686.04185910767,3885.0,19,1,175.0
6078.0,123716.04185910767,3885.0,19,1,175.0
6079.0,123746.04185910767,3885.0,19,1,175.0
6080.0,123776.04185910767,3885.0,19,1,175.0
6081.0,123806.04185910767,3885.0,19,1,175.0
6082.0,123836.04185910767,3885.0,19,1,175.0
6083.0,123866.04185910767,3885.0,19,1,175.0
6084.0,123896.04185910767,3885.0,19,1,175.0
6085.0,123926.04185910767,3885.0,19,1,175.0
6086.0,123956.04185910767,3885.0,19,1,175.0
6087.0,123986.04185910767,3885.0,19,1,175.0
6088.0,124016.04185910767,3885.0,19,1,175.0
6089.0,124046.04185910767,3885.0,19,1,175.0
6090.0,124076.04185910767,3885.0,19,1,175.0
6091.0,124106.04185910767,3885.0,19,1,175.0
6092.0,124136.04185910767,3885.0,19,1,175.0
6093.0,124166.04185910767,3885.0,19,1,175.0
6094.0,124196.04185910767,3885.0,19,1,175.0
6095.0,124226.04185910767,3885.0,19,1,175.0
6096.0,124256.04185910767,3885.0,19,1,175.0
6097.0,124286.04185910767,3885.0,19,1,175.0
6098.0,124316.04185910767,3885.0,19,1,175.0
6099.0,124346.04185910767,3885.0,19,1,175.0
6100.0,124376.04185910767,3885.0,19,1,175.0
6101.0,124406.04185910767,3885.0,19,1,175.0
6102.0,124436.04185910767,3885.0,19,1,175.0
6103.0,124466.04185910767,3885.0,19,1,175.0
6104.0,124496.04185910767,3885.0,19,1,175.0
6105.0,124526.04185910767,3885.0,19,1,175.0
6106.0,124556.04185910767,3885.0,19,1,175.0
6107.0,124586.04185910767,3885.0,19,1,175.0
6108.0,124616.04185910767,3885.0,19,1,175.0
6109.0,124646.04185910767,3885.0,19,1,175.0
6110.0,124676.04185910767,3885.0,19,1,175.0
6111.0,124706.04185910767,3885.0,19,1,175.0
6112.0,124736.04185910767,3885.0,19,1,175.0
6113.0,124766.04185910767,3885.0,19,1,175.0
6114.0,124796.04185910767,3885.0,19,1,175.0
6115.0,124826.04185910767,3885.0,19,1,175.0
6116.0,124856.04185910767,3885.0,19,1,175.0
6117.0,124886.04185910767,3885.0,19,1,175.0
6118.0,124916.04185910767,3885.0,19,1,175.0
6119.0,124946.04185910767,3885.0,19,1,175.0
6120.0,124976.04185910767,3885.0,19,1,175.0
6121.0,125006.04185910767,3885.0,19,1,175.0
6122.0,125036.04185910767,3885.0,19,1,175.0
6123.0,125066.04185910767,3885.0,19,1,175.0
6124.0,125096.04185910767,3885.0,19,1,175.0
6125.0,125126.04185910767,3885.0,19,1,175.0
6126.0,125156.04185910767,3885.0,19,1,175.0
6127.0,125186.04185910767,3885.0,19,1,175.0
6128.0,125216.04185910767,3885.0,19,1,175.0
6129.0,125246.04185910767,3885.0,19,1,175.0
6130.0,125276.04185910767,3885.0,19,1,175.0
6131.0,125306.04185910767,3885.0,19,1,175.0
6132.0,125336.04185910767,3885.0,19,1,175.0
6133.0,125366.04185910767,3885.0,19,1,175.0
6134.0,125396.04185910767,3885.0,19,1,175.0
6135.0,125426.04185910767,3885.0,19,1,175.0
6136.0,125456.04185910767,3885.0,19,1,175.0
6137.0,125486.04185910767,3885.0,19,1,175.0
6138.0,125516.04185910767,3885.0,19,1,175.0
6139.0,125546.04185910767,3885.0,19,1,175.0
6140.0,125576.04185910767,3885.0,19,1,175.0
6141.0,125606.04185910767,3885.0,19,1,175.0
6142.0,125636.04185910767,3885.0,19,1,175.0
6143.0,125666.04185910767,3885.0,19,1,175.0
6144.0,125696.04185910767,3885.0,19,1,175.0
6145.0,125726.04185910767,3885.0,19,1,175.0
6146.0,125756.04185910767,3885.0,19,1,175.0
6147.0,125786.04185910767,3885.0,19,1,175.0
6148.0,125816.04185910767,3885.0,19,1,175.0
6149.0,125846.04185910767,3885.0,19,1,175.0
6150.0,125876.04185910767,3885.0,19,1,175.0
6151.0,125906.04185910767,3885.0,19,1,175.0
6152.0,125936.04185910767,3885.0,19,1,175.0
6153.0,125966.04185910767,3885.0,19,1,175.0
6154.0,125996.04185910767,3885.0,19,1,175.0
6155.0,126026.04185910767,3885.0,19,1,175.0
6156.0,126056.04185910767,3885.0,19,1,175.0
6157.0,126086.04185910767,3885.0,19,1,175.0
6158.0,126116.04185910767,3885.0,19,1,175.0
6159.0,126146.04185910767,3885.0,19,1,175.0
6160.0,126176.04185910767,3885.0,19,1,175.0
6161.0,126206.04185910767,3885.0,19,1,175.0
6162.0,126236.04185910767,3885.0,19,1,175.0
6163.0,126266.04185910767,3885.0,19,1,175.0
6164.0,126296.04185910767,3885.0,19,1,175.0
6165.0,126326.04185910767,3885.0,19,1,175.0
6166.0,126356.04185910767,3885.0,19,1,175.0
6167.0,126386.04185910767,3885.0,19,1,175.0
6168.0,126416.04185910767,3885.0,19,1,175.0
6169.0,126446.04185910767,3885.0,19,1,175.0
6170.0,126476.04185910767,3885.0,19,1,175.0
6171.0,126506.04185910767,3885.0,19,1,175.0
6172.0,126536.04185910767,3885.0,19,1,175.0
6173.0,126566.04185910767,3885.0,19,1,175.0
6174.0,126596.04185910767,3885.0,19,1,175.0
6175.0,126626.04185910767,3885.0,19,1,175.0
6176.0,126656.04185910767,3885.0,19,1,175.0
6177.0,126686.04185910767,3885.0,19,1,175.0
6178.0,126716.04185910767,3885.0,19,1,175.0
6179.0,126746.04185910767,3885.0,19,1,175.0
6180.0,126776.04185910767,3885.0,19,1,175.0
6181.0,126806.04185910767,3885.0,19,1,175.0
6182.0,126836.02908900939,3885.0,19,1,175.0
6183.0,126865.99657431309,3885.0,19,1,175.0
6184.0,126895.94470991069,3885.0,19,1,175.0
6185.0,126925.87388279635,3885.0,19,1,175.0
6186.0,126955.7844722243,3885.0,19,1,175.0
6187.0,126985.6768498637,3885.0,19,1,175.0
6188.0,127015.55137995028,3885.0,19,1,175.0
6189.0,127045.40841943517,3885.0,19,1,175.0
6190.0,127075.24831813033,3885.0,19,1,175.0
6191.0,127105.07141885161,3885.0,19,1,175.0
6192.0,127134.87805755844,3885.0,19,1,175.0
6193.0,127164.66856349117,3885.0,19,1,175.0
6194.0,127194.4432593052,3885.0,19,1,175.0
6195.0,127224.20246120298,3885.0,19,1,175.0
6196.0,127253.94647906281,3885.0,19,1,175.0
6197.0,127283.67561656542,3885.0,19,1,175.0
6198.0,127313.390171318,3885.0,19,1,175.0
6199.0,127343.09043497551,3885.0,19,1,175.0
6200.0,127372.77669335986,3885.0,19,1,175.0
6201.0,127402.44922657654,3885.0,19,1,175.0
6202.0,127432.1083091289,3885.0,19,1,175.0
6203.0,127461.7542100302,3885.0,19,1,175.0
6204.0,127491.38719291345,3885.0,19,1,175.0
6205.0,127521.00751613907,3885.0,19,1,175.0
6206.0,127550.61543290017,3885.0,19,1,175.0
6207.0,127580.21119132603,3885.0,19,1,175.0
6208.0,127609.7950345834,3885.0,19,1,175.0
6209.0,127639.3672009756,3885.0,19,1,175.0
6210.0,127668.92792403995,3885.0,19,1,175.0
6211.0,127698.47743264303,3885.0,19,1,175.0
6212.0,127728.01595107405,3885.0,19,1,175.0
6213.0,127757.54369913644,3885.0,19,1,175.0
6214.0,127787.06089223758,3885.0,19,1,175.0
6215.0,127816.56774147673,3885.0,19,1,175.0
6216.0,127846.06445373106,3885.0,19,1,175.0
6217.0,127875.5512317403,3885.0,19,1,175.0
6218.0,127905.02827418939,3885.0,19,1,175.0
6219.0,127934.49577578949,3885.0,19,1,175.0
6220.0,127963.95392735756,3885.0,19,1,175.0
6221.0,127993.390974352,3885.0,19,1,175.0
6222.0,128022.79928040656,3885.0,19,1,175.0
6223.0,128052.17942034,3885.0,19,1,175.0
6224.0,128081.53195747481,3885.0,19,1,175.0
6225.0,128110.8574438669,3885.0,19,1,175.0
6226.0,128140.15642053114,3885.0,19,1,175.0
6227.0,128169.4294176621,3885.0,19,1,175.0
6228.0,128198.67695485047,3885.0,19,1,175.0
6229.0,128227.89954129506,3885.0,19,1,175.0
6230.0,128257.09767601073,3885.0,19,1,175.0
6231.0,128286.2718480321,3885.0,19,1,175.0
6232.0,128315.42253661306,3885.0,19,1,175.0
6233.0,128344.5502114224,3885.0,19,1,175.0
6234.0,128373.65533273554,3885.0,19,1,175.0
6235.0,128402.73835162242,3885.0,19,1,175.0
6236.0,128431.79971013156,3885.0,19,1,175.0
6237.0,128460.83984147053,3885.0,19,1,175.0
6238.0,128489.8591701827,3885.0,19,1,175.0
6239.0,128518.85811232064,3885.0,19,1,175.0
6240.0,128547.83707561581,3885.0,19,1,175.0
6241.0,128576.7964596451,3885.0,19,1,175.0
6242.0,128605.7366559938,3885.0,19,1,175.0
6243.0,128634.6580484155,3885.0,19,1,175.0
6244.0,128663.56101298878,3885.0,19,1,175.0
6245.0,128692.4459182706,3885.0,19,1,175.0
6246.0,128721.31312544677,3885.0,19,1,175.0
6247.0,128750.16298847942,3885.0,19,1,175.0
6248.0,128778.99585425142,3885.0,19,1,175.0
6249.0,128807.81206270799,3885.0,19,1,175.0
6250.0,128836.61194699541,3885.0,19,1,175.0
6251.0,128865.39583359711,3885.0,19,1,175.0
6252.0,128894.16404246674,3885.0,19,1,175.0
6253.0,128922.91688715901,3885.0,19,1,175.0
6254.0,128951.6546749574,3885.0,19,1,175.0
6255.0,128980.37770699986,3885.0,19,1,175.0
6256.0,129009.08627840145,3885.0,19,1,175.0
6257.0,129037.780678375,3885.0,19,1,175.0
6258.0,129066.46119034912,3885.0,19,1,175.0
6259.0,129095.1280920837,3885.0,19,1,175.0
6260.0,129123.7816557836,3885.0,19,1,175.0
6261.0,129152.42214820956,3885.0,19,1,175.0
6262.0,129181.04983078694,3885.0,19,1,175.0
6263.0,129209.66495971278,3885.0,19,1,175.0
6264.0,129238.26778606013,3885.0,19,1,175.0
6265.0,129266.8585558805,3885.0,19,1,175.0
6266.0,129295.43751030449,3885.0,19,1,175.0
6267.0,129324.00488564001,3885.0,19,1,175.0
6268.0,129352.5609134688,3885.0,19,1,175.0
6269.0,129381.10582074101,3885.0,19,1,175.0
6270.0,129409.63982986778,3885.0,19,1,175.0
6271.0,129438.16315881202,3885.0,19,1,175.0
6272.0,129466.67602117735,3885.0,19,1,175.0
6273.0,129495.1786262954,3885.0,19,1,175.0
6274.0,129523.67117931109,3885.0,19,1,175.0
6275.0,129552.15388126645,3885.0,19,1,175.0
6276.0,129580.62692918272,3885.0,19,1,175.0
6277.0,129609.09051614066,3885.0,19,1,175.0
6278.0,129637.54483135944,3885.0,19,1,175.0
6279.0,129665.99006027383,3885.0,19,1,175.0
6280.0,129694.42638460993,3885.0,19,1,175.0
6281.0,129722.85398245933,3885.0,19,1,175.0
6282.0,129751.27302835173,3885.0,19,1,175.0
6283.0,129779.6836933263,3885.0,19,1,175.0
6284.0,129808.08614500136,3885.0,19,1,175.0
6285.0,129836.48054764293,3885.0,19,1,175.0
6286.0,129864.86706223164,3885.0,19,1,175.0
6287.0,129893.2458465286,3885.0,19,1,175.0
6288.0,129921.61705513964,3885.0,19,1,175.0
6289.0,129949.98083957843,3885.0,19,1,175.0
6290.0,129978.33734832845,3885.0,19,1,175.0
6291.0,130006.68672690348,3885.0,19,1,175.0
6292.0,130035.02911790699,3885.0,19,1,175.0
6293.0,130063.36466109045,3885.0,19,1,175.0
6294.0,130091.69349341025,3885.0,19,1,175.0
6295.0,130120.0157490836,3885.0,19,1,175.0
6296.0,130148.33155964353,3885.0,19,1,175.0
6297.0,130176.64105399227,3885.0,19,1,175.0
6298.0,130204.9327920231,3885.0,19,1,175.0
6299.0,130233.19869529337,3885.0,19,1,175.0
6300.0,130261.43928049818,3885.0,19,1,175.0
6301.0,130289.65505399891,3885.0,19,1,175.0
6302.0,130317.84651202965,3885.0,19,1,175.0
6303.0,130346.01414089974,3885.0,19,1,175.0
6304.0,130374.15841719245,3885.0,19,1,175.0
6305.0,130402.27980795932,3885.0,19,1,175.0
6306.0,130430.37877091081,3885.0,19,1,175.0
6307.0,130458.45575460332,3885.0,19,1,175.0
6308.0,130486.51119862194,3885.0,19,1,175.0
6309.0,130514.53233931746,3885.0,19,1,175.0
6310.0,130542.45468858571,3885.0,19,1,175.0
6311.0,130570.2385908686,3885.0,19,1,175.0
6312.0,130597.88681510587,3885.0,19,1,175.0
6313.0,130625.40207485834,3885.0,19,1,175.0
6314.0,130652.7870294158,3885.0,19,1,175.0
6315.0,130680.04428488213,3885.0,19,1,175.0
6316.0,130707.17639523909,3885.0,19,1,175.0
6317.0,130734.18586338892,3885.0,19,1,175.0
6318.0,130761.07514217579,3885.0,19,1,175.0
6319.0,130787.84663538687,3885.0,19,1,175.0
6320.0,130814.50269873375,3885.0,19,1,175.0
6321.0,130841.0456408137,3885.0,19,1,175.0
6322.0,130867.47772405206,3885.0,19,1,175.0
6323.0,130893.80116562564,3885.0,19,1,175.0
6324.0,130920.01813836771,3885.0,19,1,175.0
6325.0,130946.13077165502,3885.0,19,1,175.0
6326.0,130972.14115227654,3885.0,19,1,175.0
6327.0,130998.05132528563,3885.0,19,1,175.0
6328.0,131023.86329483452,3885.0,19,1,175.0
6329.0,131049.57902499243,3885.0,19,1,175.0
6330.0,131075.2004405472,3885.0,19,1,175.0
6331.0,131100.72942779088,3885.0,19,1,175.0
6332.0,131126.1678352897,3885.0,19,1,175.0
6333.0,131151.5174746385,3885.0,19,1,175.0
6334.0,131176.78012120037,3885.0,19,1,175.0
6335.0,131201.95751483095,3885.0,19,1,175.0
6336.0,131227.051360589,3885.0,19,1,175.0
6337.0,131252.0633294318,3885.0,19,1,175.0
6338.0,131276.99505889777,3885.0,19,1,175.0
6339.0,131301.84815377445,3885.0,19,1,175.0
6340.0,131326.6241867536,3885.0,19,1,175.0
6341.0,131351.32469907313,3885.0,19,1,175.0
6342.0,131375.95120114626,3885.0,19,1,175.0
6343.0,131400.50517317795,3885.0,19,1,175.0
6344.0,131424.98806576902,3885.0,19,1,175.0
6345.0,131449.40130050824,3885.0,19,1,175.0
6346.0,131473.74627055274,3885.0,19,1,175.0
6347.0,131498.0243411963,3885.0,19,1,175.0
6348.0,131522.236850427,3885.0,19,1,175.0
6349.0,131546.38510947308,3885.0,19,1,175.0
6350.0,131570.47040333823,3885.0,19,1,175.0
6351.0,131594.48412714573,3885.0,19,1,175.0
6352.0,131618.41757647708,3885.0,19,1,175.0
6353.0,131642.27235682178,3885.0,19,1,175.0
6354.0,131666.0500415596,3885.0,19,1,175.0
6355.0,131689.75217260266,3885.0,19,1,175.0
6356.0,131713.38026102487,3885.0,19,1,175.0
6357.0,131736.93578767864,3885.0,19,1,175.0
6358.0,131760.42020379927,3885.0,19,1,175.0
6359.0,131783.83493159758,3885.0,19,1,175.0
6360.0,131807.18136483984,3885.0,19,1,175.0
6361.0,131830.46086941732,3885.0,19,1,175.0
6362.0,131853.67478390323,3885.0,19,1,175.0
6363.0,131876.82442009944,3885.0,19,1,175.0
6364.0,131899.9110635717,3885.0,19,1,175.0
6365.0,131922.93597417453,3885.0,19,1,175.0
6366.0,131945.90038656528,3885.0,19,1,175.0
6367.0,131968.80551070825,3885.0,19,1,175.0
6368.0,131991.6525323683,3885.0,19,1,175.0
6369.0,132014.4426135952,3885.0,19,1,175.0
6370.0,132037.17689319755,3885.0,19,1,175.0
6371.0,132059.85648720787,3885.0,19,1,175.0
6372.0,132082.48248933797,3885.0,19,1,175.0
6373.0,132105.05597142543,3885.0,19,1,175.0
6374.0,132127.57798387122,3885.0,19,1,175.0
6375.0,132150.04955606803,3885.0,19,1,175.0
6376.0,132172.47169682092,3885.0,19,1,175.0
6377.0,132194.8310158535,3885.0,19,1,175.0
6378.0,132217.12314850537,3885.0,19,1,175.0
6379.0,132239.34943850426,3885.0,19,1,175.0
6380.0,132261.51120270314,3885.0,19,1,175.0
6381.0,132283.60973161802,3885.0,19,1,175.0
6382.0,132305.64628995463,3885.0,19,1,175.0
6383.0,132327.62211712453,3885.0,19,1,175.0
6384.0,132349.538427751,3885.0,19,1,175.0
6385.0,132371.3964121649,3885.0,19,1,175.0
6386.0,132393.19723689058,3885.0,19,1,175.0
6387.0,132414.94204512174,3885.0,19,1,175.0
6388.0,132436.63195718834,3885.0,19,1,175.0
6389.0,132458.2680710135,3885.0,19,1,175.0
6390.0,132479.85146256222,3885.0,19,1,175.0
6391.0,132501.3831862799,3885.0,19,1,175.0
6392.0,132522.8642755233,3885.0,19,1,175.0
6393.0,132544.2761440305,3885.0,19,1,175.0
6394.0,132565.61977516752,3885.0,19,1,175.0
6395.0,132586.89653368184,3885.0,19,1,175.0
6396.0,132608.1077570258,3885.0,19,1,175.0
6397.0,132629.25475590292,3885.0,19,1,175.0
6398.0,132650.33881480256,3885.0,19,1,175.0
6399.0,132671.3611925241,3885.0,19,1,175.0
6400.0,132692.32312269128,3885.0,19,1,175.0
6401.0,132713.2258142551,3885.0,19,1,175.0
6402.0,132734.07045198765,3885.0,19,1,175.0
6403.0,132754.85819696554,3885.0,19,1,175.0
6404.0,132775.59018704388,3885.0,19,1,175.0
6405.0,132796.26753732064,3885.0,19,1,175.0
6406.0,132816.8797061119,3885.0,19,1,175.0
6407.0,132837.39963152734,3885.0,19,1,175.0
6408.0,132857.79848681876,3885.0,19,1,175.0
6409.0,132877.99197401892,3885.0,19,1,175.0
6410.0,132897.9891502667,3885.0,19,1,175.0
6411.0,132917.7984726578,3885.0,19,1,175.0
6412.0,132937.42884222168,3885.0,19,1,175.0
6413.0,132956.889690172,3885.0,19,1,175.0
6414.0,132976.191041188,3885.0,19,1,175.0
6415.0,132995.34260616577,3885.0,19,1,175.0
6416.0,133014.34687480508,3885.0,19,1,175.0
6417.0,133033.21377939763,3885.0,19,1,175.0
6418.0,133051.95424310662,3885.0,19,1,175.0
6419.0,133070.58028278445,3885.0,19,1,175.0
6420.0,133089.10510271805,3885.0,19,1,175.0
6421.0,133107.54316451782,3885.0,19,1,175.0
6422.0,133125.91021146576,3885.0,19,1,175.0
6423.0,133144.22321953735,3885.0,19,1,175.0
6424.0,133162.5002457868,3885.0,19,1,175.0
6425.0,133180.76015308072,3885.0,19,1,175.0
6426.0,133199.0222123496,3885.0,19,1,175.0
6427.0,133217.30561720848,3885.0,19,1,175.0
6428.0,133235.62016191785,3885.0,19,1,175.0
6429.0,133253.94224418598,3885.0,19,1,175.0
6430.0,133272.28809044074,3885.0,19,1,175.0
6431.0,133290.67239534648,3885.0,19,1,175.0
6432.0,133309.1082793838,3885.0,19,1,175.0
6433.0,133327.60734720324,3885.0,19,1,175.0
6434.0,133346.1494390926,3885.0,19,1,175.0
6435.0,133364.74059050466,3885.0,19,1,175.0
6436.0,133383.38749190426,3885.0,19,1,175.0
6437.0,133402.0959987193,3885.0,19,1,175.0
6438.0,133420.87125529314,3885.0,19,1,175.0
6439.0,133439.71780294323,3885.0,19,1,175.0
6440.0,133458.63967223925,3885.0,19,1,175.0
6441.0,133477.6404608118,3885.0,19,1,175.0
6442.0,133496.72339847602,3885.0,19,1,175.0
6443.0,133515.83494624033,3885.0,19,1,175.0
6444.0,133534.94793433527,3885.0,19,1,175.0
6445.0,133554.04066909172,3885.0,19,1,175.0
6446.0,133573.09154915297,3885.0,19,1,175.0
6447.0,133592.10141161302,3885.0,19,1,175.0
6448.0,133611.0710768239,3885.0,19,1,175.0
6449.0,133630.00134873053,3885.0,19,1,175.0
6450.0,133648.893015199,3885.0,19,1,175.0
6451.0,133667.74684833814,3885.0,19,1,175.0
6452.0,133686.5636048145,3885.0,19,1,175.0
6453.0,133705.3440261613,3885.0,19,1,175.0
6454.0,133724.08883908117,3885.0,19,1,175.0
6455.0,133742.79875574267,3885.0,19,1,175.0
6456.0,133761.4744740709,3885.0,19,1,175.0
6457.0,133780.11667803265,3885.0,19,1,175.0
6458.0,133798.7260379151,3885.0,19,1,175.0
6459.0,133817.3032105999,3885.0,19,1,175.0
6460.0,133835.84883983101,3885.0,19,1,175.0
6461.0,133854.3635564775,3885.0,19,1,175.0
6462.0,133872.84797879108,3885.0,19,1,175.0
6463.0,133891.30271265833,3885.0,19,1,175.0
6464.0,133909.72835184832,3885.0,19,1,175.0
6465.0,133928.12547825443,3885.0,19,1,175.0
6466.0,133946.49466213246,3885.0,19,1,175.0
6467.0,133964.8213153424,3885.0,19,1,175.0
6468.0,133983.10143548812,3885.0,19,1,175.0
6469.0,134001.335953231,3885.0,19,1,175.0
6470.0,134019.52578061892,3885.0,19,1,175.0
6471.0,134037.67181145915,3885.0,19,1,175.0
6472.0,134055.77492168252,3885.0,19,1,175.0
6473.0,134073.83596970147,3885.0,19,1,175.0
6474.0,134091.85579676,3885.0,19,1,175.0
6475.0,134109.8352272774,3885.0,19,1,175.0
6476.0,134127.77506918448,3885.0,19,1,175.0
6477.0,134145.67611425335,3885.0,19,1,175.0
6478.0,134163.53913842086,3885.0,19,1,175.0
6479.0,134181.3536218055,3885.0,19,1,175.0
6480.0,134199.11181552245,3885.0,19,1,175.0
6481.0,134216.81484536506,3885.0,19,1,175.0
6482.0,134234.46381461088,3885.0,19,1,175.0
6483.0,134252.05980447173,3885.0,19,1,175.0
6484.0,134269.60387453533,3885.0,19,1,175.0
6485.0,134287.09706319767,3885.0,19,1,175.0
6486.0,134304.5403880868,3885.0,19,1,175.0
6487.0,134321.9348464781,3885.0,19,1,175.0
6488.0,134339.28141570164,3885.0,19,1,175.0
6489.0,134356.58105354063,3885.0,19,1,175.0
6490.0,134373.8346986229,3885.0,19,1,175.0
6491.0,134391.04327080352,3885.0,19,1,175.0
6492.0,134408.20767154053,3885.0,19,1,175.0
6493.0,134425.3287842628,3885.0,19,1,175.0
6494.0,134442.4074747306,3885.0,19,1,175.0
6495.0,134459.444591389,3885.0,19,1,175.0
6496.0,134476.4409657143,3885.0,19,1,175.0
6497.0,134493.39741255308,3885.0,19,1,175.0
6498.0,134510.31473045505,3885.0,19,1,175.0
6499.0,134527.19370199906,3885.0,19,1,175.0
6500.0,134544.03509411213,3885.0,19,1,175.0
6501.0,134560.83965838296,3885.0,19,1,175.0
6502.0,134577.60813136838,3885.0,19,1,175.0
6503.0,134594.28157418655,3888.0,19,1,172.0
6504.0,134610.88196343806,3893.0,19,1,167.0
6505.0,134627.2843697203,3898.0,19,1,162.0
6506.0,134643.59056679037,3903.0,19,1,157.0
6507.0,134659.93879898335,3908.0,19,1,152.0
6508.0,134676.41970614696,3913.0,19,1,147.0
6509.0,134693.06652382002,3918.0,19,1,142.0
6510.0,134709.90193585903,3923.0,19,1,137.0
6511.0,134726.9461913579,3928.0,19,1,132.0
6512.0,134744.21954625094,3933.0,19,1,127.0
6513.0,134761.7437516619,3938.0,19,1,122.0
6514.0,134779.54313323082,3943.0,19,1,117.0
6515.0,134797.64505419877,3948.0,19,1,112.0
6516.0,134816.07910097454,3953.0,19,1,107.0
6517.0,134834.87513121337,3958.0,19,1,102.0
6518.0,134854.06172355963,3963.0,19,1,97.0
6519.0,134873.65502806727,3968.0,19,1,92.0
6520.0,134893.6312285052,3973.0,19,1,87.0
6521.0,134914.01304744626,3978.0,19,1,82.0
6522.0,134934.8285336181,3983.0,19,1,77.0
6523.0,134956.1090825556,3988.0,19,1,72.0
6524.0,134977.86194471203,3993.0,19,1,67.0
6525.0,134999.96195769781,3998.0,19,1,62.0
6526.0,135022.30075158153,4003.0,19,1,57.0
6527.0,135044.82198239132,4008.0,19,1,52.0
6528.0,135067.50289654155,4013.0,19,1,47.0
6529.0,135090.358795647,4018.0,19,1,42.0
6530.0,135113.40145522618,4023.0,19,1,37.0
6531.0,135136.626971201,4028.0,19,1,32.0
6532.0,135160.02201523853,4033.0,19,1,27.0
6533.0,135183.59121958376,4038.0,19,1,22.0
6534.0,135207.33826411812,4043.0,19,1,17.0
6535.0,135231.26281574712,4048.0,19,1,12.0
6536.0,135255.32150221482,4053.0,19,1,7.0
6537.0,135279.516241532,4058.0,19,1,2.0
6538.0,135303.84863037645,4060.0,20,0,0.0
