time,agents_total_distance_moved,agents_total_task_amount_done,completed_tasks,remaining_tasks,tasks_total_amount_left
1.0,0.49999999999999994,0.0,0,20,3780.0
2.0,0.49999999999999994,0.0,0,20,3780.0
3.0,0.49999999999999994,0.0,0,20,3780.0
4.0,0.49999999999999994,0.0,0,20,3780.0
5.0,0.49999999999999994,0.0,0,20,3780.0
6.0,0.49999999999999994,0.0,0,20,3780.0
7.0,0.49999999999999994,0.0,0,20,3780.0
8.0,0.49999999999999994,0.0,0,20,3780.0
9.0,0.49999999999999994,0.0,0,20,3780.0
10.0,0.49999999999999994,0.0,0,20,3780.0
11.0,0.49999999999999994,0.0,0,20,3780.0
12.0,0.49999999999999994,0.0,0,20,3780.0
13.0,0.49999999999999994,0.0,0,20,3780.0
14.0,0.49999999999999994,0.0,0,20,3780.0
15.0,0.49999999999999994,0.0,0,20,3780.0
16.0,0.49999999999999994,0.0,0,20,3780.0
17.0,0.49999999999999994,0.0,0,20,3780.0
18.0,0.49999999999999994,0.0,0,20,3780.0
19.0,0.49999999999999994,0.0,0,20,3780.0
20.0,0.49999999999999994,0.0,0,20,3780.0
21.0,0.49999999999999994,0.0,0,20,3780.0
22.0,0.49999999999999994,0.0,0,20,3780.0
23.0,0.49999999999999994,0.0,0,20,3780.0
24.0,0.49999999999999994,0.0,0,20,3780.0
25.0,0.49999999999999994,0.0,0,20,3780.0
26.0,0.49999999999999994,0.0,0,20,3780.0
27.0,0.49999999999999994,0.0,0,20,3780.0
28.0,0.49999999999999994,0.0,0,20,3780.0
29.0,0.49999999999999994,0.0,0,20,3780.0
30.0,0.49999999999999994,0.0,0,20,3780.0
31.0,0.49999999999999994,0.0,0,20,3780.0
32.0,0.49999999999999994,0.0,0,20,3780.0
33.0,0.49999999999999994,0.0,0,20,3780.0
34.0,0.49999999999999994,0.0,0,20,3780.0
35.0,0.49999999999999994,0.0,0,20,3780.0
36.0,0.49999999999999994,0.0,0,20,3780.0
37.0,0.49999999999999994,0.0,0,20,3780.0
38.0,0.49999999999999994,0.0,0,20,3780.0
39.0,0.49999999999999994,0.0,0,20,3780.0
40.0,0.49999999999999994,0.0,0,20,3780.0
41.0,0.49999999999999994,0.0,0,20,3780.0
42.0,0.49999999999999994,0.0,0,20,3780.0
43.0,0.49999999999999994,0.0,0,20,3780.0
44.0,0.49999999999999994,0.0,0,20,3780.0
45.0,0.49999999999999994,0.0,0,20,3780.0
46.0,0.49999999999999994,0.0,0,20,3780.0
47.0,0.49999999999999994,0.0,0,20,3780.0
48.0,0.49999999999999994,0.0,0,20,3780.0
49.0,0.49999999999999994,0.0,0,20,3780.0
50.0,0.49999999999999994,0.0,0,20,3780.0
51.0,0.49999999999999994,0.0,0,20,3780.0
52.0,0.49999999999999994,0.0,0,20,3780.0
53.0,0.49999999999999994,0.0,0,20,3780.0
54.0,0.49999999999999994,0.0,0,20,3780.0
55.0,0.49999999999999994,0.0,0,20,3780.0
56.0,0.49999999999999994,0.0,0,20,3780.0
57.0,0.49999999999999994,0.0,0,20,3780.0
58.0,0.49999999999999994,0.0,0,20,3780.0
59.0,0.49999999999999994,0.0,0,20,3780.0
60.0,0.49999999999999994,0.0,0,20,3780.0
61.0,0.49999999999999994,0.0,0,20,3780.0
62.0,0.49999999999999994,0.0,0,20,3780.0
63.0,0.49999999999999994,0.0,0,20,3780.0
64.0,0.49999999999999994,0.0,0,20,3780.0
65.0,0.49999999999999994,0.0,0,20,3780.0
66.0,0.49999999999999994,0.0,0,20,3780.0
67.0,0.49999999999999994,0.0,0,20,3780.0
68.0,0.49999999999999994,0.0,0,20,3780.0
69.0,0.49999999999999994,0.0,0,20,3780.0
70.0,0.49999999999999994,0.0,0,20,3780.0
71.0,0.49999999999999994,0.0,0,20,3780.0
72.0,0.49999999999999994,0.0,0,20,3780.0
73.0,0.49999999999999994,0.0,0,20,3780.0
74.0,0.49999999999999994,0.0,0,20,3780.0
75.0,0.49999999999999994,0.0,0,20,3780.0
76.0,0.49999999999999994,0.0,0,20,3780.0
77.0,0.49999999999999994,0.0,0,20,3780.0
78.0,0.49999999999999994,0.0,0,20,3780.0
79.0,0.49999999999999994,0.0,0,20,3780.0
80.0,0.49999999999999994,0.0,0,20,3780.0
81.0,0.49999999999999994,0.0,0,20,3780.0
82.0,0.49999999999999994,0.0,0,20,3780.0
83.0,0.49999999999999994,0.0,0,20,3780.0
84.0,0.49999999999999994,0.0,0,20,3780.0
85.0,0.49999999999999994,0.0,0,20,3780.0
86.0,0.49999999999999994,0.0,0,20,3780.0
87.0,0.49999999999999994,0.0,0,20,3780.0
88.0,0.49999999999999994,0.0,0,20,3780.0
89.0,0.49999999999999994,0.0,0,20,3780.0
90.0,0.49999999999999994,0.0,0,20,3780.0
91.0,0.49999999999999994,0.0,0,20,3780.0
92.0,0.49999999999999994,0.0,0,20,3780.0
93.0,0.49999999999999994,0.0,0,20,3780.0
94.0,0.49999999999999994,0.0,0,20,3780.0
95.0,0.49999999999999994,0.0,0,20,3780.0
96.0,0.49999999999999994,0.0,0,20,3780.0
97.0,0.49999999999999994,0.0,0,20,3780.0
98.0,0.49999999999999994,0.0,0,20,3780.0
99.0,0.49999999999999994,0.0,0,20,3780.0
100.0,0.49999999999999994,0.0,0,20,3780.0
101.0,0.49999999999999994,0.0,0,20,3780.0
102.0,0.49999999999999994,0.0,0,20,3780.0
103.0,0.49999999999999994,0.0,0,20,3780.0
104.0,0.49999999999999994,0.0,0,20,3780.0
105.0,0.49999999999999994,0.0,0,20,3780.0
106.0,0.49999999999999994,0.0,0,20,3780.0
107.0,0.49999999999999994,0.0,0,20,3780.0
108.0,0.49999999999999994,0.0,0,20,3780.0
109.0,0.49999999999999994,0.0,0,20,3780.0
110.0,0.49999999999999994,0.0,0,20,3780.0
111.0,0.49999999999999994,0.0,0,20,3780.0
112.0,0.49999999999999994,0.0,0,20,3780.0
113.0,0.49999999999999994,0.0,0,20,3780.0
114.0,0.49999999999999994,0.0,0,20,3780.0
115.0,0.49999999999999994,0.0,0,20,3780.0
116.0,0.49999999999999994,0.0,0,20,3780.0
117.0,0.49999999999999994,0.0,0,20,3780.0
118.0,0.49999999999999994,0.0,0,20,3780.0
119.0,0.49999999999999994,0.0,0,20,3780.0
120.0,0.49999999999999994,0.0,0,20,3780.0
121.0,0.49999999999999994,0.0,0,20,3780.0
122.0,0.49999999999999994,0.0,0,20,3780.0
123.0,0.49999999999999994,0.0,0,20,3780.0
124.0,0.49999999999999994,0.0,0,20,3780.0
125.0,0.49999999999999994,0.0,0,20,3780.0
126.0,0.49999999999999994,0.0,0,20,3780.0
127.0,0.49999999999999994,0.0,0,20,3780.0
128.0,0.49999999999999994,0.0,0,20,3780.0
129.0,0.49999999999999994,0.0,0,20,3780.0
130.0,0.49999999999999994,0.0,0,20,3780.0
131.0,0.49999999999999994,0.0,0,20,3780.0
132.0,0.49999999999999994,0.0,0,20,3780.0
133.0,0.49999999999999994,0.0,0,20,3780.0
134.0,0.49999999999999994,0.0,0,20,3780.0
135.0,0.49999999999999994,0.0,0,20,3780.0
136.0,0.49999999999999994,0.0,0,20,3780.0
137.0,0.49999999999999994,0.0,0,20,3780.0
138.0,0.49999999999999994,0.0,0,20,3780.0
139.0,0.49999999999999994,0.0,0,20,3780.0
140.0,0.49999999999999994,0.0,0,20,3780.0
141.0,0.49999999999999994,0.0,0,20,3780.0
142.0,0.49999999999999994,0.0,0,20,3780.0
143.0,0.49999999999999994,0.0,0,20,3780.0
144.0,0.49999999999999994,0.0,0,20,3780.0
145.0,0.49999999999999994,0.0,0,20,3780.0
146.0,0.49999999999999994,0.0,0,20,3780.0
147.0,0.49999999999999994,0.0,0,20,3780.0
148.0,0.49999999999999994,0.0,0,20,3780.0
149.0,0.49999999999999994,0.0,0,20,3780.0
150.0,0.49999999999999994,0.0,0,20,3780.0
151.0,0.49999999999999994,0.0,0,20,3780.0
152.0,0.49999999999999994,0.0,0,20,3780.0
153.0,0.49999999999999994,0.0,0,20,3780.0
154.0,0.49999999999999994,0.0,0,20,3780.0
155.0,0.49999999999999994,0.0,0,20,3780.0
156.0,0.49999999999999994,0.0,0,20,3780.0
157.0,0.49999999999999994,0.0,0,20,3780.0
158.0,0.49999999999999994,0.0,0,20,3780.0
159.0,0.49999999999999994,0.0,0,20,3780.0
160.0,0.49999999999999994,0.0,0,20,3780.0
161.0,0.49999999999999994,0.0,0,20,3780.0
162.0,0.49999999999999994,0.0,0,20,3780.0
163.0,0.49999999999999994,0.0,0,20,3780.0
164.0,0.49999999999999994,0.0,0,20,3780.0
165.0,0.49999999999999994,0.0,0,20,3780.0
166.0,0.49999999999999994,0.0,0,20,3780.0
167.0,0.49999999999999994,0.0,0,20,3780.0
168.0,0.49999999999999994,0.0,0,20,3780.0
169.0,0.49999999999999994,0.0,0,20,3780.0
170.0,0.49999999999999994,0.0,0,20,3780.0
171.0,0.49999999999999994,0.0,0,20,3780.0
172.0,0.49999999999999994,0.0,0,20,3780.0
173.0,0.49999999999999994,0.0,0,20,3780.0
174.0,0.49999999999999994,0.0,0,20,3780.0
175.0,0.49999999999999994,0.0,0,20,3780.0
176.0,0.49999999999999994,0.0,0,20,3780.0
177.0,0.49999999999999994,0.0,0,20,3780.0
178.0,0.49999999999999994,0.0,0,20,3780.0
179.0,0.49999999999999994,0.0,0,20,3780.0
180.0,0.49999999999999994,0.0,0,20,3780.0
181.0,0.49999999999999994,0.0,0,20,3780.0
182.0,0.49999999999999994,0.0,0,20,3780.0
183.0,0.49999999999999994,0.0,0,20,3780.0
184.0,0.49999999999999994,0.0,0,20,3780.0
185.0,0.49999999999999994,0.0,0,20,3780.0
186.0,0.49999999999999994,0.0,0,20,3780.0
187.0,0.49999999999999994,0.0,0,20,3780.0
188.0,0.49999999999999994,0.0,0,20,3780.0
189.0,0.49999999999999994,0.0,0,20,3780.0
190.0,0.49999999999999994,0.0,0,20,3780.0
191.0,0.49999999999999994,0.0,0,20,3780.0
192.0,0.49999999999999994,0.0,0,20,3780.0
193.0,0.49999999999999994,0.0,0,20,3780.0
194.0,0.49999999999999994,0.0,0,20,3780.0
195.0,0.49999999999999994,0.0,0,20,3780.0
196.0,0.49999999999999994,0.0,0,20,3780.0
197.0,0.49999999999999994,0.0,0,20,3780.0
198.0,0.49999999999999994,0.0,0,20,3780.0
199.0,0.49999999999999994,0.0,0,20,3780.0
200.0,0.49999999999999994,0.0,0,20,3780.0
201.0,0.49999999999999994,0.0,0,20,3780.0
202.0,0.49999999999999994,0.0,0,20,3780.0
203.0,0.49999999999999994,0.0,0,20,3780.0
204.0,0.49999999999999994,0.0,0,20,3780.0
205.0,0.49999999999999994,0.0,0,20,3780.0
206.0,0.49999999999999994,0.0,0,20,3780.0
207.0,0.49999999999999994,0.0,0,20,3780.0
208.0,0.49999999999999994,0.0,0,20,3780.0
209.0,0.49999999999999994,0.0,0,20,3780.0
210.0,0.49999999999999994,0.0,0,20,3780.0
211.0,0.49999999999999994,0.0,0,20,3780.0
212.0,0.49999999999999994,0.0,0,20,3780.0
213.0,0.49999999999999994,0.0,0,20,3780.0
214.0,0.49999999999999994,0.0,0,20,3780.0
215.0,0.49999999999999994,0.0,0,20,3780.0
216.0,0.49999999999999994,0.0,0,20,3780.0
217.0,0.49999999999999994,0.0,0,20,3780.0
218.0,0.49999999999999994,0.0,0,20,3780.0
219.0,0.49999999999999994,0.0,0,20,3780.0
220.0,0.49999999999999994,0.0,0,20,3780.0
221.0,0.49999999999999994,0.0,0,20,3780.0
222.0,0.49999999999999994,0.0,0,20,3780.0
223.0,0.49999999999999994,0.0,0,20,3780.0
224.0,0.49999999999999994,0.0,0,20,3780.0
225.0,0.49999999999999994,0.0,0,20,3780.0
226.0,0.49999999999999994,0.0,0,20,3780.0
227.0,0.49999999999999994,0.0,0,20,3780.0
228.0,0.49999999999999994,0.0,0,20,3780.0
229.0,0.49999999999999994,0.0,0,20,3780.0
230.0,0.49999999999999994,0.0,0,20,3780.0
231.0,0.49999999999999994,0.0,0,20,3780.0
232.0,0.49999999999999994,0.0,0,20,3780.0
233.0,0.49999999999999994,0.0,0,20,3780.0
234.0,0.49999999999999994,0.0,0,20,3780.0
235.0,0.49999999999999994,0.0,0,20,3780.0
236.0,0.49999999999999994,0.0,0,20,3780.0
237.0,0.49999999999999994,0.0,0,20,3780.0
238.0,0.49999999999999994,0.0,0,20,3780.0
239.0,0.49999999999999994,0.0,0,20,3780.0
240.0,0.49999999999999994,0.0,0,20,3780.0
241.0,0.49999999999999994,0.0,0,20,3780.0
242.0,0.49999999999999994,0.0,0,20,3780.0
243.0,0.49999999999999994,0.0,0,20,3780.0
244.0,0.49999999999999994,0.0,0,20,3780.0
245.0,0.49999999999999994,0.0,0,20,3780.0
246.0,0.49999999999999994,0.0,0,20,3780.0
247.0,0.49999999999999994,0.0,0,20,3780.0
248.0,0.49999999999999994,0.0,0,20,3780.0
249.0,0.49999999999999994,0.0,0,20,3780.0
250.0,0.49999999999999994,0.0,0,20,3780.0
251.0,0.49999999999999994,0.0,0,20,3780.0
252.0,0.49999999999999994,0.0,0,20,3780.0
253.0,0.49999999999999994,0.0,0,20,3780.0
254.0,0.49999999999999994,0.0,0,20,3780.0
255.0,0.49999999999999994,0.0,0,20,3780.0
256.0,0.49999999999999994,0.0,0,20,3780.0
257.0,0.49999999999999994,0.0,0,20,3780.0
258.0,0.49999999999999994,0.0,0,20,3780.0
259.0,0.49999999999999994,0.0,0,20,3780.0
260.0,0.49999999999999994,0.0,0,20,3780.0
261.0,0.49999999999999994,0.0,0,20,3780.0
262.0,0.49999999999999994,0.0,0,20,3780.0
263.0,0.49999999999999994,0.0,0,20,3780.0
264.0,0.49999999999999994,0.0,0,20,3780.0
265.0,0.49999999999999994,0.0,0,20,3780.0
266.0,0.49999999999999994,0.0,0,20,3780.0
267.0,0.49999999999999994,0.0,0,20,3780.0
268.0,0.49999999999999994,0.0,0,20,3780.0
269.0,0.49999999999999994,0.0,0,20,3780.0
270.0,0.49999999999999994,0.0,0,20,3780.0
271.0,0.49999999999999994,0.0,0,20,3780.0
272.0,0.49999999999999994,0.0,0,20,3780.0
273.0,0.49999999999999994,0.0,0,20,3780.0
274.0,0.49999999999999994,0.0,0,20,3780.0
275.0,0.49999999999999994,0.0,0,20,3780.0
276.0,0.49999999999999994,0.0,0,20,3780.0
277.0,0.49999999999999994,0.0,0,20,3780.0
278.0,0.49999999999999994,0.0,0,20,3780.0
279.0,0.49999999999999994,0.0,0,20,3780.0
280.0,0.49999999999999994,0.0,0,20,3780.0
281.0,0.49999999999999994,0.0,0,20,3780.0
282.0,0.49999999999999994,0.0,0,20,3780.0
283.0,0.49999999999999994,0.0,0,20,3780.0
284.0,0.49999999999999994,0.0,0,20,3780.0
285.0,0.49999999999999994,0.0,0,20,3780.0
286.0,0.49999999999999994,0.0,0,20,3780.0
287.0,0.49999999999999994,0.0,0,20,3780.0
288.0,0.49999999999999994,0.0,0,20,3780.0
289.0,0.49999999999999994,0.0,0,20,3780.0
290.0,0.49999999999999994,0.0,0,20,3780.0
291.0,0.49999999999999994,0.0,0,20,3780.0
292.0,0.49999999999999994,0.0,0,20,3780.0
293.0,0.49999999999999994,0.0,0,20,3780.0
294.0,0.49999999999999994,0.0,0,20,3780.0
295.0,0.49999999999999994,0.0,0,20,3780.0
296.0,0.49999999999999994,0.0,0,20,3780.0
297.0,0.49999999999999994,0.0,0,20,3780.0
298.0,0.49999999999999994,0.0,0,20,3780.0
299.0,0.49999999999999994,0.0,0,20,3780.0
300.0,0.49999999999999994,0.0,0,20,3780.0
301.0,0.49999999999999994,0.0,0,20,3780.0
302.0,0.49999999999999994,0.0,0,20,3780.0
303.0,0.49999999999999994,0.0,0,20,3780.0
304.0,0.49999999999999994,0.0,0,20,3780.0
305.0,0.49999999999999994,0.0,0,20,3780.0
306.0,0.49999999999999994,0.0,0,20,3780.0
307.0,0.49999999999999994,0.0,0,20,3780.0
308.0,0.49999999999999994,0.0,0,20,3780.0
309.0,0.49999999999999994,0.0,0,20,3780.0
310.0,0.49999999999999994,0.0,0,20,3780.0
311.0,0.49999999999999994,0.0,0,20,3780.0
312.0,0.49999999999999994,0.0,0,20,3780.0
313.0,0.49999999999999994,0.0,0,20,3780.0
314.0,0.49999999999999994,0.0,0,20,3780.0
315.0,0.49999999999999994,0.0,0,20,3780.0
316.0,0.49999999999999994,0.0,0,20,3780.0
317.0,0.49999999999999994,0.0,0,20,3780.0
318.0,0.49999999999999994,0.0,0,20,3780.0
319.0,0.49999999999999994,0.0,0,20,3780.0
320.0,0.49999999999999994,0.0,0,20,3780.0
321.0,0.49999999999999994,0.0,0,20,3780.0
322.0,0.49999999999999994,0.0,0,20,3780.0
323.0,0.49999999999999994,0.0,0,20,3780.0
324.0,0.49999999999999994,0.0,0,20,3780.0
325.0,0.49999999999999994,0.0,0,20,3780.0
326.0,0.49999999999999994,0.0,0,20,3780.0
327.0,0.49999999999999994,0.0,0,20,3780.0
328.0,0.49999999999999994,0.0,0,20,3780.0
329.0,0.49999999999999994,0.0,0,20,3780.0
330.0,0.49999999999999994,0.0,0,20,3780.0
331.0,0.49999999999999994,0.0,0,20,3780.0
332.0,0.49999999999999994,0.0,0,20,3780.0
333.0,0.49999999999999994,0.0,0,20,3780.0
334.0,0.49999999999999994,0.0,0,20,3780.0
335.0,0.49999999999999994,0.0,0,20,3780.0
336.0,0.49999999999999994,0.0,0,20,3780.0
337.0,0.49999999999999994,0.0,0,20,3780.0
338.0,0.49999999999999994,0.0,0,20,3780.0
339.0,0.49999999999999994,0.0,0,20,3780.0
340.0,0.49999999999999994,0.0,0,20,3780.0
341.0,0.49999999999999994,0.0,0,20,3780.0
342.0,0.49999999999999994,0.0,0,20,3780.0
343.0,0.49999999999999994,0.0,0,20,3780.0
344.0,0.49999999999999994,0.0,0,20,3780.0
345.0,0.49999999999999994,0.0,0,20,3780.0
346.0,0.49999999999999994,0.0,0,20,3780.0
347.0,0.49999999999999994,0.0,0,20,3780.0
348.0,0.49999999999999994,0.0,0,20,3780.0
349.0,0.49999999999999994,0.0,0,20,3780.0
350.0,0.49999999999999994,0.0,0,20,3780.0
351.0,0.49999999999999994,0.0,0,20,3780.0
352.0,0.49999999999999994,0.0,0,20,3780.0
353.0,0.49999999999999994,0.0,0,20,3780.0
354.0,0.49999999999999994,0.0,0,20,3780.0
355.0,0.49999999999999994,0.0,0,20,3780.0
356.0,0.49999999999999994,0.0,0,20,3780.0
357.0,0.49999999999999994,0.0,0,20,3780.0
358.0,0.49999999999999994,0.0,0,20,3780.0
359.0,0.49999999999999994,0.0,0,20,3780.0
360.0,0.49999999999999994,0.0,0,20,3780.0
361.0,0.49999999999999994,0.0,0,20,3780.0
362.0,0.49999999999999994,0.0,0,20,3780.0
363.0,0.49999999999999994,0.0,0,20,3780.0
364.0,0.49999999999999994,0.0,0,20,3780.0
365.0,0.49999999999999994,0.0,0,20,3780.0
366.0,0.49999999999999994,0.0,0,20,3780.0
367.0,0.49999999999999994,0.0,0,20,3780.0
368.0,0.49999999999999994,0.0,0,20,3780.0
369.0,0.49999999999999994,0.0,0,20,3780.0
370.0,0.49999999999999994,0.0,0,20,3780.0
371.0,0.49999999999999994,0.0,0,20,3780.0
372.0,0.49999999999999994,0.0,0,20,3780.0
373.0,0.49999999999999994,0.0,0,20,3780.0
374.0,0.49999999999999994,0.0,0,20,3780.0
375.0,0.49999999999999994,0.0,0,20,3780.0
376.0,0.49999999999999994,0.0,0,20,3780.0
377.0,0.49999999999999994,0.0,0,20,3780.0
378.0,0.49999999999999994,0.0,0,20,3780.0
379.0,0.49999999999999994,0.0,0,20,3780.0
380.0,0.49999999999999994,0.0,0,20,3780.0
381.0,0.49999999999999994,0.0,0,20,3780.0
382.0,0.49999999999999994,0.0,0,20,3780.0
383.0,0.49999999999999994,0.0,0,20,3780.0
384.0,0.49999999999999994,0.0,0,20,3780.0
385.0,0.49999999999999994,0.0,0,20,3780.0
386.0,0.49999999999999994,0.0,0,20,3780.0
387.0,0.49999999999999994,0.0,0,20,3780.0
388.0,0.49999999999999994,0.0,0,20,3780.0
389.0,0.49999999999999994,0.0,0,20,3780.0
390.0,0.49999999999999994,0.0,0,20,3780.0
391.0,0.49999999999999994,0.0,0,20,3780.0
392.0,0.49999999999999994,0.0,0,20,3780.0
393.0,0.49999999999999994,0.0,0,20,3780.0
394.0,0.49999999999999994,0.0,0,20,3780.0
395.0,0.49999999999999994,0.0,0,20,3780.0
396.0,0.49999999999999994,0.0,0,20,3780.0
397.0,0.49999999999999994,0.0,0,20,3780.0
398.0,0.49999999999999994,0.0,0,20,3780.0
399.0,0.49999999999999994,0.0,0,20,3780.0
400.0,0.49999999999999994,0.0,0,20,3780.0
401.0,0.49999999999999994,0.0,0,20,3780.0
402.0,0.49999999999999994,0.0,0,20,3780.0
403.0,0.49999999999999994,0.0,0,20,3780.0
404.0,0.49999999999999994,0.0,0,20,3780.0
405.0,0.49999999999999994,0.0,0,20,3780.0
406.0,0.49999999999999994,0.0,0,20,3780.0
407.0,0.49999999999999994,0.0,0,20,3780.0
408.0,0.49999999999999994,0.0,0,20,3780.0
409.0,0.49999999999999994,0.0,0,20,3780.0
410.0,0.49999999999999994,0.0,0,20,3780.0
411.0,0.49999999999999994,0.0,0,20,3780.0
412.0,0.49999999999999994,0.0,0,20,3780.0
413.0,0.49999999999999994,0.0,0,20,3780.0
414.0,0.49999999999999994,0.0,0,20,3780.0
415.0,0.49999999999999994,0.0,0,20,3780.0
416.0,0.49999999999999994,0.0,0,20,3780.0
417.0,0.49999999999999994,0.0,0,20,3780.0
418.0,0.49999999999999994,0.0,0,20,3780.0
419.0,0.49999999999999994,0.0,0,20,3780.0
420.0,0.49999999999999994,0.0,0,20,3780.0
421.0,0.49999999999999994,0.0,0,20,3780.0
422.0,0.49999999999999994,0.0,0,20,3780.0
423.0,0.49999999999999994,0.0,0,20,3780.0
424.0,0.49999999999999994,0.0,0,20,3780.0
425.0,0.49999999999999994,0.0,0,20,3780.0
426.0,0.49999999999999994,0.0,0,20,3780.0
427.0,0.49999999999999994,0.0,0,20,3780.0
428.0,0.49999999999999994,0.0,0,20,3780.0
429.0,0.49999999999999994,0.0,0,20,3780.0
430.0,0.49999999999999994,0.0,0,20,3780.0
431.0,0.49999999999999994,0.0,0,20,3780.0
432.0,0.49999999999999994,0.0,0,20,3780.0
433.0,0.49999999999999994,0.0,0,20,3780.0
434.0,0.49999999999999994,0.0,0,20,3780.0
435.0,0.49999999999999994,0.0,0,20,3780.0
436.0,0.49999999999999994,0.0,0,20,3780.0
437.0,0.49999999999999994,0.0,0,20,3780.0
438.0,0.49999999999999994,0.0,0,20,3780.0
439.0,0.49999999999999994,0.0,0,20,3780.0
440.0,0.49999999999999994,0.0,0,20,3780.0
441.0,0.49999999999999994,0.0,0,20,3780.0
442.0,0.49999999999999994,0.0,0,20,3780.0
443.0,0.49999999999999994,0.0,0,20,3780.0
444.0,0.49999999999999994,0.0,0,20,3780.0
445.0,0.49999999999999994,0.0,0,20,3780.0
446.0,0.49999999999999994,0.0,0,20,3780.0
447.0,0.49999999999999994,0.0,0,20,3780.0
448.0,0.49999999999999994,0.0,0,20,3780.0
449.0,0.49999999999999994,0.0,0,20,3780.0
450.0,0.49999999999999994,0.0,0,20,3780.0
451.0,0.49999999999999994,0.0,0,20,3780.0
452.0,0.49999999999999994,0.0,0,20,3780.0
453.0,0.49999999999999994,0.0,0,20,3780.0
454.0,0.49999999999999994,0.0,0,20,3780.0
455.0,0.49999999999999994,0.0,0,20,3780.0
456.0,0.49999999999999994,0.0,0,20,3780.0
457.0,0.49999999999999994,0.0,0,20,3780.0
458.0,0.49999999999999994,0.0,0,20,3780.0
459.0,0.49999999999999994,0.0,0,20,3780.0
460.0,0.49999999999999994,0.0,0,20,3780.0
461.0,0.49999999999999994,0.0,0,20,3780.0
462.0,0.49999999999999994,0.0,0,20,3780.0
463.0,0.49999999999999994,0.0,0,20,3780.0
464.0,0.49999999999999994,0.0,0,20,3780.0
465.0,0.49999999999999994,0.0,0,20,3780.0
466.0,0.49999999999999994,0.0,0,20,3780.0
467.0,0.49999999999999994,0.0,0,20,3780.0
468.0,0.49999999999999994,0.0,0,20,3780.0
469.0,0.49999999999999994,0.0,0,20,3780.0
470.0,0.49999999999999994,0.0,0,20,3780.0
471.0,0.49999999999999994,0.0,0,20,3780.0
472.0,0.49999999999999994,0.0,0,20,3780.0
473.0,0.49999999999999994,0.0,0,20,3780.0
474.0,0.49999999999999994,0.0,0,20,3780.0
475.0,0.49999999999999994,0.0,0,20,3780.0
476.0,0.49999999999999994,0.0,0,20,3780.0
477.0,0.49999999999999994,0.0,0,20,3780.0
478.0,0.49999999999999994,0.0,0,20,3780.0
479.0,0.49999999999999994,0.0,0,20,3780.0
480.0,0.49999999999999994,0.0,0,20,3780.0
481.0,0.49999999999999994,0.0,0,20,3780.0
482.0,0.49999999999999994,0.0,0,20,3780.0
483.0,0.49999999999999994,0.0,0,20,3780.0
484.0,0.49999999999999994,0.0,0,20,3780.0
485.0,0.49999999999999994,0.0,0,20,3780.0
486.0,0.49999999999999994,0.0,0,20,3780.0
487.0,0.49999999999999994,0.0,0,20,3780.0
488.0,0.49999999999999994,0.0,0,20,3780.0
489.0,0.49999999999999994,0.0,0,20,3780.0
490.0,0.49999999999999994,0.0,0,20,3780.0
491.0,0.49999999999999994,0.0,0,20,3780.0
492.0,0.49999999999999994,0.0,0,20,3780.0
493.0,0.49999999999999994,0.0,0,20,3780.0
494.0,0.49999999999999994,0.0,0,20,3780.0
495.0,0.49999999999999994,0.0,0,20,3780.0
496.0,0.49999999999999994,0.0,0,20,3780.0
497.0,0.49999999999999994,0.0,0,20,3780.0
498.0,0.49999999999999994,0.0,0,20,3780.0
499.0,0.49999999999999994,0.0,0,20,3780.0
500.0,0.49999999999999994,0.0,0,20,3780.0
501.0,0.49999999999999994,0.0,0,20,3780.0
502.0,0.49999999999999994,0.0,0,20,3780.0
503.0,0.49999999999999994,0.0,0,20,3780.0
504.0,0.49999999999999994,0.0,0,20,3780.0
505.0,0.49999999999999994,0.0,0,20,3780.0
506.0,0.49999999999999994,0.0,0,20,3780.0
507.0,0.49999999999999994,0.0,0,20,3780.0
508.0,0.49999999999999994,0.0,0,20,3780.0
509.0,0.49999999999999994,0.0,0,20,3780.0
510.0,0.49999999999999994,0.0,0,20,3780.0
511.0,0.49999999999999994,0.0,0,20,3780.0
512.0,0.49999999999999994,0.0,0,20,3780.0
513.0,0.49999999999999994,0.0,0,20,3780.0
514.0,0.49999999999999994,0.0,0,20,3780.0
515.0,0.49999999999999994,0.0,0,20,3780.0
516.0,0.49999999999999994,0.0,0,20,3780.0
517.0,0.49999999999999994,0.0,0,20,3780.0
518.0,0.49999999999999994,0.0,0,20,3780.0
519.0,0.49999999999999994,0.0,0,20,3780.0
520.0,0.49999999999999994,0.0,0,20,3780.0
521.0,0.49999999999999994,0.0,0,20,3780.0
522.0,0.49999999999999994,0.0,0,20,3780.0
523.0,0.49999999999999994,0.0,0,20,3780.0
524.0,0.49999999999999994,0.0,0,20,3780.0
525.0,0.49999999999999994,0.0,0,20,3780.0
526.0,0.49999999999999994,0.0,0,20,3780.0
527.0,0.49999999999999994,0.0,0,20,3780.0
528.0,0.49999999999999994,0.0,0,20,3780.0
529.0,0.49999999999999994,0.0,0,20,3780.0
530.0,0.49999999999999994,0.0,0,20,3780.0
531.0,0.49999999999999994,0.0,0,20,3780.0
532.0,0.49999999999999994,0.0,0,20,3780.0
533.0,0.49999999999999994,0.0,0,20,3780.0
534.0,0.49999999999999994,0.0,0,20,3780.0
535.0,0.49999999999999994,0.0,0,20,3780.0
536.0,0.49999999999999994,0.0,0,20,3780.0
537.0,0.49999999999999994,0.0,0,20,3780.0
538.0,0.49999999999999994,0.0,0,20,3780.0
539.0,0.49999999999999994,0.0,0,20,3780.0
540.0,0.49999999999999994,0.0,0,20,3780.0
541.0,0.49999999999999994,0.0,0,20,3780.0
542.0,0.49999999999999994,0.0,0,20,3780.0
543.0,0.49999999999999994,0.0,0,20,3780.0
544.0,0.49999999999999994,0.0,0,20,3780.0
545.0,0.49999999999999994,0.0,0,20,3780.0
546.0,0.49999999999999994,0.0,0,20,3780.0
547.0,0.49999999999999994,0.0,0,20,3780.0
548.0,0.49999999999999994,0.0,0,20,3780.0
549.0,0.49999999999999994,0.0,0,20,3780.0
550.0,0.49999999999999994,0.0,0,20,3780.0
551.0,0.49999999999999994,0.0,0,20,3780.0
552.0,0.49999999999999994,0.0,0,20,3780.0
553.0,0.49999999999999994,0.0,0,20,3780.0
554.0,0.49999999999999994,0.0,0,20,3780.0
555.0,0.49999999999999994,0.0,0,20,3780.0
556.0,0.49999999999999994,0.0,0,20,3780.0
557.0,0.49999999999999994,0.0,0,20,3780.0
558.0,0.49999999999999994,0.0,0,20,3780.0
559.0,0.49999999999999994,0.0,0,20,3780.0
560.0,0.49999999999999994,0.0,0,20,3780.0
561.0,0.49999999999999994,0.0,0,20,3780.0
562.0,0.49999999999999994,0.0,0,20,3780.0
563.0,0.49999999999999994,0.0,0,20,3780.0
564.0,0.49999999999999994,0.0,0,20,3780.0
565.0,0.49999999999999994,0.0,0,20,3780.0
566.0,0.49999999999999994,0.0,0,20,3780.0
567.0,0.49999999999999994,0.0,0,20,3780.0
568.0,0.49999999999999994,0.0,0,20,3780.0
569.0,0.49999999999999994,0.0,0,20,3780.0
570.0,0.49999999999999994,0.0,0,20,3780.0
571.0,0.49999999999999994,0.0,0,20,3780.0
572.0,0.49999999999999994,0.0,0,20,3780.0
573.0,0.49999999999999994,0.0,0,20,3780.0
574.0,0.49999999999999994,0.0,0,20,3780.0
575.0,0.49999999999999994,0.0,0,20,3780.0
576.0,0.49999999999999994,0.0,0,20,3780.0
577.0,0.49999999999999994,0.0,0,20,3780.0
578.0,0.49999999999999994,0.0,0,20,3780.0
579.0,0.49999999999999994,0.0,0,20,3780.0
580.0,0.49999999999999994,0.0,0,20,3780.0
581.0,0.49999999999999994,0.0,0,20,3780.0
582.0,0.49999999999999994,0.0,0,20,3780.0
583.0,0.49999999999999994,0.0,0,20,3780.0
584.0,0.49999999999999994,0.0,0,20,3780.0
585.0,0.49999999999999994,0.0,0,20,3780.0
586.0,0.49999999999999994,0.0,0,20,3780.0
587.0,0.49999999999999994,0.0,0,20,3780.0
588.0,0.49999999999999994,0.0,0,20,3780.0
589.0,0.49999999999999994,0.0,0,20,3780.0
590.0,0.49999999999999994,0.0,0,20,3780.0
591.0,0.49999999999999994,0.0,0,20,3780.0
592.0,0.49999999999999994,0.0,0,20,3780.0
593.0,0.49999999999999994,0.0,0,20,3780.0
594.0,0.49999999999999994,0.0,0,20,3780.0
595.0,0.49999999999999994,0.0,0,20,3780.0
596.0,0.49999999999999994,0.0,0,20,3780.0
597.0,0.49999999999999994,0.0,0,20,3780.0
598.0,0.49999999999999994,0.0,0,20,3780.0
599.0,0.49999999999999994,0.0,0,20,3780.0
600.0,0.49999999999999994,0.0,0,20,3780.0
601.0,0.49999999999999994,0.0,0,20,3780.0
602.0,0.49999999999999994,0.0,0,20,3780.0
603.0,0.49999999999999994,0.0,0,20,3780.0
604.0,0.49999999999999994,0.0,0,20,3780.0
605.0,0.49999999999999994,0.0,0,20,3780.0
606.0,0.49999999999999994,0.0,0,20,3780.0
607.0,0.49999999999999994,0.0,0,20,3780.0
608.0,0.49999999999999994,0.0,0,20,3780.0
609.0,0.49999999999999994,0.0,0,20,3780.0
610.0,0.49999999999999994,0.0,0,20,3780.0
611.0,0.49999999999999994,0.0,0,20,3780.0
612.0,0.49999999999999994,0.0,0,20,3780.0
613.0,0.49999999999999994,0.0,0,20,3780.0
614.0,0.49999999999999994,0.0,0,20,3780.0
615.0,0.49999999999999994,0.0,0,20,3780.0
616.0,0.49999999999999994,0.0,0,20,3780.0
617.0,0.49999999999999994,0.0,0,20,3780.0
618.0,0.49999999999999994,0.0,0,20,3780.0
619.0,0.49999999999999994,0.0,0,20,3780.0
620.0,0.49999999999999994,0.0,0,20,3780.0
621.0,0.49999999999999994,0.0,0,20,3780.0
622.0,0.49999999999999994,0.0,0,20,3780.0
623.0,0.49999999999999994,0.0,0,20,3780.0
624.0,0.49999999999999994,0.0,0,20,3780.0
625.0,0.49999999999999994,0.0,0,20,3780.0
626.0,0.49999999999999994,0.0,0,20,3780.0
627.0,0.49999999999999994,0.0,0,20,3780.0
628.0,0.49999999999999994,0.0,0,20,3780.0
629.0,0.49999999999999994,0.0,0,20,3780.0
630.0,0.49999999999999994,0.0,0,20,3780.0
631.0,0.49999999999999994,0.0,0,20,3780.0
632.0,0.49999999999999994,0.0,0,20,3780.0
633.0,0.49999999999999994,0.0,0,20,3780.0
634.0,0.49999999999999994,0.0,0,20,3780.0
635.0,0.49999999999999994,0.0,0,20,3780.0
636.0,0.49999999999999994,0.0,0,20,3780.0
637.0,0.49999999999999994,0.0,0,20,3780.0
638.0,0.49999999999999994,0.0,0,20,3780.0
639.0,0.49999999999999994,0.0,0,20,3780.0
640.0,0.49999999999999994,0.0,0,20,3780.0
641.0,0.49999999999999994,0.0,0,20,3780.0
642.0,0.49999999999999994,0.0,0,20,3780.0
643.0,0.49999999999999994,0.0,0,20,3780.0
644.0,0.49999999999999994,0.0,0,20,3780.0
645.0,0.49999999999999994,0.0,0,20,3780.0
646.0,0.49999999999999994,0.0,0,20,3780.0
647.0,0.49999999999999994,0.0,0,20,3780.0
648.0,0.49999999999999994,0.0,0,20,3780.0
649.0,0.49999999999999994,0.0,0,20,3780.0
650.0,0.49999999999999994,0.0,0,20,3780.0
651.0,0.49999999999999994,0.0,0,20,3780.0
652.0,0.49999999999999994,0.0,0,20,3780.0
653.0,0.49999999999999994,0.0,0,20,3780.0
654.0,0.49999999999999994,0.0,0,20,3780.0
655.0,0.49999999999999994,0.0,0,20,3780.0
656.0,0.49999999999999994,0.0,0,20,3780.0
657.0,0.49999999999999994,0.0,0,20,3780.0
658.0,0.49999999999999994,0.0,0,20,3780.0
659.0,0.49999999999999994,0.0,0,20,3780.0
660.0,0.49999999999999994,0.0,0,20,3780.0
661.0,0.49999999999999994,0.0,0,20,3780.0
662.0,0.49999999999999994,0.0,0,20,3780.0
663.0,0.49999999999999994,0.0,0,20,3780.0
664.0,0.49999999999999994,0.0,0,20,3780.0
665.0,0.49999999999999994,0.0,0,20,3780.0
666.0,0.49999999999999994,0.0,0,20,3780.0
667.0,0.49999999999999994,0.0,0,20,3780.0
668.0,0.49999999999999994,0.0,0,20,3780.0
669.0,0.49999999999999994,0.0,0,20,3780.0
670.0,0.49999999999999994,0.0,0,20,3780.0
671.0,0.49999999999999994,0.0,0,20,3780.0
672.0,0.49999999999999994,0.0,0,20,3780.0
673.0,0.49999999999999994,0.0,0,20,3780.0
674.0,0.49999999999999994,0.0,0,20,3780.0
675.0,0.49999999999999994,0.0,0,20,3780.0
676.0,0.49999999999999994,0.0,0,20,3780.0
677.0,0.49999999999999994,0.0,0,20,3780.0
678.0,0.49999999999999994,0.0,0,20,3780.0
679.0,0.49999999999999994,0.0,0,20,3780.0
680.0,0.49999999999999994,0.0,0,20,3780.0
681.0,0.49999999999999994,0.0,0,20,3780.0
682.0,0.49999999999999994,0.0,0,20,3780.0
683.0,0.49999999999999994,0.0,0,20,3780.0
684.0,0.49999999999999994,0.0,0,20,3780.0
685.0,0.49999999999999994,0.0,0,20,3780.0
686.0,0.49999999999999994,0.0,0,20,3780.0
687.0,0.49999999999999994,0.0,0,20,3780.0
688.0,0.49999999999999994,0.0,0,20,3780.0
689.0,0.49999999999999994,0.0,0,20,3780.0
690.0,0.49999999999999994,0.0,0,20,3780.0
691.0,0.49999999999999994,0.0,0,20,3780.0
692.0,0.49999999999999994,0.0,0,20,3780.0
693.0,0.49999999999999994,0.0,0,20,3780.0
694.0,0.49999999999999994,0.0,0,20,3780.0
695.0,0.49999999999999994,0.0,0,20,3780.0
696.0,0.49999999999999994,0.0,0,20,3780.0
697.0,0.49999999999999994,0.0,0,20,3780.0
698.0,0.49999999999999994,0.0,0,20,3780.0
699.0,0.49999999999999994,0.0,0,20,3780.0
700.0,0.49999999999999994,0.0,0,20,3780.0
701.0,0.49999999999999994,0.0,0,20,3780.0
702.0,0.49999999999999994,0.0,0,20,3780.0
703.0,0.49999999999999994,0.0,0,20,3780.0
704.0,0.49999999999999994,0.0,0,20,3780.0
705.0,0.49999999999999994,0.0,0,20,3780.0
706.0,0.49999999999999994,0.0,0,20,3780.0
707.0,0.49999999999999994,0.0,0,20,3780.0
708.0,0.49999999999999994,0.0,0,20,3780.0
709.0,0.49999999999999994,0.0,0,20,3780.0
710.0,0.49999999999999994,0.0,0,20,3780.0
711.0,0.49999999999999994,0.0,0,20,3780.0
712.0,0.49999999999999994,0.0,0,20,3780.0
713.0,0.49999999999999994,0.0,0,20,3780.0
714.0,0.49999999999999994,0.0,0,20,3780.0
715.0,0.49999999999999994,0.0,0,20,3780.0
716.0,0.49999999999999994,0.0,0,20,3780.0
717.0,0.49999999999999994,0.0,0,20,3780.0
718.0,0.49999999999999994,0.0,0,20,3780.0
719.0,0.49999999999999994,0.0,0,20,3780.0
720.0,0.49999999999999994,0.0,0,20,3780.0
721.0,0.49999999999999994,0.0,0,20,3780.0
722.0,0.49999999999999994,0.0,0,20,3780.0
723.0,0.49999999999999994,0.0,0,20,3780.0
724.0,0.49999999999999994,0.0,0,20,3780.0
725.0,0.49999999999999994,0.0,0,20,3780.0
726.0,0.49999999999999994,0.0,0,20,3780.0
727.0,0.49999999999999994,0.0,0,20,3780.0
728.0,0.49999999999999994,0.0,0,20,3780.0
729.0,0.49999999999999994,0.0,0,20,3780.0
730.0,0.49999999999999994,0.0,0,20,3780.0
731.0,0.49999999999999994,0.0,0,20,3780.0
732.0,0.49999999999999994,0.0,0,20,3780.0
733.0,0.49999999999999994,0.0,0,20,3780.0
734.0,0.49999999999999994,0.0,0,20,3780.0
735.0,0.49999999999999994,0.0,0,20,3780.0
736.0,0.49999999999999994,0.0,0,20,3780.0
737.0,0.49999999999999994,0.0,0,20,3780.0
738.0,0.49999999999999994,0.0,0,20,3780.0
739.0,0.49999999999999994,0.0,0,20,3780.0
740.0,0.49999999999999994,0.0,0,20,3780.0
741.0,0.49999999999999994,0.0,0,20,3780.0
742.0,0.49999999999999994,0.0,0,20,3780.0
743.0,0.49999999999999994,0.0,0,20,3780.0
744.0,0.49999999999999994,0.0,0,20,3780.0
745.0,0.49999999999999994,0.0,0,20,3780.0
746.0,0.49999999999999994,0.0,0,20,3780.0
747.0,0.49999999999999994,0.0,0,20,3780.0
748.0,0.49999999999999994,0.0,0,20,3780.0
749.0,0.49999999999999994,0.0,0,20,3780.0
750.0,0.49999999999999994,0.0,0,20,3780.0
751.0,0.49999999999999994,0.0,0,20,3780.0
752.0,0.49999999999999994,0.0,0,20,3780.0
753.0,0.49999999999999994,0.0,0,20,3780.0
754.0,0.49999999999999994,0.0,0,20,3780.0
755.0,0.49999999999999994,0.0,0,20,3780.0
756.0,0.49999999999999994,0.0,0,20,3780.0
757.0,0.49999999999999994,0.0,0,20,3780.0
758.0,0.49999999999999994,0.0,0,20,3780.0
759.0,0.49999999999999994,0.0,0,20,3780.0
760.0,0.49999999999999994,0.0,0,20,3780.0
761.0,0.49999999999999994,0.0,0,20,3780.0
762.0,0.49999999999999994,0.0,0,20,3780.0
763.0,0.49999999999999994,0.0,0,20,3780.0
764.0,0.49999999999999994,0.0,0,20,3780.0
765.0,0.49999999999999994,0.0,0,20,3780.0
766.0,0.49999999999999994,0.0,0,20,3780.0
767.0,0.49999999999999994,0.0,0,20,3780.0
768.0,0.49999999999999994,0.0,0,20,3780.0
769.0,0.49999999999999994,0.0,0,20,3780.0
770.0,0.49999999999999994,0.0,0,20,3780.0
771.0,0.49999999999999994,0.0,0,20,3780.0
772.0,0.49999999999999994,0.0,0,20,3780.0
773.0,0.49999999999999994,0.0,0,20,3780.0
774.0,0.49999999999999994,0.0,0,20,3780.0
775.0,0.49999999999999994,0.0,0,20,3780.0
776.0,0.49999999999999994,0.0,0,20,3780.0
777.0,0.49999999999999994,0.0,0,20,3780.0
778.0,0.49999999999999994,0.0,0,20,3780.0
779.0,0.49999999999999994,0.0,0,20,3780.0
780.0,0.49999999999999994,0.0,0,20,3780.0
781.0,0.49999999999999994,0.0,0,20,3780.0
782.0,0.49999999999999994,0.0,0,20,3780.0
783.0,0.49999999999999994,0.0,0,20,3780.0
784.0,0.49999999999999994,0.0,0,20,3780.0
785.0,0.49999999999999994,0.0,0,20,3780.0
786.0,0.49999999999999994,0.0,0,20,3780.0
787.0,0.49999999999999994,0.0,0,20,3780.0
788.0,0.49999999999999994,0.0,0,20,3780.0
789.0,0.49999999999999994,0.0,0,20,3780.0
790.0,0.49999999999999994,0.0,0,20,3780.0
791.0,0.49999999999999994,0.0,0,20,3780.0
792.0,0.49999999999999994,0.0,0,20,3780.0
793.0,0.49999999999999994,0.0,0,20,3780.0
794.0,0.49999999999999994,0.0,0,20,3780.0
795.0,0.49999999999999994,0.0,0,20,3780.0
796.0,0.49999999999999994,0.0,0,20,3780.0
797.0,0.49999999999999994,0.0,0,20,3780.0
798.0,0.49999999999999994,0.0,0,20,3780.0
799.0,0.49999999999999994,0.0,0,20,3780.0
800.0,0.49999999999999994,0.0,0,20,3780.0
801.0,0.49999999999999994,0.0,0,20,3780.0
802.0,0.49999999999999994,0.0,0,20,3780.0
803.0,0.49999999999999994,0.0,0,20,3780.0
804.0,0.49999999999999994,0.0,0,20,3780.0
805.0,0.49999999999999994,0.0,0,20,3780.0
806.0,0.49999999999999994,0.0,0,20,3780.0
807.0,0.49999999999999994,0.0,0,20,3780.0
808.0,0.49999999999999994,0.0,0,20,3780.0
809.0,0.49999999999999994,0.0,0,20,3780.0
810.0,0.49999999999999994,0.0,0,20,3780.0
811.0,0.49999999999999994,0.0,0,20,3780.0
812.0,0.49999999999999994,0.0,0,20,3780.0
813.0,0.49999999999999994,0.0,0,20,3780.0
814.0,0.49999999999999994,0.0,0,20,3780.0
815.0,0.49999999999999994,0.0,0,20,3780.0
816.0,0.49999999999999994,0.0,0,20,3780.0
817.0,0.49999999999999994,0.0,0,20,3780.0
818.0,0.49999999999999994,0.0,0,20,3780.0
819.0,0.49999999999999994,0.0,0,20,3780.0
820.0,0.49999999999999994,0.0,0,20,3780.0
821.0,0.49999999999999994,0.0,0,20,3780.0
822.0,0.49999999999999994,0.0,0,20,3780.0
823.0,0.49999999999999994,0.0,0,20,3780.0
824.0,0.49999999999999994,0.0,0,20,3780.0
825.0,0.49999999999999994,0.0,0,20,3780.0
826.0,0.49999999999999994,0.0,0,20,3780.0
827.0,0.49999999999999994,0.0,0,20,3780.0
828.0,0.49999999999999994,0.0,0,20,3780.0
829.0,0.49999999999999994,0.0,0,20,3780.0
830.0,0.49999999999999994,0.0,0,20,3780.0
831.0,0.49999999999999994,0.0,0,20,3780.0
832.0,0.49999999999999994,0.0,0,20,3780.0
833.0,0.49999999999999994,0.0,0,20,3780.0
834.0,0.49999999999999994,0.0,0,20,3780.0
835.0,0.49999999999999994,0.0,0,20,3780.0
836.0,0.49999999999999994,0.0,0,20,3780.0
837.0,0.49999999999999994,0.0,0,20,3780.0
838.0,0.49999999999999994,0.0,0,20,3780.0
839.0,0.49999999999999994,0.0,0,20,3780.0
840.0,0.49999999999999994,0.0,0,20,3780.0
841.0,0.49999999999999994,0.0,0,20,3780.0
842.0,0.49999999999999994,0.0,0,20,3780.0
843.0,0.49999999999999994,0.0,0,20,3780.0
844.0,0.49999999999999994,0.0,0,20,3780.0
845.0,0.49999999999999994,0.0,0,20,3780.0
846.0,0.49999999999999994,0.0,0,20,3780.0
847.0,0.49999999999999994,0.0,0,20,3780.0
848.0,0.49999999999999994,0.0,0,20,3780.0
849.0,0.49999999999999994,0.0,0,20,3780.0
850.0,0.49999999999999994,0.0,0,20,3780.0
851.0,0.49999999999999994,0.0,0,20,3780.0
852.0,0.49999999999999994,0.0,0,20,3780.0
853.0,0.49999999999999994,0.0,0,20,3780.0
854.0,0.49999999999999994,0.0,0,20,3780.0
855.0,0.49999999999999994,0.0,0,20,3780.0
856.0,0.49999999999999994,0.0,0,20,3780.0
857.0,0.49999999999999994,0.0,0,20,3780.0
858.0,0.49999999999999994,0.0,0,20,3780.0
859.0,0.49999999999999994,0.0,0,20,3780.0
860.0,0.49999999999999994,0.0,0,20,3780.0
861.0,0.49999999999999994,0.0,0,20,3780.0
862.0,0.49999999999999994,0.0,0,20,3780.0
863.0,0.49999999999999994,0.0,0,20,3780.0
864.0,0.49999999999999994,0.0,0,20,3780.0
865.0,0.49999999999999994,0.0,0,20,3780.0
866.0,0.49999999999999994,0.0,0,20,3780.0
867.0,0.49999999999999994,0.0,0,20,3780.0
868.0,0.49999999999999994,0.0,0,20,3780.0
869.0,0.49999999999999994,0.0,0,20,3780.0
870.0,0.49999999999999994,0.0,0,20,3780.0
871.0,0.49999999999999994,0.0,0,20,3780.0
872.0,0.49999999999999994,0.0,0,20,3780.0
873.0,0.49999999999999994,0.0,0,20,3780.0
874.0,0.49999999999999994,0.0,0,20,3780.0
875.0,0.49999999999999994,0.0,0,20,3780.0
876.0,0.49999999999999994,0.0,0,20,3780.0
877.0,0.49999999999999994,0.0,0,20,3780.0
878.0,0.49999999999999994,0.0,0,20,3780.0
879.0,0.49999999999999994,0.0,0,20,3780.0
880.0,0.49999999999999994,0.0,0,20,3780.0
881.0,0.49999999999999994,0.0,0,20,3780.0
882.0,0.49999999999999994,0.0,0,20,3780.0
883.0,0.49999999999999994,0.0,0,20,3780.0
884.0,0.49999999999999994,0.0,0,20,3780.0
885.0,0.49999999999999994,0.0,0,20,3780.0
886.0,0.49999999999999994,0.0,0,20,3780.0
887.0,0.49999999999999994,0.0,0,20,3780.0
888.0,0.49999999999999994,0.0,0,20,3780.0
889.0,0.49999999999999994,0.0,0,20,3780.0
890.0,0.49999999999999994,0.0,0,20,3780.0
891.0,0.49999999999999994,0.0,0,20,3780.0
892.0,0.49999999999999994,0.0,0,20,3780.0
893.0,0.49999999999999994,0.0,0,20,3780.0
894.0,0.49999999999999994,0.0,0,20,3780.0
895.0,0.49999999999999994,0.0,0,20,3780.0
896.0,0.49999999999999994,0.0,0,20,3780.0
897.0,0.49999999999999994,0.0,0,20,3780.0
898.0,0.49999999999999994,0.0,0,20,3780.0
899.0,0.49999999999999994,0.0,0,20,3780.0
900.0,0.49999999999999994,0.0,0,20,3780.0
901.0,0.49999999999999994,0.0,0,20,3780.0
902.0,0.49999999999999994,0.0,0,20,3780.0
903.0,0.49999999999999994,0.0,0,20,3780.0
904.0,0.49999999999999994,0.0,0,20,3780.0
905.0,0.49999999999999994,0.0,0,20,3780.0
906.0,0.49999999999999994,0.0,0,20,3780.0
907.0,0.49999999999999994,0.0,0,20,3780.0
908.0,0.49999999999999994,0.0,0,20,3780.0
909.0,0.49999999999999994,0.0,0,20,3780.0
910.0,0.49999999999999994,0.0,0,20,3780.0
911.0,0.49999999999999994,0.0,0,20,3780.0
912.0,0.49999999999999994,0.0,0,20,3780.0
913.0,0.49999999999999994,0.0,0,20,3780.0
914.0,0.49999999999999994,0.0,0,20,3780.0
915.0,0.49999999999999994,0.0,0,20,3780.0
916.0,0.49999999999999994,0.0,0,20,3780.0
917.0,0.49999999999999994,0.0,0,20,3780.0
918.0,0.49999999999999994,0.0,0,20,3780.0
919.0,0.49999999999999994,0.0,0,20,3780.0
920.0,0.49999999999999994,0.0,0,20,3780.0
921.0,0.49999999999999994,0.0,0,20,3780.0
922.0,0.49999999999999994,0.0,0,20,3780.0
923.0,0.49999999999999994,0.0,0,20,3780.0
924.0,0.49999999999999994,0.0,0,20,3780.0
925.0,0.49999999999999994,0.0,0,20,3780.0
926.0,0.49999999999999994,0.0,0,20,3780.0
927.0,0.49999999999999994,0.0,0,20,3780.0
928.0,0.49999999999999994,0.0,0,20,3780.0
929.0,0.49999999999999994,0.0,0,20,3780.0
930.0,0.49999999999999994,0.0,0,20,3780.0
931.0,0.49999999999999994,0.0,0,20,3780.0
932.0,0.49999999999999994,0.0,0,20,3780.0
933.0,0.49999999999999994,0.0,0,20,3780.0
934.0,0.49999999999999994,0.0,0,20,3780.0
935.0,0.49999999999999994,0.0,0,20,3780.0
936.0,0.49999999999999994,0.0,0,20,3780.0
937.0,0.49999999999999994,0.0,0,20,3780.0
938.0,0.49999999999999994,0.0,0,20,3780.0
939.0,0.49999999999999994,0.0,0,20,3780.0
940.0,0.49999999999999994,0.0,0,20,3780.0
941.0,0.49999999999999994,0.0,0,20,3780.0
942.0,0.49999999999999994,0.0,0,20,3780.0
943.0,0.49999999999999994,0.0,0,20,3780.0
944.0,0.49999999999999994,0.0,0,20,3780.0
945.0,0.49999999999999994,0.0,0,20,3780.0
946.0,0.49999999999999994,0.0,0,20,3780.0
947.0,0.49999999999999994,0.0,0,20,3780.0
948.0,0.49999999999999994,0.0,0,20,3780.0
949.0,0.49999999999999994,0.0,0,20,3780.0
950.0,0.49999999999999994,0.0,0,20,3780.0
951.0,0.49999999999999994,0.0,0,20,3780.0
952.0,0.49999999999999994,0.0,0,20,3780.0
953.0,0.49999999999999994,0.0,0,20,3780.0
954.0,0.49999999999999994,0.0,0,20,3780.0
955.0,0.49999999999999994,0.0,0,20,3780.0
956.0,0.49999999999999994,0.0,0,20,3780.0
957.0,0.49999999999999994,0.0,0,20,3780.0
958.0,0.49999999999999994,0.0,0,20,3780.0
959.0,0.49999999999999994,0.0,0,20,3780.0
960.0,0.49999999999999994,0.0,0,20,3780.0
961.0,0.49999999999999994,0.0,0,20,3780.0
962.0,0.49999999999999994,0.0,0,20,3780.0
963.0,0.49999999999999994,0.0,0,20,3780.0
964.0,0.49999999999999994,0.0,0,20,3780.0
965.0,0.49999999999999994,0.0,0,20,3780.0
966.0,0.49999999999999994,0.0,0,20,3780.0
967.0,0.49999999999999994,0.0,0,20,3780.0
968.0,0.49999999999999994,0.0,0,20,3780.0
969.0,0.49999999999999994,0.0,0,20,3780.0
970.0,0.49999999999999994,0.0,0,20,3780.0
971.0,0.49999999999999994,0.0,0,20,3780.0
972.0,0.49999999999999994,0.0,0,20,3780.0
973.0,0.49999999999999994,0.0,0,20,3780.0
974.0,0.49999999999999994,0.0,0,20,3780.0
975.0,0.49999999999999994,0.0,0,20,3780.0
976.0,0.49999999999999994,0.0,0,20,3780.0
977.0,0.49999999999999994,0.0,0,20,3780.0
978.0,0.49999999999999994,0.0,0,20,3780.0
979.0,0.49999999999999994,0.0,0,20,3780.0
980.0,0.49999999999999994,0.0,0,20,3780.0
981.0,0.49999999999999994,0.0,0,20,3780.0
982.0,0.49999999999999994,0.0,0,20,3780.0
983.0,0.49999999999999994,0.0,0,20,3780.0
984.0,0.49999999999999994,0.0,0,20,3780.0
985.0,0.49999999999999994,0.0,0,20,3780.0
986.0,0.49999999999999994,0.0,0,20,3780.0
987.0,0.49999999999999994,0.0,0,20,3780.0
988.0,0.49999999999999994,0.0,0,20,3780.0
989.0,0.49999999999999994,0.0,0,20,3780.0
990.0,0.49999999999999994,0.0,0,20,3780.0
991.0,0.49999999999999994,0.0,0,20,3780.0
992.0,0.49999999999999994,0.0,0,20,3780.0
993.0,0.49999999999999994,0.0,0,20,3780.0
994.0,0.49999999999999994,0.0,0,20,3780.0
995.0,0.49999999999999994,0.0,0,20,3780.0
996.0,0.49999999999999994,0.0,0,20,3780.0
997.0,0.49999999999999994,0.0,0,20,3780.0
998.0,0.49999999999999994,0.0,0,20,3780.0
999.0,0.49999999999999994,0.0,0,20,3780.0
1000.0,0.49999999999999994,0.0,0,20,3780.0
1001.0,0.49999999999999994,0.0,0,20,3780.0
1002.0,0.49999999999999994,0.0,0,20,3780.0
1003.0,0.49999999999999994,0.0,0,20,3780.0
1004.0,0.49999999999999994,0.0,0,20,3780.0
1005.0,0.49999999999999994,0.0,0,20,3780.0
1006.0,0.49999999999999994,0.0,0,20,3780.0
1007.0,0.49999999999999994,0.0,0,20,3780.0
1008.0,0.49999999999999994,0.0,0,20,3780.0
1009.0,0.49999999999999994,0.0,0,20,3780.0
1010.0,0.49999999999999994,0.0,0,20,3780.0
1011.0,0.49999999999999994,0.0,0,20,3780.0
1012.0,0.49999999999999994,0.0,0,20,3780.0
1013.0,0.49999999999999994,0.0,0,20,3780.0
1014.0,0.49999999999999994,0.0,0,20,3780.0
1015.0,0.49999999999999994,0.0,0,20,3780.0
1016.0,0.49999999999999994,0.0,0,20,3780.0
1017.0,0.49999999999999994,0.0,0,20,3780.0
1018.0,0.49999999999999994,0.0,0,20,3780.0
1019.0,0.49999999999999994,0.0,0,20,3780.0
1020.0,0.49999999999999994,0.0,0,20,3780.0
1021.0,0.49999999999999994,0.0,0,20,3780.0
1022.0,0.49999999999999994,0.0,0,20,3780.0
1023.0,0.49999999999999994,0.0,0,20,3780.0
1024.0,0.49999999999999994,0.0,0,20,3780.0
1025.0,0.49999999999999994,0.0,0,20,3780.0
1026.0,0.49999999999999994,0.0,0,20,3780.0
1027.0,0.49999999999999994,0.0,0,20,3780.0
1028.0,0.49999999999999994,0.0,0,20,3780.0
1029.0,0.49999999999999994,0.0,0,20,3780.0
1030.0,0.49999999999999994,0.0,0,20,3780.0
1031.0,0.49999999999999994,0.0,0,20,3780.0
1032.0,0.49999999999999994,0.0,0,20,3780.0
1033.0,0.49999999999999994,0.0,0,20,3780.0
1034.0,0.49999999999999994,0.0,0,20,3780.0
1035.0,0.49999999999999994,0.0,0,20,3780.0
1036.0,0.49999999999999994,0.0,0,20,3780.0
1037.0,0.49999999999999994,0.0,0,20,3780.0
1038.0,0.49999999999999994,0.0,0,20,3780.0
1039.0,0.49999999999999994,0.0,0,20,3780.0
1040.0,0.49999999999999994,0.0,0,20,3780.0
1041.0,0.49999999999999994,0.0,0,20,3780.0
1042.0,0.49999999999999994,0.0,0,20,3780.0
1043.0,0.49999999999999994,0.0,0,20,3780.0
1044.0,0.49999999999999994,0.0,0,20,3780.0
1045.0,0.49999999999999994,0.0,0,20,3780.0
1046.0,0.49999999999999994,0.0,0,20,3780.0
1047.0,0.49999999999999994,0.0,0,20,3780.0
1048.0,0.49999999999999994,0.0,0,20,3780.0
1049.0,0.49999999999999994,0.0,0,20,3780.0
1050.0,0.49999999999999994,0.0,0,20,3780.0
1051.0,0.49999999999999994,0.0,0,20,3780.0
1052.0,0.49999999999999994,0.0,0,20,3780.0
1053.0,0.49999999999999994,0.0,0,20,3780.0
1054.0,0.49999999999999994,0.0,0,20,3780.0
1055.0,0.49999999999999994,0.0,0,20,3780.0
1056.0,0.49999999999999994,0.0,0,20,3780.0
1057.0,0.49999999999999994,0.0,0,20,3780.0
1058.0,0.49999999999999994,0.0,0,20,3780.0
1059.0,0.49999999999999994,0.0,0,20,3780.0
1060.0,0.49999999999999994,0.0,0,20,3780.0
1061.0,0.49999999999999994,0.0,0,20,3780.0
1062.0,0.49999999999999994,0.0,0,20,3780.0
1063.0,0.49999999999999994,0.0,0,20,3780.0
1064.0,0.49999999999999994,0.0,0,20,3780.0
1065.0,0.49999999999999994,0.0,0,20,3780.0
1066.0,0.49999999999999994,0.0,0,20,3780.0
1067.0,0.49999999999999994,0.0,0,20,3780.0
1068.0,0.49999999999999994,0.0,0,20,3780.0
1069.0,0.49999999999999994,0.0,0,20,3780.0
1070.0,0.49999999999999994,0.0,0,20,3780.0
1071.0,0.49999999999999994,0.0,0,20,3780.0
1072.0,0.49999999999999994,0.0,0,20,3780.0
1073.0,0.49999999999999994,0.0,0,20,3780.0
1074.0,0.49999999999999994,0.0,0,20,3780.0
1075.0,0.49999999999999994,0.0,0,20,3780.0
1076.0,0.49999999999999994,0.0,0,20,3780.0
1077.0,0.49999999999999994,0.0,0,20,3780.0
1078.0,0.49999999999999994,0.0,0,20,3780.0
1079.0,0.49999999999999994,0.0,0,20,3780.0
1080.0,0.49999999999999994,0.0,0,20,3780.0
1081.0,0.49999999999999994,0.0,0,20,3780.0
1082.0,0.49999999999999994,0.0,0,20,3780.0
1083.0,0.49999999999999994,0.0,0,20,3780.0
1084.0,0.49999999999999994,0.0,0,20,3780.0
1085.0,0.49999999999999994,0.0,0,20,3780.0
1086.0,0.49999999999999994,0.0,0,20,3780.0
1087.0,0.49999999999999994,0.0,0,20,3780.0
1088.0,0.49999999999999994,0.0,0,20,3780.0
1089.0,0.49999999999999994,0.0,0,20,3780.0
1090.0,0.49999999999999994,0.0,0,20,3780.0
1091.0,0.49999999999999994,0.0,0,20,3780.0
1092.0,0.49999999999999994,0.0,0,20,3780.0
1093.0,0.49999999999999994,0.0,0,20,3780.0
1094.0,0.49999999999999994,0.0,0,20,3780.0
1095.0,0.49999999999999994,0.0,0,20,3780.0
1096.0,0.49999999999999994,0.0,0,20,3780.0
1097.0,0.49999999999999994,0.0,0,20,3780.0
1098.0,0.49999999999999994,0.0,0,20,3780.0
1099.0,0.49999999999999994,0.0,0,20,3780.0
1100.0,0.49999999999999994,0.0,0,20,3780.0
1101.0,0.49999999999999994,0.0,0,20,3780.0
1102.0,0.49999999999999994,0.0,0,20,3780.0
1103.0,0.49999999999999994,0.0,0,20,3780.0
1104.0,0.49999999999999994,0.0,0,20,3780.0
1105.0,0.49999999999999994,0.0,0,20,3780.0
1106.0,0.49999999999999994,0.0,0,20,3780.0
1107.0,0.49999999999999994,0.0,0,20,3780.0
1108.0,0.49999999999999994,0.0,0,20,3780.0
1109.0,0.49999999999999994,0.0,0,20,3780.0
1110.0,0.49999999999999994,0.0,0,20,3780.0
1111.0,0.49999999999999994,0.0,0,20,3780.0
1112.0,0.49999999999999994,0.0,0,20,3780.0
1113.0,0.49999999999999994,0.0,0,20,3780.0
1114.0,0.49999999999999994,0.0,0,20,3780.0
1115.0,0.49999999999999994,0.0,0,20,3780.0
1116.0,0.49999999999999994,0.0,0,20,3780.0
1117.0,0.49999999999999994,0.0,0,20,3780.0
1118.0,0.49999999999999994,0.0,0,20,3780.0
1119.0,0.49999999999999994,0.0,0,20,3780.0
1120.0,0.49999999999999994,0.0,0,20,3780.0
1121.0,0.49999999999999994,0.0,0,20,3780.0
1122.0,0.49999999999999994,0.0,0,20,3780.0
1123.0,0.49999999999999994,0.0,0,20,3780.0
1124.0,0.49999999999999994,0.0,0,20,3780.0
1125.0,0.49999999999999994,0.0,0,20,3780.0
1126.0,0.49999999999999994,0.0,0,20,3780.0
1127.0,0.49999999999999994,0.0,0,20,3780.0
1128.0,0.49999999999999994,0.0,0,20,3780.0
1129.0,0.49999999999999994,0.0,0,20,3780.0
1130.0,0.49999999999999994,0.0,0,20,3780.0
1131.0,0.49999999999999994,0.0,0,20,3780.0
1132.0,0.49999999999999994,0.0,0,20,3780.0
1133.0,0.49999999999999994,0.0,0,20,3780.0
1134.0,0.49999999999999994,0.0,0,20,3780.0
1135.0,0.49999999999999994,0.0,0,20,3780.0
1136.0,0.49999999999999994,0.0,0,20,3780.0
1137.0,0.49999999999999994,0.0,0,20,3780.0
1138.0,0.49999999999999994,0.0,0,20,3780.0
1139.0,0.49999999999999994,0.0,0,20,3780.0
1140.0,0.49999999999999994,0.0,0,20,3780.0
1141.0,0.49999999999999994,0.0,0,20,3780.0
1142.0,0.49999999999999994,0.0,0,20,3780.0
1143.0,0.49999999999999994,0.0,0,20,3780.0
1144.0,0.49999999999999994,0.0,0,20,3780.0
1145.0,0.49999999999999994,0.0,0,20,3780.0
1146.0,0.49999999999999994,0.0,0,20,3780.0
1147.0,0.49999999999999994,0.0,0,20,3780.0
1148.0,0.49999999999999994,0.0,0,20,3780.0
1149.0,0.49999999999999994,0.0,0,20,3780.0
1150.0,0.49999999999999994,0.0,0,20,3780.0
1151.0,0.49999999999999994,0.0,0,20,3780.0
1152.0,0.49999999999999994,0.0,0,20,3780.0
1153.0,0.49999999999999994,0.0,0,20,3780.0
1154.0,0.49999999999999994,0.0,0,20,3780.0
1155.0,0.49999999999999994,0.0,0,20,3780.0
1156.0,0.49999999999999994,0.0,0,20,3780.0
1157.0,0.49999999999999994,0.0,0,20,3780.0
1158.0,0.49999999999999994,0.0,0,20,3780.0
1159.0,0.49999999999999994,0.0,0,20,3780.0
1160.0,0.49999999999999994,0.0,0,20,3780.0
1161.0,0.49999999999999994,0.0,0,20,3780.0
1162.0,0.49999999999999994,0.0,0,20,3780.0
1163.0,0.49999999999999994,0.0,0,20,3780.0
1164.0,0.49999999999999994,0.0,0,20,3780.0
1165.0,0.49999999999999994,0.0,0,20,3780.0
1166.0,0.49999999999999994,0.0,0,20,3780.0
1167.0,0.49999999999999994,0.0,0,20,3780.0
1168.0,0.49999999999999994,0.0,0,20,3780.0
1169.0,0.49999999999999994,0.0,0,20,3780.0
1170.0,0.49999999999999994,0.0,0,20,3780.0
1171.0,0.49999999999999994,0.0,0,20,3780.0
1172.0,0.49999999999999994,0.0,0,20,3780.0
1173.0,0.49999999999999994,0.0,0,20,3780.0
1174.0,0.49999999999999994,0.0,0,20,3780.0
1175.0,0.49999999999999994,0.0,0,20,3780.0
1176.0,0.49999999999999994,0.0,0,20,3780.0
1177.0,0.49999999999999994,0.0,0,20,3780.0
1178.0,0.49999999999999994,0.0,0,20,3780.0
1179.0,0.49999999999999994,0.0,0,20,3780.0
1180.0,0.49999999999999994,0.0,0,20,3780.0
1181.0,0.49999999999999994,0.0,0,20,3780.0
1182.0,0.49999999999999994,0.0,0,20,3780.0
1183.0,0.49999999999999994,0.0,0,20,3780.0
1184.0,0.49999999999999994,0.0,0,20,3780.0
1185.0,0.49999999999999994,0.0,0,20,3780.0
1186.0,0.49999999999999994,0.0,0,20,3780.0
1187.0,0.49999999999999994,0.0,0,20,3780.0
1188.0,0.49999999999999994,0.0,0,20,3780.0
1189.0,0.49999999999999994,0.0,0,20,3780.0
1190.0,0.49999999999999994,0.0,0,20,3780.0
1191.0,0.49999999999999994,0.0,0,20,3780.0
1192.0,0.49999999999999994,0.0,0,20,3780.0
1193.0,0.49999999999999994,0.0,0,20,3780.0
1194.0,0.49999999999999994,0.0,0,20,3780.0
1195.0,0.49999999999999994,0.0,0,20,3780.0
1196.0,0.49999999999999994,0.0,0,20,3780.0
1197.0,0.49999999999999994,0.0,0,20,3780.0
1198.0,0.49999999999999994,0.0,0,20,3780.0
1199.0,0.49999999999999994,0.0,0,20,3780.0
1200.0,0.49999999999999994,0.0,0,20,3780.0
1201.0,0.49999999999999994,0.0,0,20,3780.0
1202.0,0.49999999999999994,0.0,0,20,3780.0
1203.0,0.49999999999999994,0.0,0,20,3780.0
1204.0,0.49999999999999994,0.0,0,20,3780.0
1205.0,0.49999999999999994,0.0,0,20,3780.0
1206.0,0.49999999999999994,0.0,0,20,3780.0
1207.0,0.49999999999999994,0.0,0,20,3780.0
1208.0,0.49999999999999994,0.0,0,20,3780.0
1209.0,0.49999999999999994,0.0,0,20,3780.0
1210.0,0.49999999999999994,0.0,0,20,3780.0
1211.0,0.49999999999999994,0.0,0,20,3780.0
1212.0,0.49999999999999994,0.0,0,20,3780.0
1213.0,0.49999999999999994,0.0,0,20,3780.0
1214.0,0.49999999999999994,0.0,0,20,3780.0
1215.0,0.49999999999999994,0.0,0,20,3780.0
1216.0,0.49999999999999994,0.0,0,20,3780.0
1217.0,0.49999999999999994,0.0,0,20,3780.0
1218.0,0.49999999999999994,0.0,0,20,3780.0
1219.0,0.49999999999999994,0.0,0,20,3780.0
1220.0,0.49999999999999994,0.0,0,20,3780.0
1221.0,0.49999999999999994,0.0,0,20,3780.0
1222.0,0.49999999999999994,0.0,0,20,3780.0
1223.0,0.49999999999999994,0.0,0,20,3780.0
1224.0,0.49999999999999994,0.0,0,20,3780.0
1225.0,0.49999999999999994,0.0,0,20,3780.0
1226.0,0.49999999999999994,0.0,0,20,3780.0
1227.0,0.49999999999999994,0.0,0,20,3780.0
1228.0,0.49999999999999994,0.0,0,20,3780.0
1229.0,0.49999999999999994,0.0,0,20,3780.0
1230.0,0.49999999999999994,0.0,0,20,3780.0
1231.0,0.49999999999999994,0.0,0,20,3780.0
1232.0,0.49999999999999994,0.0,0,20,3780.0
1233.0,0.49999999999999994,0.0,0,20,3780.0
1234.0,0.49999999999999994,0.0,0,20,3780.0
1235.0,0.49999999999999994,0.0,0,20,3780.0
1236.0,0.49999999999999994,0.0,0,20,3780.0
1237.0,0.49999999999999994,0.0,0,20,3780.0
1238.0,0.49999999999999994,0.0,0,20,3780.0
1239.0,0.49999999999999994,0.0,0,20,3780.0
1240.0,0.49999999999999994,0.0,0,20,3780.0
1241.0,0.49999999999999994,0.0,0,20,3780.0
1242.0,0.49999999999999994,0.0,0,20,3780.0
1243.0,0.49999999999999994,0.0,0,20,3780.0
1244.0,0.49999999999999994,0.0,0,20,3780.0
1245.0,0.49999999999999994,0.0,0,20,3780.0
1246.0,0.49999999999999994,0.0,0,20,3780.0
1247.0,0.49999999999999994,0.0,0,20,3780.0
1248.0,0.49999999999999994,0.0,0,20,3780.0
1249.0,0.49999999999999994,0.0,0,20,3780.0
1250.0,0.49999999999999994,0.0,0,20,3780.0
1251.0,0.49999999999999994,0.0,0,20,3780.0
1252.0,0.49999999999999994,0.0,0,20,3780.0
1253.0,0.49999999999999994,0.0,0,20,3780.0
1254.0,0.49999999999999994,0.0,0,20,3780.0
1255.0,0.49999999999999994,0.0,0,20,3780.0
1256.0,0.49999999999999994,0.0,0,20,3780.0
1257.0,0.49999999999999994,0.0,0,20,3780.0
1258.0,0.49999999999999994,0.0,0,20,3780.0
1259.0,0.49999999999999994,0.0,0,20,3780.0
1260.0,0.49999999999999994,0.0,0,20,3780.0
1261.0,0.49999999999999994,0.0,0,20,3780.0
1262.0,0.49999999999999994,0.0,0,20,3780.0
1263.0,0.49999999999999994,0.0,0,20,3780.0
1264.0,0.49999999999999994,0.0,0,20,3780.0
1265.0,0.49999999999999994,0.0,0,20,3780.0
1266.0,0.49999999999999994,0.0,0,20,3780.0
1267.0,0.49999999999999994,0.0,0,20,3780.0
1268.0,0.49999999999999994,0.0,0,20,3780.0
1269.0,0.49999999999999994,0.0,0,20,3780.0
1270.0,0.49999999999999994,0.0,0,20,3780.0
1271.0,0.49999999999999994,0.0,0,20,3780.0
1272.0,0.49999999999999994,0.0,0,20,3780.0
1273.0,0.49999999999999994,0.0,0,20,3780.0
1274.0,0.49999999999999994,0.0,0,20,3780.0
1275.0,0.49999999999999994,0.0,0,20,3780.0
1276.0,0.49999999999999994,0.0,0,20,3780.0
1277.0,0.49999999999999994,0.0,0,20,3780.0
1278.0,0.49999999999999994,0.0,0,20,3780.0
1279.0,0.49999999999999994,0.0,0,20,3780.0
1280.0,0.49999999999999994,0.0,0,20,3780.0
1281.0,0.49999999999999994,0.0,0,20,3780.0
1282.0,0.49999999999999994,0.0,0,20,3780.0
1283.0,0.49999999999999994,0.0,0,20,3780.0
1284.0,0.49999999999999994,0.0,0,20,3780.0
1285.0,0.49999999999999994,0.0,0,20,3780.0
1286.0,0.49999999999999994,0.0,0,20,3780.0
1287.0,0.49999999999999994,0.0,0,20,3780.0
1288.0,0.49999999999999994,0.0,0,20,3780.0
1289.0,0.49999999999999994,0.0,0,20,3780.0
1290.0,0.49999999999999994,0.0,0,20,3780.0
1291.0,0.49999999999999994,0.0,0,20,3780.0
1292.0,0.49999999999999994,0.0,0,20,3780.0
1293.0,0.49999999999999994,0.0,0,20,3780.0
1294.0,0.49999999999999994,0.0,0,20,3780.0
1295.0,0.49999999999999994,0.0,0,20,3780.0
1296.0,0.49999999999999994,0.0,0,20,3780.0
1297.0,0.49999999999999994,0.0,0,20,3780.0
1298.0,0.49999999999999994,0.0,0,20,3780.0
1299.0,0.49999999999999994,0.0,0,20,3780.0
1300.0,0.49999999999999994,0.0,0,20,3780.0
1301.0,0.49999999999999994,0.0,0,20,3780.0
1302.0,0.49999999999999994,0.0,0,20,3780.0
1303.0,0.49999999999999994,0.0,0,20,3780.0
1304.0,0.49999999999999994,0.0,0,20,3780.0
1305.0,0.49999999999999994,0.0,0,20,3780.0
1306.0,0.49999999999999994,0.0,0,20,3780.0
1307.0,0.49999999999999994,0.0,0,20,3780.0
1308.0,0.49999999999999994,0.0,0,20,3780.0
1309.0,0.49999999999999994,0.0,0,20,3780.0
1310.0,0.49999999999999994,0.0,0,20,3780.0
1311.0,0.49999999999999994,0.0,0,20,3780.0
1312.0,0.49999999999999994,0.0,0,20,3780.0
1313.0,0.49999999999999994,0.0,0,20,3780.0
1314.0,0.49999999999999994,0.0,0,20,3780.0
1315.0,0.49999999999999994,0.0,0,20,3780.0
1316.0,0.49999999999999994,0.0,0,20,3780.0
1317.0,0.49999999999999994,0.0,0,20,3780.0
1318.0,0.49999999999999994,0.0,0,20,3780.0
1319.0,0.49999999999999994,0.0,0,20,3780.0
1320.0,0.49999999999999994,0.0,0,20,3780.0
1321.0,0.49999999999999994,0.0,0,20,3780.0
1322.0,0.49999999999999994,0.0,0,20,3780.0
1323.0,0.49999999999999994,0.0,0,20,3780.0
1324.0,0.49999999999999994,0.0,0,20,3780.0
1325.0,0.49999999999999994,0.0,0,20,3780.0
1326.0,0.49999999999999994,0.0,0,20,3780.0
1327.0,0.49999999999999994,0.0,0,20,3780.0
1328.0,0.49999999999999994,0.0,0,20,3780.0
1329.0,0.49999999999999994,0.0,0,20,3780.0
1330.0,0.49999999999999994,0.0,0,20,3780.0
1331.0,0.49999999999999994,0.0,0,20,3780.0
1332.0,0.49999999999999994,0.0,0,20,3780.0
1333.0,0.49999999999999994,0.0,0,20,3780.0
1334.0,0.49999999999999994,0.0,0,20,3780.0
1335.0,0.49999999999999994,0.0,0,20,3780.0
1336.0,0.49999999999999994,0.0,0,20,3780.0
1337.0,0.49999999999999994,0.0,0,20,3780.0
1338.0,0.49999999999999994,0.0,0,20,3780.0
1339.0,0.49999999999999994,0.0,0,20,3780.0
1340.0,0.49999999999999994,0.0,0,20,3780.0
1341.0,0.49999999999999994,0.0,0,20,3780.0
1342.0,0.49999999999999994,0.0,0,20,3780.0
1343.0,0.49999999999999994,0.0,0,20,3780.0
1344.0,0.49999999999999994,0.0,0,20,3780.0
1345.0,0.49999999999999994,0.0,0,20,3780.0
1346.0,0.49999999999999994,0.0,0,20,3780.0
1347.0,0.49999999999999994,0.0,0,20,3780.0
1348.0,0.49999999999999994,0.0,0,20,3780.0
1349.0,0.49999999999999994,0.0,0,20,3780.0
1350.0,0.49999999999999994,0.0,0,20,3780.0
1351.0,0.49999999999999994,0.0,0,20,3780.0
1352.0,0.49999999999999994,0.0,0,20,3780.0
1353.0,0.49999999999999994,0.0,0,20,3780.0
1354.0,0.49999999999999994,0.0,0,20,3780.0
1355.0,0.49999999999999994,0.0,0,20,3780.0
1356.0,0.49999999999999994,0.0,0,20,3780.0
1357.0,0.49999999999999994,0.0,0,20,3780.0
1358.0,0.49999999999999994,0.0,0,20,3780.0
1359.0,0.49999999999999994,0.0,0,20,3780.0
1360.0,0.49999999999999994,0.0,0,20,3780.0
1361.0,0.49999999999999994,0.0,0,20,3780.0
1362.0,0.49999999999999994,0.0,0,20,3780.0
1363.0,0.49999999999999994,0.0,0,20,3780.0
1364.0,0.49999999999999994,0.0,0,20,3780.0
1365.0,0.49999999999999994,0.0,0,20,3780.0
1366.0,0.49999999999999994,0.0,0,20,3780.0
1367.0,0.49999999999999994,0.0,0,20,3780.0
1368.0,0.49999999999999994,0.0,0,20,3780.0
1369.0,0.49999999999999994,0.0,0,20,3780.0
1370.0,0.49999999999999994,0.0,0,20,3780.0
1371.0,0.49999999999999994,0.0,0,20,3780.0
1372.0,0.49999999999999994,0.0,0,20,3780.0
1373.0,0.49999999999999994,0.0,0,20,3780.0
1374.0,0.49999999999999994,0.0,0,20,3780.0
1375.0,0.49999999999999994,0.0,0,20,3780.0
1376.0,0.49999999999999994,0.0,0,20,3780.0
1377.0,0.49999999999999994,0.0,0,20,3780.0
1378.0,0.49999999999999994,0.0,0,20,3780.0
1379.0,0.49999999999999994,0.0,0,20,3780.0
1380.0,0.49999999999999994,0.0,0,20,3780.0
1381.0,0.49999999999999994,0.0,0,20,3780.0
1382.0,0.49999999999999994,0.0,0,20,3780.0
1383.0,0.49999999999999994,0.0,0,20,3780.0
1384.0,0.49999999999999994,0.0,0,20,3780.0
1385.0,0.49999999999999994,0.0,0,20,3780.0
1386.0,0.49999999999999994,0.0,0,20,3780.0
1387.0,0.49999999999999994,0.0,0,20,3780.0
1388.0,0.49999999999999994,0.0,0,20,3780.0
1389.0,0.49999999999999994,0.0,0,20,3780.0
1390.0,0.49999999999999994,0.0,0,20,3780.0
1391.0,0.49999999999999994,0.0,0,20,3780.0
1392.0,0.49999999999999994,0.0,0,20,3780.0
1393.0,0.49999999999999994,0.0,0,20,3780.0
1394.0,0.49999999999999994,0.0,0,20,3780.0
1395.0,0.49999999999999994,0.0,0,20,3780.0
1396.0,0.49999999999999994,0.0,0,20,3780.0
1397.0,0.49999999999999994,0.0,0,20,3780.0
1398.0,0.49999999999999994,0.0,0,20,3780.0
1399.0,0.49999999999999994,0.0,0,20,3780.0
1400.0,0.49999999999999994,0.0,0,20,3780.0
1401.0,0.49999999999999994,0.0,0,20,3780.0
1402.0,0.49999999999999994,0.0,0,20,3780.0
1403.0,0.49999999999999994,0.0,0,20,3780.0
1404.0,0.49999999999999994,0.0,0,20,3780.0
1405.0,0.49999999999999994,0.0,0,20,3780.0
1406.0,0.49999999999999994,0.0,0,20,3780.0
1407.0,0.49999999999999994,0.0,0,20,3780.0
1408.0,0.49999999999999994,0.0,0,20,3780.0
1409.0,0.49999999999999994,0.0,0,20,3780.0
1410.0,0.49999999999999994,0.0,0,20,3780.0
1411.0,0.49999999999999994,0.0,0,20,3780.0
1412.0,0.49999999999999994,0.0,0,20,3780.0
1413.0,0.49999999999999994,0.0,0,20,3780.0
1414.0,0.49999999999999994,0.0,0,20,3780.0
1415.0,0.49999999999999994,0.0,0,20,3780.0
1416.0,0.49999999999999994,0.0,0,20,3780.0
1417.0,0.49999999999999994,0.0,0,20,3780.0
1418.0,0.49999999999999994,0.0,0,20,3780.0
1419.0,0.49999999999999994,0.0,0,20,3780.0
1420.0,0.49999999999999994,0.0,0,20,3780.0
1421.0,0.49999999999999994,0.0,0,20,3780.0
1422.0,0.49999999999999994,0.0,0,20,3780.0
1423.0,0.49999999999999994,0.0,0,20,3780.0
1424.0,0.49999999999999994,0.0,0,20,3780.0
1425.0,0.49999999999999994,0.0,0,20,3780.0
1426.0,0.49999999999999994,0.0,0,20,3780.0
1427.0,0.49999999999999994,0.0,0,20,3780.0
1428.0,0.49999999999999994,0.0,0,20,3780.0
1429.0,0.49999999999999994,0.0,0,20,3780.0
1430.0,0.49999999999999994,0.0,0,20,3780.0
1431.0,0.49999999999999994,0.0,0,20,3780.0
1432.0,0.49999999999999994,0.0,0,20,3780.0
1433.0,0.49999999999999994,0.0,0,20,3780.0
1434.0,0.49999999999999994,0.0,0,20,3780.0
1435.0,0.49999999999999994,0.0,0,20,3780.0
1436.0,0.49999999999999994,0.0,0,20,3780.0
1437.0,0.49999999999999994,0.0,0,20,3780.0
1438.0,0.49999999999999994,0.0,0,20,3780.0
1439.0,0.49999999999999994,0.0,0,20,3780.0
1440.0,0.49999999999999994,0.0,0,20,3780.0
1441.0,0.49999999999999994,0.0,0,20,3780.0
1442.0,0.49999999999999994,0.0,0,20,3780.0
1443.0,0.49999999999999994,0.0,0,20,3780.0
1444.0,0.49999999999999994,0.0,0,20,3780.0
1445.0,0.49999999999999994,0.0,0,20,3780.0
1446.0,0.49999999999999994,0.0,0,20,3780.0
1447.0,0.49999999999999994,0.0,0,20,3780.0
1448.0,0.49999999999999994,0.0,0,20,3780.0
1449.0,0.49999999999999994,0.0,0,20,3780.0
1450.0,0.49999999999999994,0.0,0,20,3780.0
1451.0,0.49999999999999994,0.0,0,20,3780.0
1452.0,0.49999999999999994,0.0,0,20,3780.0
1453.0,0.49999999999999994,0.0,0,20,3780.0
1454.0,0.49999999999999994,0.0,0,20,3780.0
1455.0,0.49999999999999994,0.0,0,20,3780.0
1456.0,0.49999999999999994,0.0,0,20,3780.0
1457.0,0.49999999999999994,0.0,0,20,3780.0
1458.0,0.49999999999999994,0.0,0,20,3780.0
1459.0,0.49999999999999994,0.0,0,20,3780.0
1460.0,0.49999999999999994,0.0,0,20,3780.0
1461.0,0.49999999999999994,0.0,0,20,3780.0
1462.0,0.49999999999999994,0.0,0,20,3780.0
1463.0,0.49999999999999994,0.0,0,20,3780.0
1464.0,0.49999999999999994,0.0,0,20,3780.0
1465.0,0.49999999999999994,0.0,0,20,3780.0
1466.0,0.49999999999999994,0.0,0,20,3780.0
1467.0,0.49999999999999994,0.0,0,20,3780.0
1468.0,0.49999999999999994,0.0,0,20,3780.0
1469.0,0.49999999999999994,0.0,0,20,3780.0
1470.0,0.49999999999999994,0.0,0,20,3780.0
1471.0,0.49999999999999994,0.0,0,20,3780.0
1472.0,0.49999999999999994,0.0,0,20,3780.0
1473.0,0.49999999999999994,0.0,0,20,3780.0
1474.0,0.49999999999999994,0.0,0,20,3780.0
1475.0,0.49999999999999994,0.0,0,20,3780.0
1476.0,0.49999999999999994,0.0,0,20,3780.0
1477.0,0.49999999999999994,0.0,0,20,3780.0
1478.0,0.49999999999999994,0.0,0,20,3780.0
1479.0,0.49999999999999994,0.0,0,20,3780.0
1480.0,0.49999999999999994,0.0,0,20,3780.0
1481.0,0.49999999999999994,0.0,0,20,3780.0
1482.0,0.49999999999999994,0.0,0,20,3780.0
1483.0,0.49999999999999994,0.0,0,20,3780.0
1484.0,0.49999999999999994,0.0,0,20,3780.0
1485.0,0.49999999999999994,0.0,0,20,3780.0
1486.0,0.49999999999999994,0.0,0,20,3780.0
1487.0,0.49999999999999994,0.0,0,20,3780.0
1488.0,0.49999999999999994,0.0,0,20,3780.0
1489.0,0.49999999999999994,0.0,0,20,3780.0
1490.0,0.49999999999999994,0.0,0,20,3780.0
1491.0,0.49999999999999994,0.0,0,20,3780.0
1492.0,0.49999999999999994,0.0,0,20,3780.0
1493.0,0.49999999999999994,0.0,0,20,3780.0
1494.0,0.49999999999999994,0.0,0,20,3780.0
1495.0,0.49999999999999994,0.0,0,20,3780.0
1496.0,0.49999999999999994,0.0,0,20,3780.0
1497.0,0.49999999999999994,0.0,0,20,3780.0
1498.0,0.49999999999999994,0.0,0,20,3780.0
1499.0,0.49999999999999994,0.0,0,20,3780.0
1500.0,0.49999999999999994,0.0,0,20,3780.0
1501.0,0.49999999999999994,0.0,0,20,3780.0
1502.0,0.49999999999999994,0.0,0,20,3780.0
1503.0,0.49999999999999994,0.0,0,20,3780.0
1504.0,0.49999999999999994,0.0,0,20,3780.0
1505.0,0.49999999999999994,0.0,0,20,3780.0
1506.0,0.49999999999999994,0.0,0,20,3780.0
1507.0,0.49999999999999994,0.0,0,20,3780.0
1508.0,0.49999999999999994,0.0,0,20,3780.0
1509.0,0.49999999999999994,0.0,0,20,3780.0
1510.0,0.49999999999999994,0.0,0,20,3780.0
1511.0,0.49999999999999994,0.0,0,20,3780.0
1512.0,0.49999999999999994,0.0,0,20,3780.0
1513.0,0.49999999999999994,0.0,0,20,3780.0
1514.0,0.49999999999999994,0.0,0,20,3780.0
1515.0,0.49999999999999994,0.0,0,20,3780.0
1516.0,0.49999999999999994,0.0,0,20,3780.0
1517.0,0.49999999999999994,0.0,0,20,3780.0
1518.0,0.49999999999999994,0.0,0,20,3780.0
1519.0,0.49999999999999994,0.0,0,20,3780.0
1520.0,0.49999999999999994,0.0,0,20,3780.0
1521.0,0.49999999999999994,0.0,0,20,3780.0
1522.0,0.49999999999999994,0.0,0,20,3780.0
1523.0,0.49999999999999994,0.0,0,20,3780.0
1524.0,0.49999999999999994,0.0,0,20,3780.0
1525.0,0.49999999999999994,0.0,0,20,3780.0
1526.0,0.49999999999999994,0.0,0,20,3780.0
1527.0,0.49999999999999994,0.0,0,20,3780.0
1528.0,0.49999999999999994,0.0,0,20,3780.0
1529.0,0.49999999999999994,0.0,0,20,3780.0
1530.0,0.49999999999999994,0.0,0,20,3780.0
1531.0,0.49999999999999994,0.0,0,20,3780.0
1532.0,0.49999999999999994,0.0,0,20,3780.0
1533.0,0.49999999999999994,0.0,0,20,3780.0
1534.0,0.49999999999999994,0.0,0,20,3780.0
1535.0,0.49999999999999994,0.0,0,20,3780.0
1536.0,0.49999999999999994,0.0,0,20,3780.0
1537.0,0.49999999999999994,0.0,0,20,3780.0
1538.0,0.49999999999999994,0.0,0,20,3780.0
1539.0,0.49999999999999994,0.0,0,20,3780.0
1540.0,0.49999999999999994,0.0,0,20,3780.0
1541.0,0.49999999999999994,0.0,0,20,3780.0
1542.0,0.49999999999999994,0.0,0,20,3780.0
1543.0,0.49999999999999994,0.0,0,20,3780.0
1544.0,0.49999999999999994,0.0,0,20,3780.0
1545.0,0.49999999999999994,0.0,0,20,3780.0
1546.0,0.49999999999999994,0.0,0,20,3780.0
1547.0,0.49999999999999994,0.0,0,20,3780.0
1548.0,0.49999999999999994,0.0,0,20,3780.0
1549.0,0.49999999999999994,0.0,0,20,3780.0
1550.0,0.49999999999999994,0.0,0,20,3780.0
1551.0,0.49999999999999994,0.0,0,20,3780.0
1552.0,0.49999999999999994,0.0,0,20,3780.0
1553.0,0.49999999999999994,0.0,0,20,3780.0
1554.0,0.49999999999999994,0.0,0,20,3780.0
1555.0,0.49999999999999994,0.0,0,20,3780.0
1556.0,0.49999999999999994,0.0,0,20,3780.0
1557.0,0.49999999999999994,0.0,0,20,3780.0
1558.0,0.49999999999999994,0.0,0,20,3780.0
1559.0,0.49999999999999994,0.0,0,20,3780.0
1560.0,0.49999999999999994,0.0,0,20,3780.0
1561.0,0.49999999999999994,0.0,0,20,3780.0
1562.0,0.49999999999999994,0.0,0,20,3780.0
1563.0,0.49999999999999994,0.0,0,20,3780.0
1564.0,0.49999999999999994,0.0,0,20,3780.0
1565.0,0.49999999999999994,0.0,0,20,3780.0
1566.0,0.49999999999999994,0.0,0,20,3780.0
1567.0,0.49999999999999994,0.0,0,20,3780.0
1568.0,0.49999999999999994,0.0,0,20,3780.0
1569.0,0.49999999999999994,0.0,0,20,3780.0
1570.0,0.49999999999999994,0.0,0,20,3780.0
1571.0,0.49999999999999994,0.0,0,20,3780.0
1572.0,0.49999999999999994,0.0,0,20,3780.0
1573.0,0.49999999999999994,0.0,0,20,3780.0
1574.0,0.49999999999999994,0.0,0,20,3780.0
1575.0,0.49999999999999994,0.0,0,20,3780.0
1576.0,0.49999999999999994,0.0,0,20,3780.0
1577.0,0.49999999999999994,0.0,0,20,3780.0
1578.0,0.49999999999999994,0.0,0,20,3780.0
1579.0,0.49999999999999994,0.0,0,20,3780.0
1580.0,0.49999999999999994,0.0,0,20,3780.0
1581.0,0.49999999999999994,0.0,0,20,3780.0
1582.0,0.49999999999999994,0.0,0,20,3780.0
1583.0,0.49999999999999994,0.0,0,20,3780.0
1584.0,0.49999999999999994,0.0,0,20,3780.0
1585.0,0.49999999999999994,0.0,0,20,3780.0
1586.0,0.49999999999999994,0.0,0,20,3780.0
1587.0,0.49999999999999994,0.0,0,20,3780.0
1588.0,0.49999999999999994,0.0,0,20,3780.0
1589.0,0.49999999999999994,0.0,0,20,3780.0
1590.0,0.49999999999999994,0.0,0,20,3780.0
1591.0,0.49999999999999994,0.0,0,20,3780.0
1592.0,0.49999999999999994,0.0,0,20,3780.0
1593.0,0.49999999999999994,0.0,0,20,3780.0
1594.0,0.49999999999999994,0.0,0,20,3780.0
1595.0,0.49999999999999994,0.0,0,20,3780.0
1596.0,0.49999999999999994,0.0,0,20,3780.0
1597.0,0.49999999999999994,0.0,0,20,3780.0
1598.0,0.49999999999999994,0.0,0,20,3780.0
1599.0,0.49999999999999994,0.0,0,20,3780.0
1600.0,0.49999999999999994,0.0,0,20,3780.0
1601.0,0.49999999999999994,0.0,0,20,3780.0
1602.0,0.49999999999999994,0.0,0,20,3780.0
1603.0,0.49999999999999994,0.0,0,20,3780.0
1604.0,0.49999999999999994,0.0,0,20,3780.0
1605.0,0.49999999999999994,0.0,0,20,3780.0
1606.0,0.49999999999999994,0.0,0,20,3780.0
1607.0,0.49999999999999994,0.0,0,20,3780.0
1608.0,0.49999999999999994,0.0,0,20,3780.0
1609.0,0.49999999999999994,0.0,0,20,3780.0
1610.0,0.49999999999999994,0.0,0,20,3780.0
1611.0,0.49999999999999994,0.0,0,20,3780.0
1612.0,0.49999999999999994,0.0,0,20,3780.0
1613.0,0.49999999999999994,0.0,0,20,3780.0
1614.0,0.49999999999999994,0.0,0,20,3780.0
1615.0,0.49999999999999994,0.0,0,20,3780.0
1616.0,0.49999999999999994,0.0,0,20,3780.0
1617.0,0.49999999999999994,0.0,0,20,3780.0
1618.0,0.49999999999999994,0.0,0,20,3780.0
1619.0,0.49999999999999994,0.0,0,20,3780.0
1620.0,0.49999999999999994,0.0,0,20,3780.0
1621.0,0.49999999999999994,0.0,0,20,3780.0
1622.0,0.49999999999999994,0.0,0,20,3780.0
1623.0,0.49999999999999994,0.0,0,20,3780.0
1624.0,0.49999999999999994,0.0,0,20,3780.0
1625.0,0.49999999999999994,0.0,0,20,3780.0
1626.0,0.49999999999999994,0.0,0,20,3780.0
1627.0,0.49999999999999994,0.0,0,20,3780.0
1628.0,0.49999999999999994,0.0,0,20,3780.0
1629.0,0.49999999999999994,0.0,0,20,3780.0
1630.0,0.49999999999999994,0.0,0,20,3780.0
1631.0,0.49999999999999994,0.0,0,20,3780.0
1632.0,0.49999999999999994,0.0,0,20,3780.0
1633.0,0.49999999999999994,0.0,0,20,3780.0
1634.0,0.49999999999999994,0.0,0,20,3780.0
1635.0,0.49999999999999994,0.0,0,20,3780.0
1636.0,0.49999999999999994,0.0,0,20,3780.0
1637.0,0.49999999999999994,0.0,0,20,3780.0
1638.0,0.49999999999999994,0.0,0,20,3780.0
1639.0,0.49999999999999994,0.0,0,20,3780.0
1640.0,0.49999999999999994,0.0,0,20,3780.0
1641.0,0.49999999999999994,0.0,0,20,3780.0
1642.0,0.49999999999999994,0.0,0,20,3780.0
1643.0,0.49999999999999994,0.0,0,20,3780.0
1644.0,0.49999999999999994,0.0,0,20,3780.0
1645.0,0.49999999999999994,0.0,0,20,3780.0
1646.0,0.49999999999999994,0.0,0,20,3780.0
1647.0,0.49999999999999994,0.0,0,20,3780.0
1648.0,0.49999999999999994,0.0,0,20,3780.0
1649.0,0.49999999999999994,0.0,0,20,3780.0
1650.0,0.49999999999999994,0.0,0,20,3780.0
1651.0,0.49999999999999994,0.0,0,20,3780.0
1652.0,0.49999999999999994,0.0,0,20,3780.0
1653.0,0.49999999999999994,0.0,0,20,3780.0
1654.0,0.49999999999999994,0.0,0,20,3780.0
1655.0,0.49999999999999994,0.0,0,20,3780.0
1656.0,0.49999999999999994,0.0,0,20,3780.0
1657.0,0.49999999999999994,0.0,0,20,3780.0
1658.0,0.49999999999999994,0.0,0,20,3780.0
1659.0,0.49999999999999994,0.0,0,20,3780.0
1660.0,0.49999999999999994,0.0,0,20,3780.0
1661.0,0.49999999999999994,0.0,0,20,3780.0
1662.0,0.49999999999999994,0.0,0,20,3780.0
1663.0,0.49999999999999994,0.0,0,20,3780.0
1664.0,0.49999999999999994,0.0,0,20,3780.0
1665.0,0.49999999999999994,0.0,0,20,3780.0
1666.0,0.49999999999999994,0.0,0,20,3780.0
1667.0,0.49999999999999994,0.0,0,20,3780.0
1668.0,0.49999999999999994,0.0,0,20,3780.0
1669.0,0.49999999999999994,0.0,0,20,3780.0
1670.0,0.49999999999999994,0.0,0,20,3780.0
1671.0,0.49999999999999994,0.0,0,20,3780.0
1672.0,0.49999999999999994,0.0,0,20,3780.0
1673.0,0.49999999999999994,0.0,0,20,3780.0
1674.0,0.49999999999999994,0.0,0,20,3780.0
1675.0,0.49999999999999994,0.0,0,20,3780.0
1676.0,0.49999999999999994,0.0,0,20,3780.0
1677.0,0.49999999999999994,0.0,0,20,3780.0
1678.0,0.49999999999999994,0.0,0,20,3780.0
1679.0,0.49999999999999994,0.0,0,20,3780.0
1680.0,0.49999999999999994,0.0,0,20,3780.0
1681.0,0.49999999999999994,0.0,0,20,3780.0
1682.0,0.49999999999999994,0.0,0,20,3780.0
1683.0,0.49999999999999994,0.0,0,20,3780.0
1684.0,0.49999999999999994,0.0,0,20,3780.0
1685.0,0.49999999999999994,0.0,0,20,3780.0
1686.0,0.49999999999999994,0.0,0,20,3780.0
1687.0,0.49999999999999994,0.0,0,20,3780.0
1688.0,0.49999999999999994,0.0,0,20,3780.0
1689.0,0.49999999999999994,0.0,0,20,3780.0
1690.0,0.49999999999999994,0.0,0,20,3780.0
1691.0,0.49999999999999994,0.0,0,20,3780.0
1692.0,0.49999999999999994,0.0,0,20,3780.0
1693.0,0.49999999999999994,0.0,0,20,3780.0
1694.0,0.49999999999999994,0.0,0,20,3780.0
1695.0,0.49999999999999994,0.0,0,20,3780.0
1696.0,0.49999999999999994,0.0,0,20,3780.0
1697.0,0.49999999999999994,0.0,0,20,3780.0
1698.0,0.49999999999999994,0.0,0,20,3780.0
1699.0,0.49999999999999994,0.0,0,20,3780.0
1700.0,0.49999999999999994,0.0,0,20,3780.0
1701.0,0.49999999999999994,0.0,0,20,3780.0
1702.0,0.49999999999999994,0.0,0,20,3780.0
1703.0,0.49999999999999994,0.0,0,20,3780.0
1704.0,0.49999999999999994,0.0,0,20,3780.0
1705.0,0.49999999999999994,0.0,0,20,3780.0
1706.0,0.49999999999999994,0.0,0,20,3780.0
1707.0,0.49999999999999994,0.0,0,20,3780.0
1708.0,0.49999999999999994,0.0,0,20,3780.0
1709.0,0.49999999999999994,0.0,0,20,3780.0
1710.0,0.49999999999999994,0.0,0,20,3780.0
1711.0,0.49999999999999994,0.0,0,20,3780.0
1712.0,0.49999999999999994,0.0,0,20,3780.0
1713.0,0.49999999999999994,0.0,0,20,3780.0
1714.0,0.49999999999999994,0.0,0,20,3780.0
1715.0,0.49999999999999994,0.0,0,20,3780.0
1716.0,0.49999999999999994,0.0,0,20,3780.0
1717.0,0.49999999999999994,0.0,0,20,3780.0
1718.0,0.49999999999999994,0.0,0,20,3780.0
1719.0,0.49999999999999994,0.0,0,20,3780.0
1720.0,0.49999999999999994,0.0,0,20,3780.0
1721.0,0.49999999999999994,0.0,0,20,3780.0
1722.0,0.49999999999999994,0.0,0,20,3780.0
1723.0,0.49999999999999994,0.0,0,20,3780.0
1724.0,0.49999999999999994,0.0,0,20,3780.0
1725.0,0.49999999999999994,0.0,0,20,3780.0
1726.0,0.49999999999999994,0.0,0,20,3780.0
1727.0,0.49999999999999994,0.0,0,20,3780.0
1728.0,0.49999999999999994,0.0,0,20,3780.0
1729.0,0.49999999999999994,0.0,0,20,3780.0
1730.0,0.49999999999999994,0.0,0,20,3780.0
1731.0,0.49999999999999994,0.0,0,20,3780.0
1732.0,0.49999999999999994,0.0,0,20,3780.0
1733.0,0.49999999999999994,0.0,0,20,3780.0
1734.0,0.49999999999999994,0.0,0,20,3780.0
1735.0,0.49999999999999994,0.0,0,20,3780.0
1736.0,0.49999999999999994,0.0,0,20,3780.0
1737.0,0.49999999999999994,0.0,0,20,3780.0
1738.0,0.49999999999999994,0.0,0,20,3780.0
1739.0,0.49999999999999994,0.0,0,20,3780.0
1740.0,0.49999999999999994,0.0,0,20,3780.0
1741.0,0.49999999999999994,0.0,0,20,3780.0
1742.0,0.49999999999999994,0.0,0,20,3780.0
1743.0,0.49999999999999994,0.0,0,20,3780.0
1744.0,0.49999999999999994,0.0,0,20,3780.0
1745.0,0.49999999999999994,0.0,0,20,3780.0
1746.0,0.49999999999999994,0.0,0,20,3780.0
1747.0,0.49999999999999994,0.0,0,20,3780.0
1748.0,0.49999999999999994,0.0,0,20,3780.0
1749.0,0.49999999999999994,0.0,0,20,3780.0
1750.0,0.49999999999999994,0.0,0,20,3780.0
1751.0,0.49999999999999994,0.0,0,20,3780.0
1752.0,0.49999999999999994,0.0,0,20,3780.0
1753.0,0.49999999999999994,0.0,0,20,3780.0
1754.0,0.49999999999999994,0.0,0,20,3780.0
1755.0,0.49999999999999994,0.0,0,20,3780.0
1756.0,0.49999999999999994,0.0,0,20,3780.0
1757.0,0.49999999999999994,0.0,0,20,3780.0
1758.0,0.49999999999999994,0.0,0,20,3780.0
1759.0,0.49999999999999994,0.0,0,20,3780.0
1760.0,0.49999999999999994,0.0,0,20,3780.0
1761.0,0.49999999999999994,0.0,0,20,3780.0
1762.0,0.49999999999999994,0.0,0,20,3780.0
1763.0,0.49999999999999994,0.0,0,20,3780.0
1764.0,0.49999999999999994,0.0,0,20,3780.0
1765.0,0.49999999999999994,0.0,0,20,3780.0
1766.0,0.49999999999999994,0.0,0,20,3780.0
1767.0,0.49999999999999994,0.0,0,20,3780.0
1768.0,0.49999999999999994,0.0,0,20,3780.0
1769.0,0.49999999999999994,0.0,0,20,3780.0
1770.0,0.49999999999999994,0.0,0,20,3780.0
1771.0,0.49999999999999994,0.0,0,20,3780.0
1772.0,0.49999999999999994,0.0,0,20,3780.0
1773.0,0.49999999999999994,0.0,0,20,3780.0
1774.0,0.49999999999999994,0.0,0,20,3780.0
1775.0,0.49999999999999994,0.0,0,20,3780.0
1776.0,0.49999999999999994,0.0,0,20,3780.0
1777.0,0.49999999999999994,0.0,0,20,3780.0
1778.0,0.49999999999999994,0.0,0,20,3780.0
1779.0,0.49999999999999994,0.0,0,20,3780.0
1780.0,0.49999999999999994,0.0,0,20,3780.0
1781.0,0.49999999999999994,0.0,0,20,3780.0
1782.0,0.49999999999999994,0.0,0,20,3780.0
1783.0,0.49999999999999994,0.0,0,20,3780.0
1784.0,0.49999999999999994,0.0,0,20,3780.0
1785.0,0.49999999999999994,0.0,0,20,3780.0
1786.0,0.49999999999999994,0.0,0,20,3780.0
1787.0,0.49999999999999994,0.0,0,20,3780.0
1788.0,0.49999999999999994,0.0,0,20,3780.0
1789.0,0.49999999999999994,0.0,0,20,3780.0
1790.0,0.49999999999999994,0.0,0,20,3780.0
1791.0,0.49999999999999994,0.0,0,20,3780.0
1792.0,0.49999999999999994,0.0,0,20,3780.0
1793.0,0.49999999999999994,0.0,0,20,3780.0
1794.0,0.49999999999999994,0.0,0,20,3780.0
1795.0,0.49999999999999994,0.0,0,20,3780.0
1796.0,0.49999999999999994,0.0,0,20,3780.0
1797.0,0.49999999999999994,0.0,0,20,3780.0
1798.0,0.49999999999999994,0.0,0,20,3780.0
1799.0,0.49999999999999994,0.0,0,20,3780.0
1800.0,0.49999999999999994,0.0,0,20,3780.0
1801.0,0.49999999999999994,0.0,0,20,3780.0
1802.0,0.49999999999999994,0.0,0,20,3780.0
1803.0,0.49999999999999994,0.0,0,20,3780.0
1804.0,0.49999999999999994,0.0,0,20,3780.0
1805.0,0.49999999999999994,0.0,0,20,3780.0
1806.0,0.49999999999999994,0.0,0,20,3780.0
1807.0,0.49999999999999994,0.0,0,20,3780.0
1808.0,0.49999999999999994,0.0,0,20,3780.0
1809.0,0.49999999999999994,0.0,0,20,3780.0
1810.0,0.49999999999999994,0.0,0,20,3780.0
1811.0,0.49999999999999994,0.0,0,20,3780.0
1812.0,0.49999999999999994,0.0,0,20,3780.0
1813.0,0.49999999999999994,0.0,0,20,3780.0
1814.0,0.49999999999999994,0.0,0,20,3780.0
1815.0,0.49999999999999994,0.0,0,20,3780.0
1816.0,0.49999999999999994,0.0,0,20,3780.0
1817.0,0.49999999999999994,0.0,0,20,3780.0
1818.0,0.49999999999999994,0.0,0,20,3780.0
1819.0,0.49999999999999994,0.0,0,20,3780.0
1820.0,0.49999999999999994,0.0,0,20,3780.0
1821.0,0.49999999999999994,0.0,0,20,3780.0
1822.0,0.49999999999999994,0.0,0,20,3780.0
1823.0,0.49999999999999994,0.0,0,20,3780.0
1824.0,0.49999999999999994,0.0,0,20,3780.0
1825.0,0.49999999999999994,0.0,0,20,3780.0
1826.0,0.49999999999999994,0.0,0,20,3780.0
1827.0,0.49999999999999994,0.0,0,20,3780.0
1828.0,0.49999999999999994,0.0,0,20,3780.0
1829.0,0.49999999999999994,0.0,0,20,3780.0
1830.0,0.49999999999999994,0.0,0,20,3780.0
1831.0,0.49999999999999994,0.0,0,20,3780.0
1832.0,0.49999999999999994,0.0,0,20,3780.0
1833.0,0.49999999999999994,0.0,0,20,3780.0
1834.0,0.49999999999999994,0.0,0,20,3780.0
1835.0,0.49999999999999994,0.0,0,20,3780.0
1836.0,0.49999999999999994,0.0,0,20,3780.0
1837.0,0.49999999999999994,0.0,0,20,3780.0
1838.0,0.49999999999999994,0.0,0,20,3780.0
1839.0,0.49999999999999994,0.0,0,20,3780.0
1840.0,0.49999999999999994,0.0,0,20,3780.0
1841.0,0.49999999999999994,0.0,0,20,3780.0
1842.0,0.49999999999999994,0.0,0,20,3780.0
1843.0,0.49999999999999994,0.0,0,20,3780.0
1844.0,0.49999999999999994,0.0,0,20,3780.0
1845.0,0.49999999999999994,0.0,0,20,3780.0
1846.0,0.49999999999999994,0.0,0,20,3780.0
1847.0,0.49999999999999994,0.0,0,20,3780.0
1848.0,0.49999999999999994,0.0,0,20,3780.0
1849.0,0.49999999999999994,0.0,0,20,3780.0
1850.0,0.49999999999999994,0.0,0,20,3780.0
1851.0,0.49999999999999994,0.0,0,20,3780.0
1852.0,0.49999999999999994,0.0,0,20,3780.0
1853.0,0.49999999999999994,0.0,0,20,3780.0
1854.0,0.49999999999999994,0.0,0,20,3780.0
1855.0,0.49999999999999994,0.0,0,20,3780.0
1856.0,0.49999999999999994,0.0,0,20,3780.0
1857.0,0.49999999999999994,0.0,0,20,3780.0
1858.0,0.49999999999999994,0.0,0,20,3780.0
1859.0,0.49999999999999994,0.0,0,20,3780.0
1860.0,0.49999999999999994,0.0,0,20,3780.0
1861.0,0.49999999999999994,0.0,0,20,3780.0
1862.0,0.49999999999999994,0.0,0,20,3780.0
1863.0,0.49999999999999994,0.0,0,20,3780.0
1864.0,0.49999999999999994,0.0,0,20,3780.0
1865.0,0.49999999999999994,0.0,0,20,3780.0
1866.0,0.49999999999999994,0.0,0,20,3780.0
1867.0,0.49999999999999994,0.0,0,20,3780.0
1868.0,0.49999999999999994,0.0,0,20,3780.0
1869.0,0.49999999999999994,0.0,0,20,3780.0
1870.0,0.49999999999999994,0.0,0,20,3780.0
1871.0,0.49999999999999994,0.0,0,20,3780.0
1872.0,0.49999999999999994,0.0,0,20,3780.0
1873.0,0.49999999999999994,0.0,0,20,3780.0
1874.0,0.49999999999999994,0.0,0,20,3780.0
1875.0,0.49999999999999994,0.0,0,20,3780.0
1876.0,0.49999999999999994,0.0,0,20,3780.0
1877.0,0.49999999999999994,0.0,0,20,3780.0
1878.0,0.49999999999999994,0.0,0,20,3780.0
1879.0,0.49999999999999994,0.0,0,20,3780.0
1880.0,0.49999999999999994,0.0,0,20,3780.0
1881.0,0.49999999999999994,0.0,0,20,3780.0
1882.0,0.49999999999999994,0.0,0,20,3780.0
1883.0,0.49999999999999994,0.0,0,20,3780.0
1884.0,0.49999999999999994,0.0,0,20,3780.0
1885.0,0.49999999999999994,0.0,0,20,3780.0
1886.0,0.49999999999999994,0.0,0,20,3780.0
1887.0,0.49999999999999994,0.0,0,20,3780.0
1888.0,0.49999999999999994,0.0,0,20,3780.0
1889.0,0.49999999999999994,0.0,0,20,3780.0
1890.0,0.49999999999999994,0.0,0,20,3780.0
1891.0,0.49999999999999994,0.0,0,20,3780.0
1892.0,0.49999999999999994,0.0,0,20,3780.0
1893.0,0.49999999999999994,0.0,0,20,3780.0
1894.0,0.49999999999999994,0.0,0,20,3780.0
1895.0,0.49999999999999994,0.0,0,20,3780.0
1896.0,0.49999999999999994,0.0,0,20,3780.0
1897.0,0.49999999999999994,0.0,0,20,3780.0
1898.0,0.49999999999999994,0.0,0,20,3780.0
1899.0,0.49999999999999994,0.0,0,20,3780.0
1900.0,0.49999999999999994,0.0,0,20,3780.0
1901.0,0.49999999999999994,0.0,0,20,3780.0
1902.0,0.49999999999999994,0.0,0,20,3780.0
1903.0,0.49999999999999994,0.0,0,20,3780.0
1904.0,0.49999999999999994,0.0,0,20,3780.0
1905.0,0.49999999999999994,0.0,0,20,3780.0
1906.0,0.49999999999999994,0.0,0,20,3780.0
1907.0,0.49999999999999994,0.0,0,20,3780.0
1908.0,0.49999999999999994,0.0,0,20,3780.0
1909.0,0.49999999999999994,0.0,0,20,3780.0
1910.0,0.49999999999999994,0.0,0,20,3780.0
1911.0,0.49999999999999994,0.0,0,20,3780.0
1912.0,0.49999999999999994,0.0,0,20,3780.0
1913.0,0.49999999999999994,0.0,0,20,3780.0
1914.0,0.49999999999999994,0.0,0,20,3780.0
1915.0,0.49999999999999994,0.0,0,20,3780.0
1916.0,0.49999999999999994,0.0,0,20,3780.0
1917.0,0.49999999999999994,0.0,0,20,3780.0
1918.0,0.49999999999999994,0.0,0,20,3780.0
1919.0,0.49999999999999994,0.0,0,20,3780.0
1920.0,0.49999999999999994,0.0,0,20,3780.0
1921.0,0.49999999999999994,0.0,0,20,3780.0
1922.0,0.49999999999999994,0.0,0,20,3780.0
1923.0,0.49999999999999994,0.0,0,20,3780.0
1924.0,0.49999999999999994,0.0,0,20,3780.0
1925.0,0.49999999999999994,0.0,0,20,3780.0
1926.0,0.49999999999999994,0.0,0,20,3780.0
1927.0,0.49999999999999994,0.0,0,20,3780.0
1928.0,0.49999999999999994,0.0,0,20,3780.0
1929.0,0.49999999999999994,0.0,0,20,3780.0
1930.0,0.49999999999999994,0.0,0,20,3780.0
1931.0,0.49999999999999994,0.0,0,20,3780.0
1932.0,0.49999999999999994,0.0,0,20,3780.0
1933.0,0.49999999999999994,0.0,0,20,3780.0
1934.0,0.49999999999999994,0.0,0,20,3780.0
1935.0,0.49999999999999994,0.0,0,20,3780.0
1936.0,0.49999999999999994,0.0,0,20,3780.0
1937.0,0.49999999999999994,0.0,0,20,3780.0
1938.0,0.49999999999999994,0.0,0,20,3780.0
1939.0,0.49999999999999994,0.0,0,20,3780.0
1940.0,0.49999999999999994,0.0,0,20,3780.0
1941.0,0.49999999999999994,0.0,0,20,3780.0
1942.0,0.49999999999999994,0.0,0,20,3780.0
1943.0,0.49999999999999994,0.0,0,20,3780.0
1944.0,0.49999999999999994,0.0,0,20,3780.0
1945.0,0.49999999999999994,0.0,0,20,3780.0
1946.0,0.49999999999999994,0.0,0,20,3780.0
1947.0,0.49999999999999994,0.0,0,20,3780.0
1948.0,0.49999999999999994,0.0,0,20,3780.0
1949.0,0.49999999999999994,0.0,0,20,3780.0
1950.0,0.49999999999999994,0.0,0,20,3780.0
1951.0,0.49999999999999994,0.0,0,20,3780.0
1952.0,0.49999999999999994,0.0,0,20,3780.0
1953.0,0.49999999999999994,0.0,0,20,3780.0
1954.0,0.49999999999999994,0.0,0,20,3780.0
1955.0,0.49999999999999994,0.0,0,20,3780.0
1956.0,0.49999999999999994,0.0,0,20,3780.0
1957.0,0.49999999999999994,0.0,0,20,3780.0
1958.0,0.49999999999999994,0.0,0,20,3780.0
1959.0,0.49999999999999994,0.0,0,20,3780.0
1960.0,0.49999999999999994,0.0,0,20,3780.0
1961.0,0.49999999999999994,0.0,0,20,3780.0
1962.0,0.49999999999999994,0.0,0,20,3780.0
1963.0,0.49999999999999994,0.0,0,20,3780.0
1964.0,0.49999999999999994,0.0,0,20,3780.0
1965.0,0.49999999999999994,0.0,0,20,3780.0
1966.0,0.49999999999999994,0.0,0,20,3780.0
1967.0,0.49999999999999994,0.0,0,20,3780.0
1968.0,0.49999999999999994,0.0,0,20,3780.0
1969.0,0.49999999999999994,0.0,0,20,3780.0
1970.0,0.49999999999999994,0.0,0,20,3780.0
1971.0,0.49999999999999994,0.0,0,20,3780.0
1972.0,0.49999999999999994,0.0,0,20,3780.0
1973.0,0.49999999999999994,0.0,0,20,3780.0
1974.0,0.49999999999999994,0.0,0,20,3780.0
1975.0,0.49999999999999994,0.0,0,20,3780.0
1976.0,0.49999999999999994,0.0,0,20,3780.0
1977.0,0.49999999999999994,0.0,0,20,3780.0
1978.0,0.49999999999999994,0.0,0,20,3780.0
1979.0,0.49999999999999994,0.0,0,20,3780.0
1980.0,0.49999999999999994,0.0,0,20,3780.0
1981.0,0.49999999999999994,0.0,0,20,3780.0
1982.0,0.49999999999999994,0.0,0,20,3780.0
1983.0,0.49999999999999994,0.0,0,20,3780.0
1984.0,0.49999999999999994,0.0,0,20,3780.0
1985.0,0.49999999999999994,0.0,0,20,3780.0
1986.0,0.49999999999999994,0.0,0,20,3780.0
1987.0,0.49999999999999994,0.0,0,20,3780.0
1988.0,0.49999999999999994,0.0,0,20,3780.0
1989.0,0.49999999999999994,0.0,0,20,3780.0
1990.0,0.49999999999999994,0.0,0,20,3780.0
1991.0,0.49999999999999994,0.0,0,20,3780.0
1992.0,0.49999999999999994,0.0,0,20,3780.0
1993.0,0.49999999999999994,0.0,0,20,3780.0
1994.0,0.49999999999999994,0.0,0,20,3780.0
1995.0,0.49999999999999994,0.0,0,20,3780.0
1996.0,0.49999999999999994,0.0,0,20,3780.0
1997.0,0.49999999999999994,0.0,0,20,3780.0
1998.0,0.49999999999999994,0.0,0,20,3780.0
1999.0,0.49999999999999994,0.0,0,20,3780.0
2000.0,0.49999999999999994,0.0,0,20,3780.0
2001.0,0.49999999999999994,0.0,0,20,3780.0
2002.0,0.49999999999999994,0.0,0,20,3780.0
2003.0,0.49999999999999994,0.0,0,20,3780.0
2004.0,0.49999999999999994,0.0,0,20,3780.0
2005.0,0.49999999999999994,0.0,0,20,3780.0
2006.0,0.49999999999999994,0.0,0,20,3780.0
2007.0,0.49999999999999994,0.0,0,20,3780.0
2008.0,0.49999999999999994,0.0,0,20,3780.0
2009.0,0.49999999999999994,0.0,0,20,3780.0
2010.0,0.49999999999999994,0.0,0,20,3780.0
2011.0,0.49999999999999994,0.0,0,20,3780.0
2012.0,0.49999999999999994,0.0,0,20,3780.0
2013.0,0.49999999999999994,0.0,0,20,3780.0
2014.0,0.49999999999999994,0.0,0,20,3780.0
2015.0,0.49999999999999994,0.0,0,20,3780.0
2016.0,0.49999999999999994,0.0,0,20,3780.0
2017.0,0.49999999999999994,0.0,0,20,3780.0
2018.0,0.49999999999999994,0.0,0,20,3780.0
2019.0,0.49999999999999994,0.0,0,20,3780.0
2020.0,0.49999999999999994,0.0,0,20,3780.0
2021.0,0.49999999999999994,0.0,0,20,3780.0
2022.0,0.49999999999999994,0.0,0,20,3780.0
2023.0,0.49999999999999994,0.0,0,20,3780.0
2024.0,0.49999999999999994,0.0,0,20,3780.0
2025.0,0.49999999999999994,0.0,0,20,3780.0
2026.0,0.49999999999999994,0.0,0,20,3780.0
2027.0,0.49999999999999994,0.0,0,20,3780.0
2028.0,0.49999999999999994,0.0,0,20,3780.0
2029.0,0.49999999999999994,0.0,0,20,3780.0
2030.0,0.49999999999999994,0.0,0,20,3780.0
2031.0,0.49999999999999994,0.0,0,20,3780.0
2032.0,0.49999999999999994,0.0,0,20,3780.0
2033.0,0.49999999999999994,0.0,0,20,3780.0
2034.0,0.49999999999999994,0.0,0,20,3780.0
2035.0,0.49999999999999994,0.0,0,20,3780.0
2036.0,0.49999999999999994,0.0,0,20,3780.0
2037.0,0.49999999999999994,0.0,0,20,3780.0
2038.0,0.49999999999999994,0.0,0,20,3780.0
2039.0,0.49999999999999994,0.0,0,20,3780.0
2040.0,0.49999999999999994,0.0,0,20,3780.0
2041.0,0.49999999999999994,0.0,0,20,3780.0
2042.0,0.49999999999999994,0.0,0,20,3780.0
2043.0,0.49999999999999994,0.0,0,20,3780.0
2044.0,0.49999999999999994,0.0,0,20,3780.0
2045.0,0.49999999999999994,0.0,0,20,3780.0
2046.0,0.49999999999999994,0.0,0,20,3780.0
2047.0,0.49999999999999994,0.0,0,20,3780.0
2048.0,0.49999999999999994,0.0,0,20,3780.0
2049.0,0.49999999999999994,0.0,0,20,3780.0
2050.0,0.49999999999999994,0.0,0,20,3780.0
2051.0,0.49999999999999994,0.0,0,20,3780.0
2052.0,0.49999999999999994,0.0,0,20,3780.0
2053.0,0.49999999999999994,0.0,0,20,3780.0
2054.0,0.49999999999999994,0.0,0,20,3780.0
2055.0,0.49999999999999994,0.0,0,20,3780.0
2056.0,0.49999999999999994,0.0,0,20,3780.0
2057.0,0.49999999999999994,0.0,0,20,3780.0
2058.0,0.49999999999999994,0.0,0,20,3780.0
2059.0,0.49999999999999994,0.0,0,20,3780.0
2060.0,0.49999999999999994,0.0,0,20,3780.0
2061.0,0.49999999999999994,0.0,0,20,3780.0
2062.0,0.49999999999999994,0.0,0,20,3780.0
2063.0,0.49999999999999994,0.0,0,20,3780.0
2064.0,0.49999999999999994,0.0,0,20,3780.0
2065.0,0.49999999999999994,0.0,0,20,3780.0
2066.0,0.49999999999999994,0.0,0,20,3780.0
2067.0,0.49999999999999994,0.0,0,20,3780.0
2068.0,0.49999999999999994,0.0,0,20,3780.0
2069.0,0.49999999999999994,0.0,0,20,3780.0
2070.0,0.49999999999999994,0.0,0,20,3780.0
2071.0,0.49999999999999994,0.0,0,20,3780.0
2072.0,0.49999999999999994,0.0,0,20,3780.0
2073.0,0.49999999999999994,0.0,0,20,3780.0
2074.0,0.49999999999999994,0.0,0,20,3780.0
2075.0,0.49999999999999994,0.0,0,20,3780.0
2076.0,0.49999999999999994,0.0,0,20,3780.0
2077.0,0.49999999999999994,0.0,0,20,3780.0
2078.0,0.49999999999999994,0.0,0,20,3780.0
2079.0,0.49999999999999994,0.0,0,20,3780.0
2080.0,0.49999999999999994,0.0,0,20,3780.0
2081.0,0.49999999999999994,0.0,0,20,3780.0
2082.0,0.49999999999999994,0.0,0,20,3780.0
2083.0,0.49999999999999994,0.0,0,20,3780.0
2084.0,0.49999999999999994,0.0,0,20,3780.0
2085.0,0.49999999999999994,0.0,0,20,3780.0
2086.0,0.49999999999999994,0.0,0,20,3780.0
2087.0,0.49999999999999994,0.0,0,20,3780.0
2088.0,0.49999999999999994,0.0,0,20,3780.0
2089.0,0.49999999999999994,0.0,0,20,3780.0
2090.0,0.49999999999999994,0.0,0,20,3780.0
2091.0,0.49999999999999994,0.0,0,20,3780.0
2092.0,0.49999999999999994,0.0,0,20,3780.0
2093.0,0.49999999999999994,0.0,0,20,3780.0
2094.0,0.49999999999999994,0.0,0,20,3780.0
2095.0,0.49999999999999994,0.0,0,20,3780.0
2096.0,0.49999999999999994,0.0,0,20,3780.0
2097.0,0.49999999999999994,0.0,0,20,3780.0
2098.0,0.49999999999999994,0.0,0,20,3780.0
2099.0,0.49999999999999994,0.0,0,20,3780.0
2100.0,0.49999999999999994,0.0,0,20,3780.0
2101.0,0.49999999999999994,0.0,0,20,3780.0
2102.0,0.49999999999999994,0.0,0,20,3780.0
2103.0,0.49999999999999994,0.0,0,20,3780.0
2104.0,0.49999999999999994,0.0,0,20,3780.0
2105.0,0.49999999999999994,0.0,0,20,3780.0
2106.0,0.49999999999999994,0.0,0,20,3780.0
2107.0,0.49999999999999994,0.0,0,20,3780.0
2108.0,0.49999999999999994,0.0,0,20,3780.0
2109.0,0.49999999999999994,0.0,0,20,3780.0
2110.0,0.49999999999999994,0.0,0,20,3780.0
2111.0,0.49999999999999994,0.0,0,20,3780.0
2112.0,0.49999999999999994,0.0,0,20,3780.0
2113.0,0.49999999999999994,0.0,0,20,3780.0
2114.0,0.49999999999999994,0.0,0,20,3780.0
2115.0,0.49999999999999994,0.0,0,20,3780.0
2116.0,0.49999999999999994,0.0,0,20,3780.0
2117.0,0.49999999999999994,0.0,0,20,3780.0
2118.0,0.49999999999999994,0.0,0,20,3780.0
2119.0,0.49999999999999994,0.0,0,20,3780.0
2120.0,0.49999999999999994,0.0,0,20,3780.0
2121.0,0.49999999999999994,0.0,0,20,3780.0
2122.0,0.49999999999999994,0.0,0,20,3780.0
2123.0,0.49999999999999994,0.0,0,20,3780.0
2124.0,0.49999999999999994,0.0,0,20,3780.0
2125.0,0.49999999999999994,0.0,0,20,3780.0
2126.0,0.49999999999999994,0.0,0,20,3780.0
2127.0,0.49999999999999994,0.0,0,20,3780.0
2128.0,0.49999999999999994,0.0,0,20,3780.0
2129.0,0.49999999999999994,0.0,0,20,3780.0
2130.0,0.49999999999999994,0.0,0,20,3780.0
2131.0,0.49999999999999994,0.0,0,20,3780.0
2132.0,0.49999999999999994,0.0,0,20,3780.0
2133.0,0.49999999999999994,0.0,0,20,3780.0
2134.0,0.49999999999999994,0.0,0,20,3780.0
2135.0,0.49999999999999994,0.0,0,20,3780.0
2136.0,0.49999999999999994,0.0,0,20,3780.0
2137.0,0.49999999999999994,0.0,0,20,3780.0
2138.0,0.49999999999999994,0.0,0,20,3780.0
2139.0,0.49999999999999994,0.0,0,20,3780.0
2140.0,0.49999999999999994,0.0,0,20,3780.0
2141.0,0.49999999999999994,0.0,0,20,3780.0
2142.0,0.49999999999999994,0.0,0,20,3780.0
2143.0,0.49999999999999994,0.0,0,20,3780.0
2144.0,0.49999999999999994,0.0,0,20,3780.0
2145.0,0.49999999999999994,0.0,0,20,3780.0
2146.0,0.49999999999999994,0.0,0,20,3780.0
2147.0,0.49999999999999994,0.0,0,20,3780.0
2148.0,0.49999999999999994,0.0,0,20,3780.0
2149.0,0.49999999999999994,0.0,0,20,3780.0
2150.0,0.49999999999999994,0.0,0,20,3780.0
2151.0,0.49999999999999994,0.0,0,20,3780.0
2152.0,0.49999999999999994,0.0,0,20,3780.0
2153.0,0.49999999999999994,0.0,0,20,3780.0
2154.0,0.49999999999999994,0.0,0,20,3780.0
2155.0,0.49999999999999994,0.0,0,20,3780.0
2156.0,0.49999999999999994,0.0,0,20,3780.0
2157.0,0.49999999999999994,0.0,0,20,3780.0
2158.0,0.49999999999999994,0.0,0,20,3780.0
2159.0,0.49999999999999994,0.0,0,20,3780.0
2160.0,0.49999999999999994,0.0,0,20,3780.0
2161.0,0.49999999999999994,0.0,0,20,3780.0
2162.0,0.49999999999999994,0.0,0,20,3780.0
2163.0,0.49999999999999994,0.0,0,20,3780.0
2164.0,0.49999999999999994,0.0,0,20,3780.0
2165.0,0.49999999999999994,0.0,0,20,3780.0
2166.0,0.49999999999999994,0.0,0,20,3780.0
2167.0,0.49999999999999994,0.0,0,20,3780.0
2168.0,0.49999999999999994,0.0,0,20,3780.0
2169.0,0.49999999999999994,0.0,0,20,3780.0
2170.0,0.49999999999999994,0.0,0,20,3780.0
2171.0,0.49999999999999994,0.0,0,20,3780.0
2172.0,0.49999999999999994,0.0,0,20,3780.0
2173.0,0.49999999999999994,0.0,0,20,3780.0
2174.0,0.49999999999999994,0.0,0,20,3780.0
2175.0,0.49999999999999994,0.0,0,20,3780.0
2176.0,0.49999999999999994,0.0,0,20,3780.0
2177.0,0.49999999999999994,0.0,0,20,3780.0
2178.0,0.49999999999999994,0.0,0,20,3780.0
2179.0,0.49999999999999994,0.0,0,20,3780.0
2180.0,0.49999999999999994,0.0,0,20,3780.0
2181.0,0.49999999999999994,0.0,0,20,3780.0
2182.0,0.49999999999999994,0.0,0,20,3780.0
2183.0,0.49999999999999994,0.0,0,20,3780.0
2184.0,0.49999999999999994,0.0,0,20,3780.0
2185.0,0.49999999999999994,0.0,0,20,3780.0
2186.0,0.49999999999999994,0.0,0,20,3780.0
2187.0,0.49999999999999994,0.0,0,20,3780.0
2188.0,0.49999999999999994,0.0,0,20,3780.0
2189.0,0.49999999999999994,0.0,0,20,3780.0
2190.0,0.49999999999999994,0.0,0,20,3780.0
2191.0,0.49999999999999994,0.0,0,20,3780.0
2192.0,0.49999999999999994,0.0,0,20,3780.0
2193.0,0.49999999999999994,0.0,0,20,3780.0
2194.0,0.49999999999999994,0.0,0,20,3780.0
2195.0,0.49999999999999994,0.0,0,20,3780.0
2196.0,0.49999999999999994,0.0,0,20,3780.0
2197.0,0.49999999999999994,0.0,0,20,3780.0
2198.0,0.49999999999999994,0.0,0,20,3780.0
2199.0,0.49999999999999994,0.0,0,20,3780.0
2200.0,0.49999999999999994,0.0,0,20,3780.0
2201.0,0.49999999999999994,0.0,0,20,3780.0
2202.0,0.49999999999999994,0.0,0,20,3780.0
2203.0,0.49999999999999994,0.0,0,20,3780.0
2204.0,0.49999999999999994,0.0,0,20,3780.0
2205.0,0.49999999999999994,0.0,0,20,3780.0
2206.0,0.49999999999999994,0.0,0,20,3780.0
2207.0,0.49999999999999994,0.0,0,20,3780.0
2208.0,0.49999999999999994,0.0,0,20,3780.0
2209.0,0.49999999999999994,0.0,0,20,3780.0
2210.0,0.49999999999999994,0.0,0,20,3780.0
2211.0,0.49999999999999994,0.0,0,20,3780.0
2212.0,0.49999999999999994,0.0,0,20,3780.0
2213.0,0.49999999999999994,0.0,0,20,3780.0
2214.0,0.49999999999999994,0.0,0,20,3780.0
2215.0,0.49999999999999994,0.0,0,20,3780.0
2216.0,0.49999999999999994,0.0,0,20,3780.0
2217.0,0.49999999999999994,0.0,0,20,3780.0
2218.0,0.49999999999999994,0.0,0,20,3780.0
2219.0,0.49999999999999994,0.0,0,20,3780.0
2220.0,0.49999999999999994,0.0,0,20,3780.0
2221.0,0.49999999999999994,0.0,0,20,3780.0
2222.0,0.49999999999999994,0.0,0,20,3780.0
2223.0,0.49999999999999994,0.0,0,20,3780.0
2224.0,0.49999999999999994,0.0,0,20,3780.0
2225.0,0.49999999999999994,0.0,0,20,3780.0
2226.0,0.49999999999999994,0.0,0,20,3780.0
2227.0,0.49999999999999994,0.0,0,20,3780.0
2228.0,0.49999999999999994,0.0,0,20,3780.0
2229.0,0.49999999999999994,0.0,0,20,3780.0
2230.0,0.49999999999999994,0.0,0,20,3780.0
2231.0,0.49999999999999994,0.0,0,20,3780.0
2232.0,0.49999999999999994,0.0,0,20,3780.0
2233.0,0.49999999999999994,0.0,0,20,3780.0
2234.0,0.49999999999999994,0.0,0,20,3780.0
2235.0,0.49999999999999994,0.0,0,20,3780.0
2236.0,0.49999999999999994,0.0,0,20,3780.0
2237.0,0.49999999999999994,0.0,0,20,3780.0
2238.0,0.49999999999999994,0.0,0,20,3780.0
2239.0,0.49999999999999994,0.0,0,20,3780.0
2240.0,0.49999999999999994,0.0,0,20,3780.0
2241.0,0.49999999999999994,0.0,0,20,3780.0
2242.0,0.49999999999999994,0.0,0,20,3780.0
2243.0,0.49999999999999994,0.0,0,20,3780.0
2244.0,0.49999999999999994,0.0,0,20,3780.0
2245.0,0.49999999999999994,0.0,0,20,3780.0
2246.0,0.49999999999999994,0.0,0,20,3780.0
2247.0,0.49999999999999994,0.0,0,20,3780.0
2248.0,0.49999999999999994,0.0,0,20,3780.0
2249.0,0.49999999999999994,0.0,0,20,3780.0
2250.0,0.49999999999999994,0.0,0,20,3780.0
2251.0,0.49999999999999994,0.0,0,20,3780.0
2252.0,0.49999999999999994,0.0,0,20,3780.0
2253.0,0.49999999999999994,0.0,0,20,3780.0
2254.0,0.49999999999999994,0.0,0,20,3780.0
2255.0,0.49999999999999994,0.0,0,20,3780.0
2256.0,0.49999999999999994,0.0,0,20,3780.0
2257.0,0.49999999999999994,0.0,0,20,3780.0
2258.0,0.49999999999999994,0.0,0,20,3780.0
2259.0,0.49999999999999994,0.0,0,20,3780.0
2260.0,0.49999999999999994,0.0,0,20,3780.0
2261.0,0.49999999999999994,0.0,0,20,3780.0
2262.0,0.49999999999999994,0.0,0,20,3780.0
2263.0,0.49999999999999994,0.0,0,20,3780.0
2264.0,0.49999999999999994,0.0,0,20,3780.0
2265.0,0.49999999999999994,0.0,0,20,3780.0
2266.0,0.49999999999999994,0.0,0,20,3780.0
2267.0,0.49999999999999994,0.0,0,20,3780.0
2268.0,0.49999999999999994,0.0,0,20,3780.0
2269.0,0.49999999999999994,0.0,0,20,3780.0
2270.0,0.49999999999999994,0.0,0,20,3780.0
2271.0,0.49999999999999994,0.0,0,20,3780.0
2272.0,0.49999999999999994,0.0,0,20,3780.0
2273.0,0.49999999999999994,0.0,0,20,3780.0
2274.0,0.49999999999999994,0.0,0,20,3780.0
2275.0,0.49999999999999994,0.0,0,20,3780.0
2276.0,0.49999999999999994,0.0,0,20,3780.0
2277.0,0.49999999999999994,0.0,0,20,3780.0
2278.0,0.49999999999999994,0.0,0,20,3780.0
2279.0,0.49999999999999994,0.0,0,20,3780.0
2280.0,0.49999999999999994,0.0,0,20,3780.0
2281.0,0.49999999999999994,0.0,0,20,3780.0
2282.0,0.49999999999999994,0.0,0,20,3780.0
2283.0,0.49999999999999994,0.0,0,20,3780.0
2284.0,0.49999999999999994,0.0,0,20,3780.0
2285.0,0.49999999999999994,0.0,0,20,3780.0
2286.0,0.49999999999999994,0.0,0,20,3780.0
2287.0,0.49999999999999994,0.0,0,20,3780.0
2288.0,0.49999999999999994,0.0,0,20,3780.0
2289.0,0.49999999999999994,0.0,0,20,3780.0
2290.0,0.49999999999999994,0.0,0,20,3780.0
2291.0,0.49999999999999994,0.0,0,20,3780.0
2292.0,0.49999999999999994,0.0,0,20,3780.0
2293.0,0.49999999999999994,0.0,0,20,3780.0
2294.0,0.49999999999999994,0.0,0,20,3780.0
2295.0,0.49999999999999994,0.0,0,20,3780.0
2296.0,0.49999999999999994,0.0,0,20,3780.0
2297.0,0.49999999999999994,0.0,0,20,3780.0
2298.0,0.49999999999999994,0.0,0,20,3780.0
2299.0,0.49999999999999994,0.0,0,20,3780.0
2300.0,0.49999999999999994,0.0,0,20,3780.0
2301.0,0.49999999999999994,0.0,0,20,3780.0
2302.0,0.49999999999999994,0.0,0,20,3780.0
2303.0,0.49999999999999994,0.0,0,20,3780.0
2304.0,0.49999999999999994,0.0,0,20,3780.0
2305.0,0.49999999999999994,0.0,0,20,3780.0
2306.0,0.49999999999999994,0.0,0,20,3780.0
2307.0,0.49999999999999994,0.0,0,20,3780.0
2308.0,0.49999999999999994,0.0,0,20,3780.0
2309.0,0.49999999999999994,0.0,0,20,3780.0
2310.0,0.49999999999999994,0.0,0,20,3780.0
2311.0,0.49999999999999994,0.0,0,20,3780.0
2312.0,0.49999999999999994,0.0,0,20,3780.0
2313.0,0.49999999999999994,0.0,0,20,3780.0
2314.0,0.49999999999999994,0.0,0,20,3780.0
2315.0,0.49999999999999994,0.0,0,20,3780.0
2316.0,0.49999999999999994,0.0,0,20,3780.0
2317.0,0.49999999999999994,0.0,0,20,3780.0
2318.0,0.49999999999999994,0.0,0,20,3780.0
2319.0,0.49999999999999994,0.0,0,20,3780.0
2320.0,0.49999999999999994,0.0,0,20,3780.0
2321.0,0.49999999999999994,0.0,0,20,3780.0
2322.0,0.49999999999999994,0.0,0,20,3780.0
2323.0,0.49999999999999994,0.0,0,20,3780.0
2324.0,0.49999999999999994,0.0,0,20,3780.0
2325.0,0.49999999999999994,0.0,0,20,3780.0
2326.0,0.49999999999999994,0.0,0,20,3780.0
2327.0,0.49999999999999994,0.0,0,20,3780.0
2328.0,0.49999999999999994,0.0,0,20,3780.0
2329.0,0.49999999999999994,0.0,0,20,3780.0
2330.0,0.49999999999999994,0.0,0,20,3780.0
2331.0,0.49999999999999994,0.0,0,20,3780.0
2332.0,0.49999999999999994,0.0,0,20,3780.0
2333.0,0.49999999999999994,0.0,0,20,3780.0
2334.0,0.49999999999999994,0.0,0,20,3780.0
2335.0,0.49999999999999994,0.0,0,20,3780.0
2336.0,0.49999999999999994,0.0,0,20,3780.0
2337.0,0.49999999999999994,0.0,0,20,3780.0
2338.0,0.49999999999999994,0.0,0,20,3780.0
2339.0,0.49999999999999994,0.0,0,20,3780.0
2340.0,0.49999999999999994,0.0,0,20,3780.0
2341.0,0.49999999999999994,0.0,0,20,3780.0
2342.0,0.49999999999999994,0.0,0,20,3780.0
2343.0,0.49999999999999994,0.0,0,20,3780.0
2344.0,0.49999999999999994,0.0,0,20,3780.0
2345.0,0.49999999999999994,0.0,0,20,3780.0
2346.0,0.49999999999999994,0.0,0,20,3780.0
2347.0,0.49999999999999994,0.0,0,20,3780.0
2348.0,0.49999999999999994,0.0,0,20,3780.0
2349.0,0.49999999999999994,0.0,0,20,3780.0
2350.0,0.49999999999999994,0.0,0,20,3780.0
2351.0,0.49999999999999994,0.0,0,20,3780.0
2352.0,0.49999999999999994,0.0,0,20,3780.0
2353.0,0.49999999999999994,0.0,0,20,3780.0
2354.0,0.49999999999999994,0.0,0,20,3780.0
2355.0,0.49999999999999994,0.0,0,20,3780.0
2356.0,0.49999999999999994,0.0,0,20,3780.0
2357.0,0.49999999999999994,0.0,0,20,3780.0
2358.0,0.49999999999999994,0.0,0,20,3780.0
2359.0,0.49999999999999994,0.0,0,20,3780.0
2360.0,0.49999999999999994,0.0,0,20,3780.0
2361.0,0.49999999999999994,0.0,0,20,3780.0
2362.0,0.49999999999999994,0.0,0,20,3780.0
2363.0,0.49999999999999994,0.0,0,20,3780.0
2364.0,0.49999999999999994,0.0,0,20,3780.0
2365.0,0.49999999999999994,0.0,0,20,3780.0
2366.0,0.49999999999999994,0.0,0,20,3780.0
2367.0,0.49999999999999994,0.0,0,20,3780.0
2368.0,0.49999999999999994,0.0,0,20,3780.0
2369.0,0.49999999999999994,0.0,0,20,3780.0
2370.0,0.49999999999999994,0.0,0,20,3780.0
2371.0,0.49999999999999994,0.0,0,20,3780.0
2372.0,0.49999999999999994,0.0,0,20,3780.0
2373.0,0.49999999999999994,0.0,0,20,3780.0
2374.0,0.49999999999999994,0.0,0,20,3780.0
2375.0,0.49999999999999994,0.0,0,20,3780.0
2376.0,0.49999999999999994,0.0,0,20,3780.0
2377.0,0.49999999999999994,0.0,0,20,3780.0
2378.0,0.49999999999999994,0.0,0,20,3780.0
2379.0,0.49999999999999994,0.0,0,20,3780.0
2380.0,0.49999999999999994,0.0,0,20,3780.0
2381.0,0.49999999999999994,0.0,0,20,3780.0
2382.0,0.49999999999999994,0.0,0,20,3780.0
2383.0,0.49999999999999994,0.0,0,20,3780.0
2384.0,0.49999999999999994,0.0,0,20,3780.0
2385.0,0.49999999999999994,0.0,0,20,3780.0
2386.0,0.49999999999999994,0.0,0,20,3780.0
2387.0,0.49999999999999994,0.0,0,20,3780.0
2388.0,0.49999999999999994,0.0,0,20,3780.0
2389.0,0.49999999999999994,0.0,0,20,3780.0
2390.0,0.49999999999999994,0.0,0,20,3780.0
2391.0,0.49999999999999994,0.0,0,20,3780.0
2392.0,0.49999999999999994,0.0,0,20,3780.0
2393.0,0.49999999999999994,0.0,0,20,3780.0
2394.0,0.49999999999999994,0.0,0,20,3780.0
2395.0,0.49999999999999994,0.0,0,20,3780.0
2396.0,0.49999999999999994,0.0,0,20,3780.0
2397.0,0.49999999999999994,0.0,0,20,3780.0
2398.0,0.49999999999999994,0.0,0,20,3780.0
2399.0,0.49999999999999994,0.0,0,20,3780.0
2400.0,0.49999999999999994,0.0,0,20,3780.0
2401.0,0.49999999999999994,0.0,0,20,3780.0
2402.0,0.49999999999999994,0.0,0,20,3780.0
2403.0,0.49999999999999994,0.0,0,20,3780.0
2404.0,0.49999999999999994,0.0,0,20,3780.0
2405.0,0.49999999999999994,0.0,0,20,3780.0
2406.0,0.49999999999999994,0.0,0,20,3780.0
2407.0,0.49999999999999994,0.0,0,20,3780.0
2408.0,0.49999999999999994,0.0,0,20,3780.0
2409.0,0.49999999999999994,0.0,0,20,3780.0
2410.0,0.49999999999999994,0.0,0,20,3780.0
2411.0,0.49999999999999994,0.0,0,20,3780.0
2412.0,0.49999999999999994,0.0,0,20,3780.0
2413.0,0.49999999999999994,0.0,0,20,3780.0
2414.0,0.49999999999999994,0.0,0,20,3780.0
2415.0,0.49999999999999994,0.0,0,20,3780.0
2416.0,0.49999999999999994,0.0,0,20,3780.0
2417.0,0.49999999999999994,0.0,0,20,3780.0
2418.0,0.49999999999999994,0.0,0,20,3780.0
2419.0,0.49999999999999994,0.0,0,20,3780.0
2420.0,0.49999999999999994,0.0,0,20,3780.0
2421.0,0.49999999999999994,0.0,0,20,3780.0
2422.0,0.49999999999999994,0.0,0,20,3780.0
2423.0,0.49999999999999994,0.0,0,20,3780.0
2424.0,0.49999999999999994,0.0,0,20,3780.0
2425.0,0.49999999999999994,0.0,0,20,3780.0
2426.0,0.49999999999999994,0.0,0,20,3780.0
2427.0,0.49999999999999994,0.0,0,20,3780.0
2428.0,0.49999999999999994,0.0,0,20,3780.0
2429.0,0.49999999999999994,0.0,0,20,3780.0
2430.0,0.49999999999999994,0.0,0,20,3780.0
2431.0,0.49999999999999994,0.0,0,20,3780.0
2432.0,0.49999999999999994,0.0,0,20,3780.0
2433.0,0.49999999999999994,0.0,0,20,3780.0
2434.0,0.49999999999999994,0.0,0,20,3780.0
2435.0,0.49999999999999994,0.0,0,20,3780.0
2436.0,0.49999999999999994,0.0,0,20,3780.0
2437.0,0.49999999999999994,0.0,0,20,3780.0
2438.0,0.49999999999999994,0.0,0,20,3780.0
2439.0,0.49999999999999994,0.0,0,20,3780.0
2440.0,0.49999999999999994,0.0,0,20,3780.0
2441.0,0.49999999999999994,0.0,0,20,3780.0
2442.0,0.49999999999999994,0.0,0,20,3780.0
2443.0,0.49999999999999994,0.0,0,20,3780.0
2444.0,0.49999999999999994,0.0,0,20,3780.0
2445.0,0.49999999999999994,0.0,0,20,3780.0
2446.0,0.49999999999999994,0.0,0,20,3780.0
2447.0,0.49999999999999994,0.0,0,20,3780.0
2448.0,0.49999999999999994,0.0,0,20,3780.0
2449.0,0.49999999999999994,0.0,0,20,3780.0
2450.0,0.49999999999999994,0.0,0,20,3780.0
2451.0,0.49999999999999994,0.0,0,20,3780.0
2452.0,0.49999999999999994,0.0,0,20,3780.0
2453.0,0.49999999999999994,0.0,0,20,3780.0
2454.0,0.49999999999999994,0.0,0,20,3780.0
2455.0,0.49999999999999994,0.0,0,20,3780.0
2456.0,0.49999999999999994,0.0,0,20,3780.0
2457.0,0.49999999999999994,0.0,0,20,3780.0
2458.0,0.49999999999999994,0.0,0,20,3780.0
2459.0,0.49999999999999994,0.0,0,20,3780.0
2460.0,0.49999999999999994,0.0,0,20,3780.0
2461.0,0.49999999999999994,0.0,0,20,3780.0
2462.0,0.49999999999999994,0.0,0,20,3780.0
2463.0,0.49999999999999994,0.0,0,20,3780.0
2464.0,0.49999999999999994,0.0,0,20,3780.0
2465.0,0.49999999999999994,0.0,0,20,3780.0
2466.0,0.49999999999999994,0.0,0,20,3780.0
2467.0,0.49999999999999994,0.0,0,20,3780.0
2468.0,0.49999999999999994,0.0,0,20,3780.0
2469.0,0.49999999999999994,0.0,0,20,3780.0
2470.0,0.49999999999999994,0.0,0,20,3780.0
2471.0,0.49999999999999994,0.0,0,20,3780.0
2472.0,0.49999999999999994,0.0,0,20,3780.0
2473.0,0.49999999999999994,0.0,0,20,3780.0
2474.0,0.49999999999999994,0.0,0,20,3780.0
2475.0,0.49999999999999994,0.0,0,20,3780.0
2476.0,0.49999999999999994,0.0,0,20,3780.0
2477.0,0.49999999999999994,0.0,0,20,3780.0
2478.0,0.49999999999999994,0.0,0,20,3780.0
2479.0,0.49999999999999994,0.0,0,20,3780.0
2480.0,0.49999999999999994,0.0,0,20,3780.0
2481.0,0.49999999999999994,0.0,0,20,3780.0
2482.0,0.49999999999999994,0.0,0,20,3780.0
2483.0,0.49999999999999994,0.0,0,20,3780.0
2484.0,0.49999999999999994,0.0,0,20,3780.0
2485.0,0.49999999999999994,0.0,0,20,3780.0
2486.0,0.49999999999999994,0.0,0,20,3780.0
2487.0,0.49999999999999994,0.0,0,20,3780.0
2488.0,0.49999999999999994,0.0,0,20,3780.0
2489.0,0.49999999999999994,0.0,0,20,3780.0
2490.0,0.49999999999999994,0.0,0,20,3780.0
2491.0,0.49999999999999994,0.0,0,20,3780.0
2492.0,0.49999999999999994,0.0,0,20,3780.0
2493.0,0.49999999999999994,0.0,0,20,3780.0
2494.0,0.49999999999999994,0.0,0,20,3780.0
2495.0,0.49999999999999994,0.0,0,20,3780.0
2496.0,0.49999999999999994,0.0,0,20,3780.0
2497.0,0.49999999999999994,0.0,0,20,3780.0
2498.0,0.49999999999999994,0.0,0,20,3780.0
2499.0,0.49999999999999994,0.0,0,20,3780.0
2500.0,0.49999999999999994,0.0,0,20,3780.0
2501.0,0.49999999999999994,0.0,0,20,3780.0
2502.0,0.49999999999999994,0.0,0,20,3780.0
2503.0,0.49999999999999994,0.0,0,20,3780.0
2504.0,0.49999999999999994,0.0,0,20,3780.0
2505.0,0.49999999999999994,0.0,0,20,3780.0
2506.0,0.49999999999999994,0.0,0,20,3780.0
2507.0,0.49999999999999994,0.0,0,20,3780.0
2508.0,0.49999999999999994,0.0,0,20,3780.0
2509.0,0.49999999999999994,0.0,0,20,3780.0
2510.0,0.49999999999999994,0.0,0,20,3780.0
2511.0,0.49999999999999994,0.0,0,20,3780.0
2512.0,0.49999999999999994,0.0,0,20,3780.0
2513.0,0.49999999999999994,0.0,0,20,3780.0
2514.0,0.49999999999999994,0.0,0,20,3780.0
2515.0,0.49999999999999994,0.0,0,20,3780.0
2516.0,0.49999999999999994,0.0,0,20,3780.0
2517.0,0.49999999999999994,0.0,0,20,3780.0
2518.0,0.49999999999999994,0.0,0,20,3780.0
2519.0,0.49999999999999994,0.0,0,20,3780.0
2520.0,0.49999999999999994,0.0,0,20,3780.0
2521.0,0.49999999999999994,0.0,0,20,3780.0
2522.0,0.49999999999999994,0.0,0,20,3780.0
2523.0,0.49999999999999994,0.0,0,20,3780.0
2524.0,0.49999999999999994,0.0,0,20,3780.0
2525.0,0.49999999999999994,0.0,0,20,3780.0
2526.0,0.49999999999999994,0.0,0,20,3780.0
2527.0,0.49999999999999994,0.0,0,20,3780.0
2528.0,0.49999999999999994,0.0,0,20,3780.0
2529.0,0.49999999999999994,0.0,0,20,3780.0
2530.0,0.49999999999999994,0.0,0,20,3780.0
2531.0,0.49999999999999994,0.0,0,20,3780.0
2532.0,0.49999999999999994,0.0,0,20,3780.0
2533.0,0.49999999999999994,0.0,0,20,3780.0
2534.0,0.49999999999999994,0.0,0,20,3780.0
2535.0,0.49999999999999994,0.0,0,20,3780.0
2536.0,0.49999999999999994,0.0,0,20,3780.0
2537.0,0.49999999999999994,0.0,0,20,3780.0
2538.0,0.49999999999999994,0.0,0,20,3780.0
2539.0,0.49999999999999994,0.0,0,20,3780.0
2540.0,0.49999999999999994,0.0,0,20,3780.0
2541.0,0.49999999999999994,0.0,0,20,3780.0
2542.0,0.49999999999999994,0.0,0,20,3780.0
2543.0,0.49999999999999994,0.0,0,20,3780.0
2544.0,0.49999999999999994,0.0,0,20,3780.0
2545.0,0.49999999999999994,0.0,0,20,3780.0
2546.0,0.49999999999999994,0.0,0,20,3780.0
2547.0,0.49999999999999994,0.0,0,20,3780.0
2548.0,0.49999999999999994,0.0,0,20,3780.0
2549.0,0.49999999999999994,0.0,0,20,3780.0
2550.0,0.49999999999999994,0.0,0,20,3780.0
2551.0,0.49999999999999994,0.0,0,20,3780.0
2552.0,0.49999999999999994,0.0,0,20,3780.0
2553.0,0.49999999999999994,0.0,0,20,3780.0
2554.0,0.49999999999999994,0.0,0,20,3780.0
2555.0,0.49999999999999994,0.0,0,20,3780.0
2556.0,0.49999999999999994,0.0,0,20,3780.0
2557.0,0.49999999999999994,0.0,0,20,3780.0
2558.0,0.49999999999999994,0.0,0,20,3780.0
2559.0,0.49999999999999994,0.0,0,20,3780.0
2560.0,0.49999999999999994,0.0,0,20,3780.0
2561.0,0.49999999999999994,0.0,0,20,3780.0
2562.0,0.49999999999999994,0.0,0,20,3780.0
2563.0,0.49999999999999994,0.0,0,20,3780.0
2564.0,0.49999999999999994,0.0,0,20,3780.0
2565.0,0.49999999999999994,0.0,0,20,3780.0
2566.0,0.49999999999999994,0.0,0,20,3780.0
2567.0,0.49999999999999994,0.0,0,20,3780.0
2568.0,0.49999999999999994,0.0,0,20,3780.0
2569.0,0.49999999999999994,0.0,0,20,3780.0
2570.0,0.49999999999999994,0.0,0,20,3780.0
2571.0,0.49999999999999994,0.0,0,20,3780.0
2572.0,0.49999999999999994,0.0,0,20,3780.0
2573.0,0.49999999999999994,0.0,0,20,3780.0
2574.0,0.49999999999999994,0.0,0,20,3780.0
2575.0,0.49999999999999994,0.0,0,20,3780.0
2576.0,0.49999999999999994,0.0,0,20,3780.0
2577.0,0.49999999999999994,0.0,0,20,3780.0
2578.0,0.49999999999999994,0.0,0,20,3780.0
2579.0,0.49999999999999994,0.0,0,20,3780.0
2580.0,0.49999999999999994,0.0,0,20,3780.0
2581.0,0.49999999999999994,0.0,0,20,3780.0
2582.0,0.49999999999999994,0.0,0,20,3780.0
2583.0,0.49999999999999994,0.0,0,20,3780.0
2584.0,0.49999999999999994,0.0,0,20,3780.0
2585.0,0.49999999999999994,0.0,0,20,3780.0
2586.0,0.49999999999999994,0.0,0,20,3780.0
2587.0,0.49999999999999994,0.0,0,20,3780.0
2588.0,0.49999999999999994,0.0,0,20,3780.0
2589.0,0.49999999999999994,0.0,0,20,3780.0
2590.0,0.49999999999999994,0.0,0,20,3780.0
2591.0,0.49999999999999994,0.0,0,20,3780.0
2592.0,0.49999999999999994,0.0,0,20,3780.0
2593.0,0.49999999999999994,0.0,0,20,3780.0
2594.0,0.49999999999999994,0.0,0,20,3780.0
2595.0,0.49999999999999994,0.0,0,20,3780.0
2596.0,0.49999999999999994,0.0,0,20,3780.0
2597.0,0.49999999999999994,0.0,0,20,3780.0
2598.0,0.49999999999999994,0.0,0,20,3780.0
2599.0,0.49999999999999994,0.0,0,20,3780.0
2600.0,0.49999999999999994,0.0,0,20,3780.0
2601.0,0.49999999999999994,0.0,0,20,3780.0
2602.0,0.49999999999999994,0.0,0,20,3780.0
2603.0,0.49999999999999994,0.0,0,20,3780.0
2604.0,0.49999999999999994,0.0,0,20,3780.0
2605.0,0.49999999999999994,0.0,0,20,3780.0
2606.0,0.49999999999999994,0.0,0,20,3780.0
2607.0,0.49999999999999994,0.0,0,20,3780.0
2608.0,0.49999999999999994,0.0,0,20,3780.0
2609.0,0.49999999999999994,0.0,0,20,3780.0
2610.0,0.49999999999999994,0.0,0,20,3780.0
2611.0,0.49999999999999994,0.0,0,20,3780.0
2612.0,0.49999999999999994,0.0,0,20,3780.0
2613.0,0.49999999999999994,0.0,0,20,3780.0
2614.0,0.49999999999999994,0.0,0,20,3780.0
2615.0,0.49999999999999994,0.0,0,20,3780.0
2616.0,0.49999999999999994,0.0,0,20,3780.0
2617.0,0.49999999999999994,0.0,0,20,3780.0
2618.0,0.49999999999999994,0.0,0,20,3780.0
2619.0,0.49999999999999994,0.0,0,20,3780.0
2620.0,0.49999999999999994,0.0,0,20,3780.0
2621.0,0.49999999999999994,0.0,0,20,3780.0
2622.0,0.49999999999999994,0.0,0,20,3780.0
2623.0,0.49999999999999994,0.0,0,20,3780.0
2624.0,0.49999999999999994,0.0,0,20,3780.0
2625.0,0.49999999999999994,0.0,0,20,3780.0
2626.0,0.49999999999999994,0.0,0,20,3780.0
2627.0,0.49999999999999994,0.0,0,20,3780.0
2628.0,0.49999999999999994,0.0,0,20,3780.0
2629.0,0.49999999999999994,0.0,0,20,3780.0
2630.0,0.49999999999999994,0.0,0,20,3780.0
2631.0,0.49999999999999994,0.0,0,20,3780.0
2632.0,0.49999999999999994,0.0,0,20,3780.0
2633.0,0.49999999999999994,0.0,0,20,3780.0
2634.0,0.49999999999999994,0.0,0,20,3780.0
2635.0,0.49999999999999994,0.0,0,20,3780.0
2636.0,0.49999999999999994,0.0,0,20,3780.0
2637.0,0.49999999999999994,0.0,0,20,3780.0
2638.0,0.49999999999999994,0.0,0,20,3780.0
2639.0,0.49999999999999994,0.0,0,20,3780.0
2640.0,0.49999999999999994,0.0,0,20,3780.0
2641.0,0.49999999999999994,0.0,0,20,3780.0
2642.0,0.49999999999999994,0.0,0,20,3780.0
2643.0,0.49999999999999994,0.0,0,20,3780.0
2644.0,0.49999999999999994,0.0,0,20,3780.0
2645.0,0.49999999999999994,0.0,0,20,3780.0
2646.0,0.49999999999999994,0.0,0,20,3780.0
2647.0,0.49999999999999994,0.0,0,20,3780.0
2648.0,0.49999999999999994,0.0,0,20,3780.0
2649.0,0.49999999999999994,0.0,0,20,3780.0
2650.0,0.49999999999999994,0.0,0,20,3780.0
2651.0,0.49999999999999994,0.0,0,20,3780.0
2652.0,0.49999999999999994,0.0,0,20,3780.0
2653.0,0.49999999999999994,0.0,0,20,3780.0
2654.0,0.49999999999999994,0.0,0,20,3780.0
2655.0,0.49999999999999994,0.0,0,20,3780.0
2656.0,0.49999999999999994,0.0,0,20,3780.0
2657.0,0.49999999999999994,0.0,0,20,3780.0
2658.0,0.49999999999999994,0.0,0,20,3780.0
2659.0,0.49999999999999994,0.0,0,20,3780.0
2660.0,0.49999999999999994,0.0,0,20,3780.0
2661.0,0.49999999999999994,0.0,0,20,3780.0
2662.0,0.49999999999999994,0.0,0,20,3780.0
2663.0,0.49999999999999994,0.0,0,20,3780.0
2664.0,0.49999999999999994,0.0,0,20,3780.0
2665.0,0.49999999999999994,0.0,0,20,3780.0
2666.0,0.49999999999999994,0.0,0,20,3780.0
2667.0,0.49999999999999994,0.0,0,20,3780.0
2668.0,0.49999999999999994,0.0,0,20,3780.0
2669.0,0.49999999999999994,0.0,0,20,3780.0
2670.0,0.49999999999999994,0.0,0,20,3780.0
2671.0,0.49999999999999994,0.0,0,20,3780.0
2672.0,0.49999999999999994,0.0,0,20,3780.0
2673.0,0.49999999999999994,0.0,0,20,3780.0
2674.0,0.49999999999999994,0.0,0,20,3780.0
2675.0,0.49999999999999994,0.0,0,20,3780.0
2676.0,0.49999999999999994,0.0,0,20,3780.0
2677.0,0.49999999999999994,0.0,0,20,3780.0
2678.0,0.49999999999999994,0.0,0,20,3780.0
2679.0,0.49999999999999994,0.0,0,20,3780.0
2680.0,0.49999999999999994,0.0,0,20,3780.0
2681.0,0.49999999999999994,0.0,0,20,3780.0
2682.0,0.49999999999999994,0.0,0,20,3780.0
2683.0,0.49999999999999994,0.0,0,20,3780.0
2684.0,0.49999999999999994,0.0,0,20,3780.0
2685.0,0.49999999999999994,0.0,0,20,3780.0
2686.0,0.49999999999999994,0.0,0,20,3780.0
2687.0,0.49999999999999994,0.0,0,20,3780.0
2688.0,0.49999999999999994,0.0,0,20,3780.0
2689.0,0.49999999999999994,0.0,0,20,3780.0
2690.0,0.49999999999999994,0.0,0,20,3780.0
2691.0,0.49999999999999994,0.0,0,20,3780.0
2692.0,0.49999999999999994,0.0,0,20,3780.0
2693.0,0.49999999999999994,0.0,0,20,3780.0
2694.0,0.49999999999999994,0.0,0,20,3780.0
2695.0,0.49999999999999994,0.0,0,20,3780.0
2696.0,0.49999999999999994,0.0,0,20,3780.0
2697.0,0.49999999999999994,0.0,0,20,3780.0
2698.0,0.49999999999999994,0.0,0,20,3780.0
2699.0,0.49999999999999994,0.0,0,20,3780.0
2700.0,0.49999999999999994,0.0,0,20,3780.0
2701.0,0.49999999999999994,0.0,0,20,3780.0
2702.0,0.49999999999999994,0.0,0,20,3780.0
2703.0,0.49999999999999994,0.0,0,20,3780.0
2704.0,0.49999999999999994,0.0,0,20,3780.0
2705.0,0.49999999999999994,0.0,0,20,3780.0
2706.0,0.49999999999999994,0.0,0,20,3780.0
2707.0,0.49999999999999994,0.0,0,20,3780.0
2708.0,0.49999999999999994,0.0,0,20,3780.0
2709.0,0.49999999999999994,0.0,0,20,3780.0
2710.0,0.49999999999999994,0.0,0,20,3780.0
2711.0,0.49999999999999994,0.0,0,20,3780.0
2712.0,0.49999999999999994,0.0,0,20,3780.0
2713.0,0.49999999999999994,0.0,0,20,3780.0
2714.0,0.49999999999999994,0.0,0,20,3780.0
2715.0,0.49999999999999994,0.0,0,20,3780.0
2716.0,0.49999999999999994,0.0,0,20,3780.0
2717.0,0.49999999999999994,0.0,0,20,3780.0
2718.0,0.49999999999999994,0.0,0,20,3780.0
2719.0,0.49999999999999994,0.0,0,20,3780.0
2720.0,0.49999999999999994,0.0,0,20,3780.0
2721.0,0.49999999999999994,0.0,0,20,3780.0
2722.0,0.49999999999999994,0.0,0,20,3780.0
2723.0,0.49999999999999994,0.0,0,20,3780.0
2724.0,0.49999999999999994,0.0,0,20,3780.0
2725.0,0.49999999999999994,0.0,0,20,3780.0
2726.0,0.49999999999999994,0.0,0,20,3780.0
2727.0,0.49999999999999994,0.0,0,20,3780.0
2728.0,0.49999999999999994,0.0,0,20,3780.0
2729.0,0.49999999999999994,0.0,0,20,3780.0
2730.0,0.49999999999999994,0.0,0,20,3780.0
2731.0,0.49999999999999994,0.0,0,20,3780.0
2732.0,0.49999999999999994,0.0,0,20,3780.0
2733.0,0.49999999999999994,0.0,0,20,3780.0
2734.0,0.49999999999999994,0.0,0,20,3780.0
2735.0,0.49999999999999994,0.0,0,20,3780.0
2736.0,0.49999999999999994,0.0,0,20,3780.0
2737.0,0.49999999999999994,0.0,0,20,3780.0
2738.0,0.49999999999999994,0.0,0,20,3780.0
2739.0,0.49999999999999994,0.0,0,20,3780.0
2740.0,0.49999999999999994,0.0,0,20,3780.0
2741.0,0.49999999999999994,0.0,0,20,3780.0
2742.0,0.49999999999999994,0.0,0,20,3780.0
2743.0,0.49999999999999994,0.0,0,20,3780.0
2744.0,0.49999999999999994,0.0,0,20,3780.0
2745.0,0.49999999999999994,0.0,0,20,3780.0
2746.0,0.49999999999999994,0.0,0,20,3780.0
2747.0,0.49999999999999994,0.0,0,20,3780.0
2748.0,0.49999999999999994,0.0,0,20,3780.0
2749.0,0.49999999999999994,0.0,0,20,3780.0
2750.0,0.49999999999999994,0.0,0,20,3780.0
2751.0,0.49999999999999994,0.0,0,20,3780.0
2752.0,0.49999999999999994,0.0,0,20,3780.0
2753.0,0.49999999999999994,0.0,0,20,3780.0
2754.0,0.49999999999999994,0.0,0,20,3780.0
2755.0,0.49999999999999994,0.0,0,20,3780.0
2756.0,0.49999999999999994,0.0,0,20,3780.0
2757.0,0.49999999999999994,0.0,0,20,3780.0
2758.0,0.49999999999999994,0.0,0,20,3780.0
2759.0,0.49999999999999994,0.0,0,20,3780.0
2760.0,0.49999999999999994,0.0,0,20,3780.0
2761.0,0.49999999999999994,0.0,0,20,3780.0
2762.0,0.49999999999999994,0.0,0,20,3780.0
2763.0,0.49999999999999994,0.0,0,20,3780.0
2764.0,0.49999999999999994,0.0,0,20,3780.0
2765.0,0.49999999999999994,0.0,0,20,3780.0
2766.0,0.49999999999999994,0.0,0,20,3780.0
2767.0,0.49999999999999994,0.0,0,20,3780.0
2768.0,0.49999999999999994,0.0,0,20,3780.0
2769.0,0.49999999999999994,0.0,0,20,3780.0
2770.0,0.49999999999999994,0.0,0,20,3780.0
2771.0,0.49999999999999994,0.0,0,20,3780.0
2772.0,0.49999999999999994,0.0,0,20,3780.0
2773.0,0.49999999999999994,0.0,0,20,3780.0
2774.0,0.49999999999999994,0.0,0,20,3780.0
2775.0,0.49999999999999994,0.0,0,20,3780.0
2776.0,0.49999999999999994,0.0,0,20,3780.0
2777.0,0.49999999999999994,0.0,0,20,3780.0
2778.0,0.49999999999999994,0.0,0,20,3780.0
2779.0,0.49999999999999994,0.0,0,20,3780.0
2780.0,0.49999999999999994,0.0,0,20,3780.0
2781.0,0.49999999999999994,0.0,0,20,3780.0
2782.0,0.49999999999999994,0.0,0,20,3780.0
2783.0,0.49999999999999994,0.0,0,20,3780.0
2784.0,0.49999999999999994,0.0,0,20,3780.0
2785.0,0.49999999999999994,0.0,0,20,3780.0
2786.0,0.49999999999999994,0.0,0,20,3780.0
2787.0,0.49999999999999994,0.0,0,20,3780.0
2788.0,0.49999999999999994,0.0,0,20,3780.0
2789.0,0.49999999999999994,0.0,0,20,3780.0
2790.0,0.49999999999999994,0.0,0,20,3780.0
2791.0,0.49999999999999994,0.0,0,20,3780.0
2792.0,0.49999999999999994,0.0,0,20,3780.0
2793.0,0.49999999999999994,0.0,0,20,3780.0
2794.0,0.49999999999999994,0.0,0,20,3780.0
2795.0,0.49999999999999994,0.0,0,20,3780.0
2796.0,0.49999999999999994,0.0,0,20,3780.0
2797.0,0.49999999999999994,0.0,0,20,3780.0
2798.0,0.49999999999999994,0.0,0,20,3780.0
2799.0,0.49999999999999994,0.0,0,20,3780.0
2800.0,0.49999999999999994,0.0,0,20,3780.0
2801.0,0.49999999999999994,0.0,0,20,3780.0
2802.0,0.49999999999999994,0.0,0,20,3780.0
2803.0,0.49999999999999994,0.0,0,20,3780.0
2804.0,0.49999999999999994,0.0,0,20,3780.0
2805.0,0.49999999999999994,0.0,0,20,3780.0
2806.0,0.49999999999999994,0.0,0,20,3780.0
2807.0,0.49999999999999994,0.0,0,20,3780.0
2808.0,0.49999999999999994,0.0,0,20,3780.0
2809.0,0.49999999999999994,0.0,0,20,3780.0
2810.0,0.49999999999999994,0.0,0,20,3780.0
2811.0,0.49999999999999994,0.0,0,20,3780.0
2812.0,0.49999999999999994,0.0,0,20,3780.0
2813.0,0.49999999999999994,0.0,0,20,3780.0
2814.0,0.49999999999999994,0.0,0,20,3780.0
2815.0,0.49999999999999994,0.0,0,20,3780.0
2816.0,0.49999999999999994,0.0,0,20,3780.0
2817.0,0.49999999999999994,0.0,0,20,3780.0
2818.0,0.49999999999999994,0.0,0,20,3780.0
2819.0,0.49999999999999994,0.0,0,20,3780.0
2820.0,0.49999999999999994,0.0,0,20,3780.0
2821.0,0.49999999999999994,0.0,0,20,3780.0
2822.0,0.49999999999999994,0.0,0,20,3780.0
2823.0,0.49999999999999994,0.0,0,20,3780.0
2824.0,0.49999999999999994,0.0,0,20,3780.0
2825.0,0.49999999999999994,0.0,0,20,3780.0
2826.0,0.49999999999999994,0.0,0,20,3780.0
2827.0,0.49999999999999994,0.0,0,20,3780.0
2828.0,0.49999999999999994,0.0,0,20,3780.0
2829.0,0.49999999999999994,0.0,0,20,3780.0
2830.0,0.49999999999999994,0.0,0,20,3780.0
2831.0,0.49999999999999994,0.0,0,20,3780.0
2832.0,0.49999999999999994,0.0,0,20,3780.0
2833.0,0.49999999999999994,0.0,0,20,3780.0
2834.0,0.49999999999999994,0.0,0,20,3780.0
2835.0,0.49999999999999994,0.0,0,20,3780.0
2836.0,0.49999999999999994,0.0,0,20,3780.0
2837.0,0.49999999999999994,0.0,0,20,3780.0
2838.0,0.49999999999999994,0.0,0,20,3780.0
2839.0,0.49999999999999994,0.0,0,20,3780.0
2840.0,0.49999999999999994,0.0,0,20,3780.0
2841.0,0.49999999999999994,0.0,0,20,3780.0
2842.0,0.49999999999999994,0.0,0,20,3780.0
2843.0,0.49999999999999994,0.0,0,20,3780.0
2844.0,0.49999999999999994,0.0,0,20,3780.0
2845.0,0.49999999999999994,0.0,0,20,3780.0
2846.0,0.49999999999999994,0.0,0,20,3780.0
2847.0,0.49999999999999994,0.0,0,20,3780.0
2848.0,0.49999999999999994,0.0,0,20,3780.0
2849.0,0.49999999999999994,0.0,0,20,3780.0
2850.0,0.49999999999999994,0.0,0,20,3780.0
2851.0,0.49999999999999994,0.0,0,20,3780.0
2852.0,0.49999999999999994,0.0,0,20,3780.0
2853.0,0.49999999999999994,0.0,0,20,3780.0
2854.0,0.49999999999999994,0.0,0,20,3780.0
2855.0,0.49999999999999994,0.0,0,20,3780.0
2856.0,0.49999999999999994,0.0,0,20,3780.0
2857.0,0.49999999999999994,0.0,0,20,3780.0
2858.0,0.49999999999999994,0.0,0,20,3780.0
2859.0,0.49999999999999994,0.0,0,20,3780.0
2860.0,0.49999999999999994,0.0,0,20,3780.0
2861.0,0.49999999999999994,0.0,0,20,3780.0
2862.0,0.49999999999999994,0.0,0,20,3780.0
2863.0,0.49999999999999994,0.0,0,20,3780.0
2864.0,0.49999999999999994,0.0,0,20,3780.0
2865.0,0.49999999999999994,0.0,0,20,3780.0
2866.0,0.49999999999999994,0.0,0,20,3780.0
2867.0,0.49999999999999994,0.0,0,20,3780.0
2868.0,0.49999999999999994,0.0,0,20,3780.0
2869.0,0.49999999999999994,0.0,0,20,3780.0
2870.0,0.49999999999999994,0.0,0,20,3780.0
2871.0,0.49999999999999994,0.0,0,20,3780.0
2872.0,0.49999999999999994,0.0,0,20,3780.0
2873.0,0.49999999999999994,0.0,0,20,3780.0
2874.0,0.49999999999999994,0.0,0,20,3780.0
2875.0,0.49999999999999994,0.0,0,20,3780.0
2876.0,0.49999999999999994,0.0,0,20,3780.0
2877.0,0.49999999999999994,0.0,0,20,3780.0
2878.0,0.49999999999999994,0.0,0,20,3780.0
2879.0,0.49999999999999994,0.0,0,20,3780.0
2880.0,0.49999999999999994,0.0,0,20,3780.0
2881.0,0.49999999999999994,0.0,0,20,3780.0
2882.0,0.49999999999999994,0.0,0,20,3780.0
2883.0,0.49999999999999994,0.0,0,20,3780.0
2884.0,0.49999999999999994,0.0,0,20,3780.0
2885.0,0.49999999999999994,0.0,0,20,3780.0
2886.0,0.49999999999999994,0.0,0,20,3780.0
2887.0,0.49999999999999994,0.0,0,20,3780.0
2888.0,0.49999999999999994,0.0,0,20,3780.0
2889.0,0.49999999999999994,0.0,0,20,3780.0
2890.0,0.49999999999999994,0.0,0,20,3780.0
2891.0,0.49999999999999994,0.0,0,20,3780.0
2892.0,0.49999999999999994,0.0,0,20,3780.0
2893.0,0.49999999999999994,0.0,0,20,3780.0
2894.0,0.49999999999999994,0.0,0,20,3780.0
2895.0,0.49999999999999994,0.0,0,20,3780.0
2896.0,0.49999999999999994,0.0,0,20,3780.0
2897.0,0.49999999999999994,0.0,0,20,3780.0
2898.0,0.49999999999999994,0.0,0,20,3780.0
2899.0,0.49999999999999994,0.0,0,20,3780.0
2900.0,0.49999999999999994,0.0,0,20,3780.0
2901.0,0.49999999999999994,0.0,0,20,3780.0
2902.0,0.49999999999999994,0.0,0,20,3780.0
2903.0,0.49999999999999994,0.0,0,20,3780.0
2904.0,0.49999999999999994,0.0,0,20,3780.0
2905.0,0.49999999999999994,0.0,0,20,3780.0
2906.0,0.49999999999999994,0.0,0,20,3780.0
2907.0,0.49999999999999994,0.0,0,20,3780.0
2908.0,0.49999999999999994,0.0,0,20,3780.0
2909.0,0.49999999999999994,0.0,0,20,3780.0
2910.0,0.49999999999999994,0.0,0,20,3780.0
2911.0,0.49999999999999994,0.0,0,20,3780.0
2912.0,0.49999999999999994,0.0,0,20,3780.0
2913.0,0.49999999999999994,0.0,0,20,3780.0
2914.0,0.49999999999999994,0.0,0,20,3780.0
2915.0,0.49999999999999994,0.0,0,20,3780.0
2916.0,0.49999999999999994,0.0,0,20,3780.0
2917.0,0.49999999999999994,0.0,0,20,3780.0
2918.0,0.49999999999999994,0.0,0,20,3780.0
2919.0,0.49999999999999994,0.0,0,20,3780.0
2920.0,0.49999999999999994,0.0,0,20,3780.0
2921.0,0.49999999999999994,0.0,0,20,3780.0
2922.0,0.49999999999999994,0.0,0,20,3780.0
2923.0,0.49999999999999994,0.0,0,20,3780.0
2924.0,0.49999999999999994,0.0,0,20,3780.0
2925.0,0.49999999999999994,0.0,0,20,3780.0
2926.0,0.49999999999999994,0.0,0,20,3780.0
2927.0,0.49999999999999994,0.0,0,20,3780.0
2928.0,0.49999999999999994,0.0,0,20,3780.0
2929.0,0.49999999999999994,0.0,0,20,3780.0
2930.0,0.49999999999999994,0.0,0,20,3780.0
2931.0,0.49999999999999994,0.0,0,20,3780.0
2932.0,0.49999999999999994,0.0,0,20,3780.0
2933.0,0.49999999999999994,0.0,0,20,3780.0
2934.0,0.49999999999999994,0.0,0,20,3780.0
2935.0,0.49999999999999994,0.0,0,20,3780.0
2936.0,0.49999999999999994,0.0,0,20,3780.0
2937.0,0.49999999999999994,0.0,0,20,3780.0
2938.0,0.49999999999999994,0.0,0,20,3780.0
2939.0,0.49999999999999994,0.0,0,20,3780.0
2940.0,0.49999999999999994,0.0,0,20,3780.0
2941.0,0.49999999999999994,0.0,0,20,3780.0
2942.0,0.49999999999999994,0.0,0,20,3780.0
2943.0,0.49999999999999994,0.0,0,20,3780.0
2944.0,0.49999999999999994,0.0,0,20,3780.0
2945.0,0.49999999999999994,0.0,0,20,3780.0
2946.0,0.49999999999999994,0.0,0,20,3780.0
2947.0,0.49999999999999994,0.0,0,20,3780.0
2948.0,0.49999999999999994,0.0,0,20,3780.0
2949.0,0.49999999999999994,0.0,0,20,3780.0
2950.0,0.49999999999999994,0.0,0,20,3780.0
2951.0,0.49999999999999994,0.0,0,20,3780.0
2952.0,0.49999999999999994,0.0,0,20,3780.0
2953.0,0.49999999999999994,0.0,0,20,3780.0
2954.0,0.49999999999999994,0.0,0,20,3780.0
2955.0,0.49999999999999994,0.0,0,20,3780.0
2956.0,0.49999999999999994,0.0,0,20,3780.0
2957.0,0.49999999999999994,0.0,0,20,3780.0
2958.0,0.49999999999999994,0.0,0,20,3780.0
2959.0,0.49999999999999994,0.0,0,20,3780.0
2960.0,0.49999999999999994,0.0,0,20,3780.0
2961.0,0.49999999999999994,0.0,0,20,3780.0
2962.0,0.49999999999999994,0.0,0,20,3780.0
2963.0,0.49999999999999994,0.0,0,20,3780.0
2964.0,0.49999999999999994,0.0,0,20,3780.0
2965.0,0.49999999999999994,0.0,0,20,3780.0
2966.0,0.49999999999999994,0.0,0,20,3780.0
2967.0,0.49999999999999994,0.0,0,20,3780.0
2968.0,0.49999999999999994,0.0,0,20,3780.0
2969.0,0.49999999999999994,0.0,0,20,3780.0
2970.0,0.49999999999999994,0.0,0,20,3780.0
2971.0,0.49999999999999994,0.0,0,20,3780.0
2972.0,0.49999999999999994,0.0,0,20,3780.0
2973.0,0.49999999999999994,0.0,0,20,3780.0
2974.0,0.49999999999999994,0.0,0,20,3780.0
2975.0,0.49999999999999994,0.0,0,20,3780.0
2976.0,0.49999999999999994,0.0,0,20,3780.0
2977.0,0.49999999999999994,0.0,0,20,3780.0
2978.0,0.49999999999999994,0.0,0,20,3780.0
2979.0,0.49999999999999994,0.0,0,20,3780.0
2980.0,0.49999999999999994,0.0,0,20,3780.0
2981.0,0.49999999999999994,0.0,0,20,3780.0
2982.0,0.49999999999999994,0.0,0,20,3780.0
2983.0,0.49999999999999994,0.0,0,20,3780.0
2984.0,0.49999999999999994,0.0,0,20,3780.0
2985.0,0.49999999999999994,0.0,0,20,3780.0
2986.0,0.49999999999999994,0.0,0,20,3780.0
2987.0,0.49999999999999994,0.0,0,20,3780.0
2988.0,0.49999999999999994,0.0,0,20,3780.0
2989.0,0.49999999999999994,0.0,0,20,3780.0
2990.0,0.49999999999999994,0.0,0,20,3780.0
2991.0,0.49999999999999994,0.0,0,20,3780.0
2992.0,0.49999999999999994,0.0,0,20,3780.0
2993.0,0.49999999999999994,0.0,0,20,3780.0
2994.0,0.49999999999999994,0.0,0,20,3780.0
2995.0,0.49999999999999994,0.0,0,20,3780.0
2996.0,0.49999999999999994,0.0,0,20,3780.0
2997.0,0.49999999999999994,0.0,0,20,3780.0
2998.0,0.49999999999999994,0.0,0,20,3780.0
2999.0,0.49999999999999994,0.0,0,20,3780.0
3000.0,0.49999999999999994,0.0,0,20,3780.0
3001.0,0.49999999999999994,0.0,0,20,3780.0
3002.0,0.49999999999999994,0.0,0,20,3780.0
3003.0,0.49999999999999994,0.0,0,20,3780.0
3004.0,0.49999999999999994,0.0,0,20,3780.0
3005.0,0.49999999999999994,0.0,0,20,3780.0
3006.0,0.49999999999999994,0.0,0,20,3780.0
3007.0,0.49999999999999994,0.0,0,20,3780.0
3008.0,0.49999999999999994,0.0,0,20,3780.0
3009.0,0.49999999999999994,0.0,0,20,3780.0
3010.0,0.49999999999999994,0.0,0,20,3780.0
3011.0,0.49999999999999994,0.0,0,20,3780.0
3012.0,0.49999999999999994,0.0,0,20,3780.0
3013.0,0.49999999999999994,0.0,0,20,3780.0
3014.0,0.49999999999999994,0.0,0,20,3780.0
3015.0,0.49999999999999994,0.0,0,20,3780.0
3016.0,0.49999999999999994,0.0,0,20,3780.0
3017.0,0.49999999999999994,0.0,0,20,3780.0
3018.0,0.49999999999999994,0.0,0,20,3780.0
3019.0,0.49999999999999994,0.0,0,20,3780.0
3020.0,0.49999999999999994,0.0,0,20,3780.0
3021.0,0.49999999999999994,0.0,0,20,3780.0
3022.0,0.49999999999999994,0.0,0,20,3780.0
3023.0,0.49999999999999994,0.0,0,20,3780.0
3024.0,0.49999999999999994,0.0,0,20,3780.0
3025.0,0.49999999999999994,0.0,0,20,3780.0
3026.0,0.49999999999999994,0.0,0,20,3780.0
3027.0,0.49999999999999994,0.0,0,20,3780.0
3028.0,0.49999999999999994,0.0,0,20,3780.0
3029.0,0.49999999999999994,0.0,0,20,3780.0
3030.0,0.49999999999999994,0.0,0,20,3780.0
3031.0,0.49999999999999994,0.0,0,20,3780.0
3032.0,0.49999999999999994,0.0,0,20,3780.0
3033.0,0.49999999999999994,0.0,0,20,3780.0
3034.0,0.49999999999999994,0.0,0,20,3780.0
3035.0,0.49999999999999994,0.0,0,20,3780.0
3036.0,0.49999999999999994,0.0,0,20,3780.0
3037.0,0.49999999999999994,0.0,0,20,3780.0
3038.0,0.49999999999999994,0.0,0,20,3780.0
3039.0,0.49999999999999994,0.0,0,20,3780.0
3040.0,0.49999999999999994,0.0,0,20,3780.0
3041.0,0.49999999999999994,0.0,0,20,3780.0
3042.0,0.49999999999999994,0.0,0,20,3780.0
3043.0,0.49999999999999994,0.0,0,20,3780.0
3044.0,0.49999999999999994,0.0,0,20,3780.0
3045.0,0.49999999999999994,0.0,0,20,3780.0
3046.0,0.49999999999999994,0.0,0,20,3780.0
3047.0,0.49999999999999994,0.0,0,20,3780.0
3048.0,0.49999999999999994,0.0,0,20,3780.0
3049.0,0.49999999999999994,0.0,0,20,3780.0
3050.0,0.49999999999999994,0.0,0,20,3780.0
3051.0,0.49999999999999994,0.0,0,20,3780.0
3052.0,0.49999999999999994,0.0,0,20,3780.0
3053.0,0.49999999999999994,0.0,0,20,3780.0
3054.0,0.49999999999999994,0.0,0,20,3780.0
3055.0,0.49999999999999994,0.0,0,20,3780.0
3056.0,0.49999999999999994,0.0,0,20,3780.0
3057.0,0.49999999999999994,0.0,0,20,3780.0
3058.0,0.49999999999999994,0.0,0,20,3780.0
3059.0,0.49999999999999994,0.0,0,20,3780.0
3060.0,0.49999999999999994,0.0,0,20,3780.0
3061.0,0.49999999999999994,0.0,0,20,3780.0
3062.0,0.49999999999999994,0.0,0,20,3780.0
3063.0,0.49999999999999994,0.0,0,20,3780.0
3064.0,0.49999999999999994,0.0,0,20,3780.0
3065.0,0.49999999999999994,0.0,0,20,3780.0
3066.0,0.49999999999999994,0.0,0,20,3780.0
3067.0,0.49999999999999994,0.0,0,20,3780.0
3068.0,0.49999999999999994,0.0,0,20,3780.0
3069.0,0.49999999999999994,0.0,0,20,3780.0
3070.0,0.49999999999999994,0.0,0,20,3780.0
3071.0,0.49999999999999994,0.0,0,20,3780.0
3072.0,0.49999999999999994,0.0,0,20,3780.0
3073.0,0.49999999999999994,0.0,0,20,3780.0
3074.0,0.49999999999999994,0.0,0,20,3780.0
3075.0,0.49999999999999994,0.0,0,20,3780.0
3076.0,0.49999999999999994,0.0,0,20,3780.0
3077.0,0.49999999999999994,0.0,0,20,3780.0
3078.0,0.49999999999999994,0.0,0,20,3780.0
3079.0,0.49999999999999994,0.0,0,20,3780.0
3080.0,0.49999999999999994,0.0,0,20,3780.0
3081.0,0.49999999999999994,0.0,0,20,3780.0
3082.0,0.49999999999999994,0.0,0,20,3780.0
3083.0,0.49999999999999994,0.0,0,20,3780.0
3084.0,0.49999999999999994,0.0,0,20,3780.0
3085.0,0.49999999999999994,0.0,0,20,3780.0
3086.0,0.49999999999999994,0.0,0,20,3780.0
3087.0,0.49999999999999994,0.0,0,20,3780.0
3088.0,0.49999999999999994,0.0,0,20,3780.0
3089.0,0.49999999999999994,0.0,0,20,3780.0
3090.0,0.49999999999999994,0.0,0,20,3780.0
3091.0,0.49999999999999994,0.0,0,20,3780.0
3092.0,0.49999999999999994,0.0,0,20,3780.0
3093.0,0.49999999999999994,0.0,0,20,3780.0
3094.0,0.49999999999999994,0.0,0,20,3780.0
3095.0,0.49999999999999994,0.0,0,20,3780.0
3096.0,0.49999999999999994,0.0,0,20,3780.0
3097.0,0.49999999999999994,0.0,0,20,3780.0
3098.0,0.49999999999999994,0.0,0,20,3780.0
3099.0,0.49999999999999994,0.0,0,20,3780.0
3100.0,0.49999999999999994,0.0,0,20,3780.0
3101.0,0.49999999999999994,0.0,0,20,3780.0
3102.0,0.49999999999999994,0.0,0,20,3780.0
3103.0,0.49999999999999994,0.0,0,20,3780.0
3104.0,0.49999999999999994,0.0,0,20,3780.0
3105.0,0.49999999999999994,0.0,0,20,3780.0
3106.0,0.49999999999999994,0.0,0,20,3780.0
3107.0,0.49999999999999994,0.0,0,20,3780.0
3108.0,0.49999999999999994,0.0,0,20,3780.0
3109.0,0.49999999999999994,0.0,0,20,3780.0
3110.0,0.49999999999999994,0.0,0,20,3780.0
3111.0,0.49999999999999994,0.0,0,20,3780.0
3112.0,0.49999999999999994,0.0,0,20,3780.0
3113.0,0.49999999999999994,0.0,0,20,3780.0
3114.0,0.49999999999999994,0.0,0,20,3780.0
3115.0,0.49999999999999994,0.0,0,20,3780.0
3116.0,0.49999999999999994,0.0,0,20,3780.0
3117.0,0.49999999999999994,0.0,0,20,3780.0
3118.0,0.49999999999999994,0.0,0,20,3780.0
3119.0,0.49999999999999994,0.0,0,20,3780.0
3120.0,0.49999999999999994,0.0,0,20,3780.0
3121.0,0.49999999999999994,0.0,0,20,3780.0
3122.0,0.49999999999999994,0.0,0,20,3780.0
3123.0,0.49999999999999994,0.0,0,20,3780.0
3124.0,0.49999999999999994,0.0,0,20,3780.0
3125.0,0.49999999999999994,0.0,0,20,3780.0
3126.0,0.49999999999999994,0.0,0,20,3780.0
3127.0,0.49999999999999994,0.0,0,20,3780.0
3128.0,0.49999999999999994,0.0,0,20,3780.0
3129.0,0.49999999999999994,0.0,0,20,3780.0
3130.0,0.49999999999999994,0.0,0,20,3780.0
3131.0,0.49999999999999994,0.0,0,20,3780.0
3132.0,0.49999999999999994,0.0,0,20,3780.0
3133.0,0.49999999999999994,0.0,0,20,3780.0
3134.0,0.49999999999999994,0.0,0,20,3780.0
3135.0,0.49999999999999994,0.0,0,20,3780.0
3136.0,0.49999999999999994,0.0,0,20,3780.0
3137.0,0.49999999999999994,0.0,0,20,3780.0
3138.0,0.49999999999999994,0.0,0,20,3780.0
3139.0,0.49999999999999994,0.0,0,20,3780.0
3140.0,0.49999999999999994,0.0,0,20,3780.0
3141.0,0.49999999999999994,0.0,0,20,3780.0
3142.0,0.49999999999999994,0.0,0,20,3780.0
3143.0,0.49999999999999994,0.0,0,20,3780.0
3144.0,0.49999999999999994,0.0,0,20,3780.0
3145.0,0.49999999999999994,0.0,0,20,3780.0
3146.0,0.49999999999999994,0.0,0,20,3780.0
3147.0,0.49999999999999994,0.0,0,20,3780.0
3148.0,0.49999999999999994,0.0,0,20,3780.0
3149.0,0.49999999999999994,0.0,0,20,3780.0
3150.0,0.49999999999999994,0.0,0,20,3780.0
3151.0,0.49999999999999994,0.0,0,20,3780.0
3152.0,0.49999999999999994,0.0,0,20,3780.0
3153.0,0.49999999999999994,0.0,0,20,3780.0
3154.0,0.49999999999999994,0.0,0,20,3780.0
3155.0,0.49999999999999994,0.0,0,20,3780.0
3156.0,0.49999999999999994,0.0,0,20,3780.0
3157.0,0.49999999999999994,0.0,0,20,3780.0
3158.0,0.49999999999999994,0.0,0,20,3780.0
3159.0,0.49999999999999994,0.0,0,20,3780.0
3160.0,0.49999999999999994,0.0,0,20,3780.0
3161.0,0.49999999999999994,0.0,0,20,3780.0
3162.0,0.49999999999999994,0.0,0,20,3780.0
3163.0,0.49999999999999994,0.0,0,20,3780.0
3164.0,0.49999999999999994,0.0,0,20,3780.0
3165.0,0.49999999999999994,0.0,0,20,3780.0
3166.0,0.49999999999999994,0.0,0,20,3780.0
3167.0,0.49999999999999994,0.0,0,20,3780.0
3168.0,0.49999999999999994,0.0,0,20,3780.0
3169.0,0.49999999999999994,0.0,0,20,3780.0
3170.0,0.49999999999999994,0.0,0,20,3780.0
3171.0,0.49999999999999994,0.0,0,20,3780.0
3172.0,0.49999999999999994,0.0,0,20,3780.0
3173.0,0.49999999999999994,0.0,0,20,3780.0
3174.0,0.49999999999999994,0.0,0,20,3780.0
3175.0,0.49999999999999994,0.0,0,20,3780.0
3176.0,0.49999999999999994,0.0,0,20,3780.0
3177.0,0.49999999999999994,0.0,0,20,3780.0
3178.0,0.49999999999999994,0.0,0,20,3780.0
3179.0,0.49999999999999994,0.0,0,20,3780.0
3180.0,0.49999999999999994,0.0,0,20,3780.0
3181.0,0.49999999999999994,0.0,0,20,3780.0
3182.0,0.49999999999999994,0.0,0,20,3780.0
3183.0,0.49999999999999994,0.0,0,20,3780.0
3184.0,0.49999999999999994,0.0,0,20,3780.0
3185.0,0.49999999999999994,0.0,0,20,3780.0
3186.0,0.49999999999999994,0.0,0,20,3780.0
3187.0,0.49999999999999994,0.0,0,20,3780.0
3188.0,0.49999999999999994,0.0,0,20,3780.0
3189.0,0.49999999999999994,0.0,0,20,3780.0
3190.0,0.49999999999999994,0.0,0,20,3780.0
3191.0,0.49999999999999994,0.0,0,20,3780.0
3192.0,0.49999999999999994,0.0,0,20,3780.0
3193.0,0.49999999999999994,0.0,0,20,3780.0
3194.0,0.49999999999999994,0.0,0,20,3780.0
3195.0,0.49999999999999994,0.0,0,20,3780.0
3196.0,0.49999999999999994,0.0,0,20,3780.0
3197.0,0.49999999999999994,0.0,0,20,3780.0
3198.0,0.49999999999999994,0.0,0,20,3780.0
3199.0,0.49999999999999994,0.0,0,20,3780.0
3200.0,0.49999999999999994,0.0,0,20,3780.0
3201.0,0.49999999999999994,0.0,0,20,3780.0
3202.0,0.49999999999999994,0.0,0,20,3780.0
3203.0,0.49999999999999994,0.0,0,20,3780.0
3204.0,0.49999999999999994,0.0,0,20,3780.0
3205.0,0.49999999999999994,0.0,0,20,3780.0
3206.0,0.49999999999999994,0.0,0,20,3780.0
3207.0,0.49999999999999994,0.0,0,20,3780.0
3208.0,0.49999999999999994,0.0,0,20,3780.0
3209.0,0.49999999999999994,0.0,0,20,3780.0
3210.0,0.49999999999999994,0.0,0,20,3780.0
3211.0,0.49999999999999994,0.0,0,20,3780.0
3212.0,0.49999999999999994,0.0,0,20,3780.0
3213.0,0.49999999999999994,0.0,0,20,3780.0
3214.0,0.49999999999999994,0.0,0,20,3780.0
3215.0,0.49999999999999994,0.0,0,20,3780.0
3216.0,0.49999999999999994,0.0,0,20,3780.0
3217.0,0.49999999999999994,0.0,0,20,3780.0
3218.0,0.49999999999999994,0.0,0,20,3780.0
3219.0,0.49999999999999994,0.0,0,20,3780.0
3220.0,0.49999999999999994,0.0,0,20,3780.0
3221.0,0.49999999999999994,0.0,0,20,3780.0
3222.0,0.49999999999999994,0.0,0,20,3780.0
3223.0,0.49999999999999994,0.0,0,20,3780.0
3224.0,0.49999999999999994,0.0,0,20,3780.0
3225.0,0.49999999999999994,0.0,0,20,3780.0
3226.0,0.49999999999999994,0.0,0,20,3780.0
3227.0,0.49999999999999994,0.0,0,20,3780.0
3228.0,0.49999999999999994,0.0,0,20,3780.0
3229.0,0.49999999999999994,0.0,0,20,3780.0
3230.0,0.49999999999999994,0.0,0,20,3780.0
3231.0,0.49999999999999994,0.0,0,20,3780.0
3232.0,0.49999999999999994,0.0,0,20,3780.0
3233.0,0.49999999999999994,0.0,0,20,3780.0
3234.0,0.49999999999999994,0.0,0,20,3780.0
3235.0,0.49999999999999994,0.0,0,20,3780.0
3236.0,0.49999999999999994,0.0,0,20,3780.0
3237.0,0.49999999999999994,0.0,0,20,3780.0
3238.0,0.49999999999999994,0.0,0,20,3780.0
3239.0,0.49999999999999994,0.0,0,20,3780.0
3240.0,0.49999999999999994,0.0,0,20,3780.0
3241.0,0.49999999999999994,0.0,0,20,3780.0
3242.0,0.49999999999999994,0.0,0,20,3780.0
3243.0,0.49999999999999994,0.0,0,20,3780.0
3244.0,0.49999999999999994,0.0,0,20,3780.0
3245.0,0.49999999999999994,0.0,0,20,3780.0
3246.0,0.49999999999999994,0.0,0,20,3780.0
3247.0,0.49999999999999994,0.0,0,20,3780.0
3248.0,0.49999999999999994,0.0,0,20,3780.0
3249.0,0.49999999999999994,0.0,0,20,3780.0
3250.0,0.49999999999999994,0.0,0,20,3780.0
3251.0,0.49999999999999994,0.0,0,20,3780.0
3252.0,0.49999999999999994,0.0,0,20,3780.0
3253.0,0.49999999999999994,0.0,0,20,3780.0
3254.0,0.49999999999999994,0.0,0,20,3780.0
3255.0,0.49999999999999994,0.0,0,20,3780.0
3256.0,0.49999999999999994,0.0,0,20,3780.0
3257.0,0.49999999999999994,0.0,0,20,3780.0
3258.0,0.49999999999999994,0.0,0,20,3780.0
3259.0,0.49999999999999994,0.0,0,20,3780.0
3260.0,0.49999999999999994,0.0,0,20,3780.0
3261.0,0.49999999999999994,0.0,0,20,3780.0
3262.0,0.49999999999999994,0.0,0,20,3780.0
3263.0,0.49999999999999994,0.0,0,20,3780.0
3264.0,0.49999999999999994,0.0,0,20,3780.0
3265.0,0.49999999999999994,0.0,0,20,3780.0
3266.0,0.49999999999999994,0.0,0,20,3780.0
3267.0,0.49999999999999994,0.0,0,20,3780.0
3268.0,0.49999999999999994,0.0,0,20,3780.0
3269.0,0.49999999999999994,0.0,0,20,3780.0
3270.0,0.49999999999999994,0.0,0,20,3780.0
3271.0,0.49999999999999994,0.0,0,20,3780.0
3272.0,0.49999999999999994,0.0,0,20,3780.0
3273.0,0.49999999999999994,0.0,0,20,3780.0
3274.0,0.49999999999999994,0.0,0,20,3780.0
3275.0,0.49999999999999994,0.0,0,20,3780.0
3276.0,0.49999999999999994,0.0,0,20,3780.0
3277.0,0.49999999999999994,0.0,0,20,3780.0
3278.0,0.49999999999999994,0.0,0,20,3780.0
3279.0,0.49999999999999994,0.0,0,20,3780.0
3280.0,0.49999999999999994,0.0,0,20,3780.0
3281.0,0.49999999999999994,0.0,0,20,3780.0
3282.0,0.49999999999999994,0.0,0,20,3780.0
3283.0,0.49999999999999994,0.0,0,20,3780.0
3284.0,0.49999999999999994,0.0,0,20,3780.0
3285.0,0.49999999999999994,0.0,0,20,3780.0
3286.0,0.49999999999999994,0.0,0,20,3780.0
3287.0,0.49999999999999994,0.0,0,20,3780.0
3288.0,0.49999999999999994,0.0,0,20,3780.0
3289.0,0.49999999999999994,0.0,0,20,3780.0
3290.0,0.49999999999999994,0.0,0,20,3780.0
3291.0,0.49999999999999994,0.0,0,20,3780.0
3292.0,0.49999999999999994,0.0,0,20,3780.0
3293.0,0.49999999999999994,0.0,0,20,3780.0
3294.0,0.49999999999999994,0.0,0,20,3780.0
3295.0,0.49999999999999994,0.0,0,20,3780.0
3296.0,0.49999999999999994,0.0,0,20,3780.0
3297.0,0.49999999999999994,0.0,0,20,3780.0
3298.0,0.49999999999999994,0.0,0,20,3780.0
3299.0,0.49999999999999994,0.0,0,20,3780.0
3300.0,0.49999999999999994,0.0,0,20,3780.0
3301.0,0.49999999999999994,0.0,0,20,3780.0
3302.0,0.49999999999999994,0.0,0,20,3780.0
3303.0,0.49999999999999994,0.0,0,20,3780.0
3304.0,0.49999999999999994,0.0,0,20,3780.0
3305.0,0.49999999999999994,0.0,0,20,3780.0
3306.0,0.49999999999999994,0.0,0,20,3780.0
3307.0,0.49999999999999994,0.0,0,20,3780.0
3308.0,0.49999999999999994,0.0,0,20,3780.0
3309.0,0.49999999999999994,0.0,0,20,3780.0
3310.0,0.49999999999999994,0.0,0,20,3780.0
3311.0,0.49999999999999994,0.0,0,20,3780.0
3312.0,0.49999999999999994,0.0,0,20,3780.0
3313.0,0.49999999999999994,0.0,0,20,3780.0
3314.0,0.49999999999999994,0.0,0,20,3780.0
3315.0,0.49999999999999994,0.0,0,20,3780.0
3316.0,0.49999999999999994,0.0,0,20,3780.0
3317.0,0.49999999999999994,0.0,0,20,3780.0
3318.0,0.49999999999999994,0.0,0,20,3780.0
3319.0,0.49999999999999994,0.0,0,20,3780.0
3320.0,0.49999999999999994,0.0,0,20,3780.0
3321.0,0.49999999999999994,0.0,0,20,3780.0
3322.0,0.49999999999999994,0.0,0,20,3780.0
3323.0,0.49999999999999994,0.0,0,20,3780.0
3324.0,0.49999999999999994,0.0,0,20,3780.0
3325.0,0.49999999999999994,0.0,0,20,3780.0
3326.0,0.49999999999999994,0.0,0,20,3780.0
3327.0,0.49999999999999994,0.0,0,20,3780.0
3328.0,0.49999999999999994,0.0,0,20,3780.0
3329.0,0.49999999999999994,0.0,0,20,3780.0
3330.0,0.49999999999999994,0.0,0,20,3780.0
3331.0,0.49999999999999994,0.0,0,20,3780.0
3332.0,0.49999999999999994,0.0,0,20,3780.0
3333.0,0.49999999999999994,0.0,0,20,3780.0
3334.0,0.49999999999999994,0.0,0,20,3780.0
3335.0,0.49999999999999994,0.0,0,20,3780.0
3336.0,0.49999999999999994,0.0,0,20,3780.0
3337.0,0.49999999999999994,0.0,0,20,3780.0
3338.0,0.49999999999999994,0.0,0,20,3780.0
3339.0,0.49999999999999994,0.0,0,20,3780.0
3340.0,0.49999999999999994,0.0,0,20,3780.0
3341.0,0.49999999999999994,0.0,0,20,3780.0
3342.0,0.49999999999999994,0.0,0,20,3780.0
3343.0,0.49999999999999994,0.0,0,20,3780.0
3344.0,0.49999999999999994,0.0,0,20,3780.0
3345.0,0.49999999999999994,0.0,0,20,3780.0
3346.0,0.49999999999999994,0.0,0,20,3780.0
3347.0,0.49999999999999994,0.0,0,20,3780.0
3348.0,0.49999999999999994,0.0,0,20,3780.0
3349.0,0.49999999999999994,0.0,0,20,3780.0
3350.0,0.49999999999999994,0.0,0,20,3780.0
3351.0,0.49999999999999994,0.0,0,20,3780.0
3352.0,0.49999999999999994,0.0,0,20,3780.0
3353.0,0.49999999999999994,0.0,0,20,3780.0
3354.0,0.49999999999999994,0.0,0,20,3780.0
3355.0,0.49999999999999994,0.0,0,20,3780.0
3356.0,0.49999999999999994,0.0,0,20,3780.0
3357.0,0.49999999999999994,0.0,0,20,3780.0
3358.0,0.49999999999999994,0.0,0,20,3780.0
3359.0,0.49999999999999994,0.0,0,20,3780.0
3360.0,0.49999999999999994,0.0,0,20,3780.0
3361.0,0.49999999999999994,0.0,0,20,3780.0
3362.0,0.49999999999999994,0.0,0,20,3780.0
3363.0,0.49999999999999994,0.0,0,20,3780.0
3364.0,0.49999999999999994,0.0,0,20,3780.0
3365.0,0.49999999999999994,0.0,0,20,3780.0
3366.0,0.49999999999999994,0.0,0,20,3780.0
3367.0,0.49999999999999994,0.0,0,20,3780.0
3368.0,0.49999999999999994,0.0,0,20,3780.0
3369.0,0.49999999999999994,0.0,0,20,3780.0
3370.0,0.49999999999999994,0.0,0,20,3780.0
3371.0,0.49999999999999994,0.0,0,20,3780.0
3372.0,0.49999999999999994,0.0,0,20,3780.0
3373.0,0.49999999999999994,0.0,0,20,3780.0
3374.0,0.49999999999999994,0.0,0,20,3780.0
3375.0,0.49999999999999994,0.0,0,20,3780.0
3376.0,0.49999999999999994,0.0,0,20,3780.0
3377.0,0.49999999999999994,0.0,0,20,3780.0
3378.0,0.49999999999999994,0.0,0,20,3780.0
3379.0,0.49999999999999994,0.0,0,20,3780.0
3380.0,0.49999999999999994,0.0,0,20,3780.0
3381.0,0.49999999999999994,0.0,0,20,3780.0
3382.0,0.49999999999999994,0.0,0,20,3780.0
3383.0,0.49999999999999994,0.0,0,20,3780.0
3384.0,0.49999999999999994,0.0,0,20,3780.0
3385.0,0.49999999999999994,0.0,0,20,3780.0
3386.0,0.49999999999999994,0.0,0,20,3780.0
3387.0,0.49999999999999994,0.0,0,20,3780.0
3388.0,0.49999999999999994,0.0,0,20,3780.0
3389.0,0.49999999999999994,0.0,0,20,3780.0
3390.0,0.49999999999999994,0.0,0,20,3780.0
3391.0,0.49999999999999994,0.0,0,20,3780.0
3392.0,0.49999999999999994,0.0,0,20,3780.0
3393.0,0.49999999999999994,0.0,0,20,3780.0
3394.0,0.49999999999999994,0.0,0,20,3780.0
3395.0,0.49999999999999994,0.0,0,20,3780.0
3396.0,0.49999999999999994,0.0,0,20,3780.0
3397.0,0.49999999999999994,0.0,0,20,3780.0
3398.0,0.49999999999999994,0.0,0,20,3780.0
3399.0,0.49999999999999994,0.0,0,20,3780.0
3400.0,0.49999999999999994,0.0,0,20,3780.0
3401.0,0.49999999999999994,0.0,0,20,3780.0
3402.0,0.49999999999999994,0.0,0,20,3780.0
3403.0,0.49999999999999994,0.0,0,20,3780.0
3404.0,0.49999999999999994,0.0,0,20,3780.0
3405.0,0.49999999999999994,0.0,0,20,3780.0
3406.0,0.49999999999999994,0.0,0,20,3780.0
3407.0,0.49999999999999994,0.0,0,20,3780.0
3408.0,0.49999999999999994,0.0,0,20,3780.0
3409.0,0.49999999999999994,0.0,0,20,3780.0
3410.0,0.49999999999999994,0.0,0,20,3780.0
3411.0,0.49999999999999994,0.0,0,20,3780.0
3412.0,0.49999999999999994,0.0,0,20,3780.0
3413.0,0.49999999999999994,0.0,0,20,3780.0
3414.0,0.49999999999999994,0.0,0,20,3780.0
3415.0,0.49999999999999994,0.0,0,20,3780.0
3416.0,0.49999999999999994,0.0,0,20,3780.0
3417.0,0.49999999999999994,0.0,0,20,3780.0
3418.0,0.49999999999999994,0.0,0,20,3780.0
3419.0,0.49999999999999994,0.0,0,20,3780.0
3420.0,0.49999999999999994,0.0,0,20,3780.0
3421.0,0.49999999999999994,0.0,0,20,3780.0
3422.0,0.49999999999999994,0.0,0,20,3780.0
3423.0,0.49999999999999994,0.0,0,20,3780.0
3424.0,0.49999999999999994,0.0,0,20,3780.0
3425.0,0.49999999999999994,0.0,0,20,3780.0
3426.0,0.49999999999999994,0.0,0,20,3780.0
3427.0,0.49999999999999994,0.0,0,20,3780.0
3428.0,0.49999999999999994,0.0,0,20,3780.0
3429.0,0.49999999999999994,0.0,0,20,3780.0
3430.0,0.49999999999999994,0.0,0,20,3780.0
3431.0,0.49999999999999994,0.0,0,20,3780.0
3432.0,0.49999999999999994,0.0,0,20,3780.0
3433.0,0.49999999999999994,0.0,0,20,3780.0
3434.0,0.49999999999999994,0.0,0,20,3780.0
3435.0,0.49999999999999994,0.0,0,20,3780.0
3436.0,0.49999999999999994,0.0,0,20,3780.0
3437.0,0.49999999999999994,0.0,0,20,3780.0
3438.0,0.49999999999999994,0.0,0,20,3780.0
3439.0,0.49999999999999994,0.0,0,20,3780.0
3440.0,0.49999999999999994,0.0,0,20,3780.0
3441.0,0.49999999999999994,0.0,0,20,3780.0
3442.0,0.49999999999999994,0.0,0,20,3780.0
3443.0,0.49999999999999994,0.0,0,20,3780.0
3444.0,0.49999999999999994,0.0,0,20,3780.0
3445.0,0.49999999999999994,0.0,0,20,3780.0
3446.0,0.49999999999999994,0.0,0,20,3780.0
3447.0,0.49999999999999994,0.0,0,20,3780.0
3448.0,0.49999999999999994,0.0,0,20,3780.0
3449.0,0.49999999999999994,0.0,0,20,3780.0
3450.0,0.49999999999999994,0.0,0,20,3780.0
3451.0,0.49999999999999994,0.0,0,20,3780.0
3452.0,0.49999999999999994,0.0,0,20,3780.0
3453.0,0.49999999999999994,0.0,0,20,3780.0
3454.0,0.49999999999999994,0.0,0,20,3780.0
3455.0,0.49999999999999994,0.0,0,20,3780.0
3456.0,0.49999999999999994,0.0,0,20,3780.0
3457.0,0.49999999999999994,0.0,0,20,3780.0
3458.0,0.49999999999999994,0.0,0,20,3780.0
3459.0,0.49999999999999994,0.0,0,20,3780.0
3460.0,0.49999999999999994,0.0,0,20,3780.0
3461.0,0.49999999999999994,0.0,0,20,3780.0
3462.0,0.49999999999999994,0.0,0,20,3780.0
3463.0,0.49999999999999994,0.0,0,20,3780.0
3464.0,0.49999999999999994,0.0,0,20,3780.0
3465.0,0.49999999999999994,0.0,0,20,3780.0
3466.0,0.49999999999999994,0.0,0,20,3780.0
3467.0,0.49999999999999994,0.0,0,20,3780.0
3468.0,0.49999999999999994,0.0,0,20,3780.0
3469.0,0.49999999999999994,0.0,0,20,3780.0
3470.0,0.49999999999999994,0.0,0,20,3780.0
3471.0,0.49999999999999994,0.0,0,20,3780.0
3472.0,0.49999999999999994,0.0,0,20,3780.0
3473.0,0.49999999999999994,0.0,0,20,3780.0
3474.0,0.49999999999999994,0.0,0,20,3780.0
3475.0,0.49999999999999994,0.0,0,20,3780.0
3476.0,0.49999999999999994,0.0,0,20,3780.0
3477.0,0.49999999999999994,0.0,0,20,3780.0
3478.0,0.49999999999999994,0.0,0,20,3780.0
3479.0,0.49999999999999994,0.0,0,20,3780.0
3480.0,0.49999999999999994,0.0,0,20,3780.0
3481.0,0.49999999999999994,0.0,0,20,3780.0
3482.0,0.49999999999999994,0.0,0,20,3780.0
3483.0,0.49999999999999994,0.0,0,20,3780.0
3484.0,0.49999999999999994,0.0,0,20,3780.0
3485.0,0.49999999999999994,0.0,0,20,3780.0
3486.0,0.49999999999999994,0.0,0,20,3780.0
3487.0,0.49999999999999994,0.0,0,20,3780.0
3488.0,0.49999999999999994,0.0,0,20,3780.0
3489.0,0.49999999999999994,0.0,0,20,3780.0
3490.0,0.49999999999999994,0.0,0,20,3780.0
3491.0,0.49999999999999994,0.0,0,20,3780.0
3492.0,0.49999999999999994,0.0,0,20,3780.0
3493.0,0.49999999999999994,0.0,0,20,3780.0
3494.0,0.49999999999999994,0.0,0,20,3780.0
3495.0,0.49999999999999994,0.0,0,20,3780.0
3496.0,0.49999999999999994,0.0,0,20,3780.0
3497.0,0.49999999999999994,0.0,0,20,3780.0
3498.0,0.49999999999999994,0.0,0,20,3780.0
3499.0,0.49999999999999994,0.0,0,20,3780.0
3500.0,0.49999999999999994,0.0,0,20,3780.0
3501.0,0.49999999999999994,0.0,0,20,3780.0
3502.0,0.49999999999999994,0.0,0,20,3780.0
3503.0,0.49999999999999994,0.0,0,20,3780.0
3504.0,0.49999999999999994,0.0,0,20,3780.0
3505.0,0.49999999999999994,0.0,0,20,3780.0
3506.0,0.49999999999999994,0.0,0,20,3780.0
3507.0,0.49999999999999994,0.0,0,20,3780.0
3508.0,0.49999999999999994,0.0,0,20,3780.0
3509.0,0.49999999999999994,0.0,0,20,3780.0
3510.0,0.49999999999999994,0.0,0,20,3780.0
3511.0,0.49999999999999994,0.0,0,20,3780.0
3512.0,0.49999999999999994,0.0,0,20,3780.0
3513.0,0.49999999999999994,0.0,0,20,3780.0
3514.0,0.49999999999999994,0.0,0,20,3780.0
3515.0,0.49999999999999994,0.0,0,20,3780.0
3516.0,0.49999999999999994,0.0,0,20,3780.0
3517.0,0.49999999999999994,0.0,0,20,3780.0
3518.0,0.49999999999999994,0.0,0,20,3780.0
3519.0,0.49999999999999994,0.0,0,20,3780.0
3520.0,0.49999999999999994,0.0,0,20,3780.0
3521.0,0.49999999999999994,0.0,0,20,3780.0
3522.0,0.49999999999999994,0.0,0,20,3780.0
3523.0,0.49999999999999994,0.0,0,20,3780.0
3524.0,0.49999999999999994,0.0,0,20,3780.0
3525.0,0.49999999999999994,0.0,0,20,3780.0
3526.0,0.49999999999999994,0.0,0,20,3780.0
3527.0,0.49999999999999994,0.0,0,20,3780.0
3528.0,0.49999999999999994,0.0,0,20,3780.0
3529.0,0.49999999999999994,0.0,0,20,3780.0
3530.0,0.49999999999999994,0.0,0,20,3780.0
3531.0,0.49999999999999994,0.0,0,20,3780.0
3532.0,0.49999999999999994,0.0,0,20,3780.0
3533.0,0.49999999999999994,0.0,0,20,3780.0
3534.0,0.49999999999999994,0.0,0,20,3780.0
3535.0,0.49999999999999994,0.0,0,20,3780.0
3536.0,0.49999999999999994,0.0,0,20,3780.0
3537.0,0.49999999999999994,0.0,0,20,3780.0
3538.0,0.49999999999999994,0.0,0,20,3780.0
3539.0,0.49999999999999994,0.0,0,20,3780.0
3540.0,0.49999999999999994,0.0,0,20,3780.0
3541.0,0.49999999999999994,0.0,0,20,3780.0
3542.0,0.49999999999999994,0.0,0,20,3780.0
3543.0,0.49999999999999994,0.0,0,20,3780.0
3544.0,0.49999999999999994,0.0,0,20,3780.0
3545.0,0.49999999999999994,0.0,0,20,3780.0
3546.0,0.49999999999999994,0.0,0,20,3780.0
3547.0,0.49999999999999994,0.0,0,20,3780.0
3548.0,0.49999999999999994,0.0,0,20,3780.0
3549.0,0.49999999999999994,0.0,0,20,3780.0
3550.0,0.49999999999999994,0.0,0,20,3780.0
3551.0,0.49999999999999994,0.0,0,20,3780.0
3552.0,0.49999999999999994,0.0,0,20,3780.0
3553.0,0.49999999999999994,0.0,0,20,3780.0
3554.0,0.49999999999999994,0.0,0,20,3780.0
3555.0,0.49999999999999994,0.0,0,20,3780.0
3556.0,0.49999999999999994,0.0,0,20,3780.0
3557.0,0.49999999999999994,0.0,0,20,3780.0
3558.0,0.49999999999999994,0.0,0,20,3780.0
3559.0,0.49999999999999994,0.0,0,20,3780.0
3560.0,0.49999999999999994,0.0,0,20,3780.0
3561.0,0.49999999999999994,0.0,0,20,3780.0
3562.0,0.49999999999999994,0.0,0,20,3780.0
3563.0,0.49999999999999994,0.0,0,20,3780.0
3564.0,0.49999999999999994,0.0,0,20,3780.0
3565.0,0.49999999999999994,0.0,0,20,3780.0
3566.0,0.49999999999999994,0.0,0,20,3780.0
3567.0,0.49999999999999994,0.0,0,20,3780.0
3568.0,0.49999999999999994,0.0,0,20,3780.0
3569.0,0.49999999999999994,0.0,0,20,3780.0
3570.0,0.49999999999999994,0.0,0,20,3780.0
3571.0,0.49999999999999994,0.0,0,20,3780.0
3572.0,0.49999999999999994,0.0,0,20,3780.0
3573.0,0.49999999999999994,0.0,0,20,3780.0
3574.0,0.49999999999999994,0.0,0,20,3780.0
3575.0,0.49999999999999994,0.0,0,20,3780.0
3576.0,0.49999999999999994,0.0,0,20,3780.0
3577.0,0.49999999999999994,0.0,0,20,3780.0
3578.0,0.49999999999999994,0.0,0,20,3780.0
3579.0,0.49999999999999994,0.0,0,20,3780.0
3580.0,0.49999999999999994,0.0,0,20,3780.0
3581.0,0.49999999999999994,0.0,0,20,3780.0
3582.0,0.49999999999999994,0.0,0,20,3780.0
3583.0,0.49999999999999994,0.0,0,20,3780.0
3584.0,0.49999999999999994,0.0,0,20,3780.0
3585.0,0.49999999999999994,0.0,0,20,3780.0
3586.0,0.49999999999999994,0.0,0,20,3780.0
3587.0,0.49999999999999994,0.0,0,20,3780.0
3588.0,0.49999999999999994,0.0,0,20,3780.0
3589.0,0.49999999999999994,0.0,0,20,3780.0
3590.0,0.49999999999999994,0.0,0,20,3780.0
3591.0,0.49999999999999994,0.0,0,20,3780.0
3592.0,0.49999999999999994,0.0,0,20,3780.0
3593.0,0.49999999999999994,0.0,0,20,3780.0
3594.0,0.49999999999999994,0.0,0,20,3780.0
3595.0,0.49999999999999994,0.0,0,20,3780.0
3596.0,0.49999999999999994,0.0,0,20,3780.0
3597.0,0.49999999999999994,0.0,0,20,3780.0
3598.0,0.49999999999999994,0.0,0,20,3780.0
3599.0,0.49999999999999994,0.0,0,20,3780.0
3600.0,0.49999999999999994,0.0,0,20,3780.0
3601.0,0.49999999999999994,0.0,0,20,3780.0
3602.0,0.49999999999999994,0.0,0,20,3780.0
3603.0,0.49999999999999994,0.0,0,20,3780.0
3604.0,0.49999999999999994,0.0,0,20,3780.0
3605.0,0.49999999999999994,0.0,0,20,3780.0
3606.0,0.49999999999999994,0.0,0,20,3780.0
3607.0,0.49999999999999994,0.0,0,20,3780.0
3608.0,0.49999999999999994,0.0,0,20,3780.0
3609.0,0.49999999999999994,0.0,0,20,3780.0
3610.0,0.49999999999999994,0.0,0,20,3780.0
3611.0,0.49999999999999994,0.0,0,20,3780.0
3612.0,0.49999999999999994,0.0,0,20,3780.0
3613.0,0.49999999999999994,0.0,0,20,3780.0
3614.0,0.49999999999999994,0.0,0,20,3780.0
3615.0,0.49999999999999994,0.0,0,20,3780.0
3616.0,0.49999999999999994,0.0,0,20,3780.0
3617.0,0.49999999999999994,0.0,0,20,3780.0
3618.0,0.49999999999999994,0.0,0,20,3780.0
3619.0,0.49999999999999994,0.0,0,20,3780.0
3620.0,0.49999999999999994,0.0,0,20,3780.0
3621.0,0.49999999999999994,0.0,0,20,3780.0
3622.0,0.49999999999999994,0.0,0,20,3780.0
3623.0,0.49999999999999994,0.0,0,20,3780.0
3624.0,0.49999999999999994,0.0,0,20,3780.0
3625.0,0.49999999999999994,0.0,0,20,3780.0
3626.0,0.49999999999999994,0.0,0,20,3780.0
3627.0,0.49999999999999994,0.0,0,20,3780.0
3628.0,0.49999999999999994,0.0,0,20,3780.0
3629.0,0.49999999999999994,0.0,0,20,3780.0
3630.0,0.49999999999999994,0.0,0,20,3780.0
3631.0,0.49999999999999994,0.0,0,20,3780.0
3632.0,0.49999999999999994,0.0,0,20,3780.0
3633.0,0.49999999999999994,0.0,0,20,3780.0
3634.0,0.49999999999999994,0.0,0,20,3780.0
3635.0,0.49999999999999994,0.0,0,20,3780.0
3636.0,0.49999999999999994,0.0,0,20,3780.0
3637.0,0.49999999999999994,0.0,0,20,3780.0
3638.0,0.49999999999999994,0.0,0,20,3780.0
3639.0,0.49999999999999994,0.0,0,20,3780.0
3640.0,0.49999999999999994,0.0,0,20,3780.0
3641.0,0.49999999999999994,0.0,0,20,3780.0
3642.0,0.49999999999999994,0.0,0,20,3780.0
3643.0,0.49999999999999994,0.0,0,20,3780.0
3644.0,0.49999999999999994,0.0,0,20,3780.0
3645.0,0.49999999999999994,0.0,0,20,3780.0
3646.0,0.49999999999999994,0.0,0,20,3780.0
3647.0,0.49999999999999994,0.0,0,20,3780.0
3648.0,0.49999999999999994,0.0,0,20,3780.0
3649.0,0.49999999999999994,0.0,0,20,3780.0
3650.0,0.49999999999999994,0.0,0,20,3780.0
3651.0,0.49999999999999994,0.0,0,20,3780.0
3652.0,0.49999999999999994,0.0,0,20,3780.0
3653.0,0.49999999999999994,0.0,0,20,3780.0
3654.0,0.49999999999999994,0.0,0,20,3780.0
3655.0,0.49999999999999994,0.0,0,20,3780.0
3656.0,0.49999999999999994,0.0,0,20,3780.0
3657.0,0.49999999999999994,0.0,0,20,3780.0
3658.0,0.49999999999999994,0.0,0,20,3780.0
3659.0,0.49999999999999994,0.0,0,20,3780.0
3660.0,0.49999999999999994,0.0,0,20,3780.0
3661.0,0.49999999999999994,0.0,0,20,3780.0
3662.0,0.49999999999999994,0.0,0,20,3780.0
3663.0,0.49999999999999994,0.0,0,20,3780.0
3664.0,0.49999999999999994,0.0,0,20,3780.0
3665.0,0.49999999999999994,0.0,0,20,3780.0
3666.0,0.49999999999999994,0.0,0,20,3780.0
3667.0,0.49999999999999994,0.0,0,20,3780.0
3668.0,0.49999999999999994,0.0,0,20,3780.0
3669.0,0.49999999999999994,0.0,0,20,3780.0
3670.0,0.49999999999999994,0.0,0,20,3780.0
3671.0,0.49999999999999994,0.0,0,20,3780.0
3672.0,0.49999999999999994,0.0,0,20,3780.0
3673.0,0.49999999999999994,0.0,0,20,3780.0
3674.0,0.49999999999999994,0.0,0,20,3780.0
3675.0,0.49999999999999994,0.0,0,20,3780.0
3676.0,0.49999999999999994,0.0,0,20,3780.0
3677.0,0.49999999999999994,0.0,0,20,3780.0
3678.0,0.49999999999999994,0.0,0,20,3780.0
3679.0,0.49999999999999994,0.0,0,20,3780.0
3680.0,0.49999999999999994,0.0,0,20,3780.0
3681.0,0.49999999999999994,0.0,0,20,3780.0
3682.0,0.49999999999999994,0.0,0,20,3780.0
3683.0,0.49999999999999994,0.0,0,20,3780.0
3684.0,0.49999999999999994,0.0,0,20,3780.0
3685.0,0.49999999999999994,0.0,0,20,3780.0
3686.0,0.49999999999999994,0.0,0,20,3780.0
3687.0,0.49999999999999994,0.0,0,20,3780.0
3688.0,0.49999999999999994,0.0,0,20,3780.0
3689.0,0.49999999999999994,0.0,0,20,3780.0
3690.0,0.49999999999999994,0.0,0,20,3780.0
3691.0,0.49999999999999994,0.0,0,20,3780.0
3692.0,0.49999999999999994,0.0,0,20,3780.0
3693.0,0.49999999999999994,0.0,0,20,3780.0
3694.0,0.49999999999999994,0.0,0,20,3780.0
3695.0,0.49999999999999994,0.0,0,20,3780.0
3696.0,0.49999999999999994,0.0,0,20,3780.0
3697.0,0.49999999999999994,0.0,0,20,3780.0
3698.0,0.49999999999999994,0.0,0,20,3780.0
3699.0,0.49999999999999994,0.0,0,20,3780.0
3700.0,0.49999999999999994,0.0,0,20,3780.0
3701.0,0.49999999999999994,0.0,0,20,3780.0
3702.0,0.49999999999999994,0.0,0,20,3780.0
3703.0,0.49999999999999994,0.0,0,20,3780.0
3704.0,0.49999999999999994,0.0,0,20,3780.0
3705.0,0.49999999999999994,0.0,0,20,3780.0
3706.0,0.49999999999999994,0.0,0,20,3780.0
3707.0,0.49999999999999994,0.0,0,20,3780.0
3708.0,0.49999999999999994,0.0,0,20,3780.0
3709.0,0.49999999999999994,0.0,0,20,3780.0
3710.0,0.49999999999999994,0.0,0,20,3780.0
3711.0,0.49999999999999994,0.0,0,20,3780.0
3712.0,0.49999999999999994,0.0,0,20,3780.0
3713.0,0.49999999999999994,0.0,0,20,3780.0
3714.0,0.49999999999999994,0.0,0,20,3780.0
3715.0,0.49999999999999994,0.0,0,20,3780.0
3716.0,0.49999999999999994,0.0,0,20,3780.0
3717.0,0.49999999999999994,0.0,0,20,3780.0
3718.0,0.49999999999999994,0.0,0,20,3780.0
3719.0,0.49999999999999994,0.0,0,20,3780.0
3720.0,0.49999999999999994,0.0,0,20,3780.0
3721.0,0.49999999999999994,0.0,0,20,3780.0
3722.0,0.49999999999999994,0.0,0,20,3780.0
3723.0,0.49999999999999994,0.0,0,20,3780.0
3724.0,0.49999999999999994,0.0,0,20,3780.0
3725.0,0.49999999999999994,0.0,0,20,3780.0
3726.0,0.49999999999999994,0.0,0,20,3780.0
3727.0,0.49999999999999994,0.0,0,20,3780.0
3728.0,0.49999999999999994,0.0,0,20,3780.0
3729.0,0.49999999999999994,0.0,0,20,3780.0
3730.0,0.49999999999999994,0.0,0,20,3780.0
3731.0,0.49999999999999994,0.0,0,20,3780.0
3732.0,0.49999999999999994,0.0,0,20,3780.0
3733.0,0.49999999999999994,0.0,0,20,3780.0
3734.0,0.49999999999999994,0.0,0,20,3780.0
3735.0,0.49999999999999994,0.0,0,20,3780.0
3736.0,0.49999999999999994,0.0,0,20,3780.0
3737.0,0.49999999999999994,0.0,0,20,3780.0
3738.0,0.49999999999999994,0.0,0,20,3780.0
3739.0,0.49999999999999994,0.0,0,20,3780.0
3740.0,0.49999999999999994,0.0,0,20,3780.0
3741.0,0.49999999999999994,0.0,0,20,3780.0
3742.0,0.49999999999999994,0.0,0,20,3780.0
3743.0,0.49999999999999994,0.0,0,20,3780.0
3744.0,0.49999999999999994,0.0,0,20,3780.0
3745.0,0.49999999999999994,0.0,0,20,3780.0
3746.0,0.49999999999999994,0.0,0,20,3780.0
3747.0,0.49999999999999994,0.0,0,20,3780.0
3748.0,0.49999999999999994,0.0,0,20,3780.0
3749.0,0.49999999999999994,0.0,0,20,3780.0
3750.0,0.49999999999999994,0.0,0,20,3780.0
3751.0,0.49999999999999994,0.0,0,20,3780.0
3752.0,0.49999999999999994,0.0,0,20,3780.0
3753.0,0.49999999999999994,0.0,0,20,3780.0
3754.0,0.49999999999999994,0.0,0,20,3780.0
3755.0,0.49999999999999994,0.0,0,20,3780.0
3756.0,0.49999999999999994,0.0,0,20,3780.0
3757.0,0.49999999999999994,0.0,0,20,3780.0
3758.0,0.49999999999999994,0.0,0,20,3780.0
3759.0,0.49999999999999994,0.0,0,20,3780.0
3760.0,0.49999999999999994,0.0,0,20,3780.0
3761.0,0.49999999999999994,0.0,0,20,3780.0
3762.0,0.49999999999999994,0.0,0,20,3780.0
3763.0,0.49999999999999994,0.0,0,20,3780.0
3764.0,0.49999999999999994,0.0,0,20,3780.0
3765.0,0.49999999999999994,0.0,0,20,3780.0
3766.0,0.49999999999999994,0.0,0,20,3780.0
3767.0,0.49999999999999994,0.0,0,20,3780.0
3768.0,0.49999999999999994,0.0,0,20,3780.0
3769.0,0.49999999999999994,0.0,0,20,3780.0
3770.0,0.49999999999999994,0.0,0,20,3780.0
3771.0,0.49999999999999994,0.0,0,20,3780.0
3772.0,0.49999999999999994,0.0,0,20,3780.0
3773.0,0.49999999999999994,0.0,0,20,3780.0
3774.0,0.49999999999999994,0.0,0,20,3780.0
3775.0,0.49999999999999994,0.0,0,20,3780.0
3776.0,0.49999999999999994,0.0,0,20,3780.0
3777.0,0.49999999999999994,0.0,0,20,3780.0
3778.0,0.49999999999999994,0.0,0,20,3780.0
3779.0,0.49999999999999994,0.0,0,20,3780.0
3780.0,0.49999999999999994,0.0,0,20,3780.0
3781.0,0.49999999999999994,0.0,0,20,3780.0
3782.0,0.49999999999999994,0.0,0,20,3780.0
3783.0,0.49999999999999994,0.0,0,20,3780.0
3784.0,0.49999999999999994,0.0,0,20,3780.0
3785.0,0.49999999999999994,0.0,0,20,3780.0
3786.0,0.49999999999999994,0.0,0,20,3780.0
3787.0,0.49999999999999994,0.0,0,20,3780.0
3788.0,0.49999999999999994,0.0,0,20,3780.0
3789.0,0.49999999999999994,0.0,0,20,3780.0
3790.0,0.49999999999999994,0.0,0,20,3780.0
3791.0,0.49999999999999994,0.0,0,20,3780.0
3792.0,0.49999999999999994,0.0,0,20,3780.0
3793.0,0.49999999999999994,0.0,0,20,3780.0
3794.0,0.49999999999999994,0.0,0,20,3780.0
3795.0,0.49999999999999994,0.0,0,20,3780.0
3796.0,0.49999999999999994,0.0,0,20,3780.0
3797.0,0.49999999999999994,0.0,0,20,3780.0
3798.0,0.49999999999999994,0.0,0,20,3780.0
3799.0,0.49999999999999994,0.0,0,20,3780.0
3800.0,0.49999999999999994,0.0,0,20,3780.0
3801.0,0.49999999999999994,0.0,0,20,3780.0
3802.0,0.49999999999999994,0.0,0,20,3780.0
3803.0,0.49999999999999994,0.0,0,20,3780.0
3804.0,0.49999999999999994,0.0,0,20,3780.0
3805.0,0.49999999999999994,0.0,0,20,3780.0
3806.0,0.49999999999999994,0.0,0,20,3780.0
3807.0,0.49999999999999994,0.0,0,20,3780.0
3808.0,0.49999999999999994,0.0,0,20,3780.0
3809.0,0.49999999999999994,0.0,0,20,3780.0
3810.0,0.49999999999999994,0.0,0,20,3780.0
3811.0,0.49999999999999994,0.0,0,20,3780.0
3812.0,0.49999999999999994,0.0,0,20,3780.0
3813.0,0.49999999999999994,0.0,0,20,3780.0
3814.0,0.49999999999999994,0.0,0,20,3780.0
3815.0,0.49999999999999994,0.0,0,20,3780.0
3816.0,0.49999999999999994,0.0,0,20,3780.0
3817.0,0.49999999999999994,0.0,0,20,3780.0
3818.0,0.49999999999999994,0.0,0,20,3780.0
3819.0,0.49999999999999994,0.0,0,20,3780.0
3820.0,0.49999999999999994,0.0,0,20,3780.0
3821.0,0.49999999999999994,0.0,0,20,3780.0
3822.0,0.49999999999999994,0.0,0,20,3780.0
3823.0,0.49999999999999994,0.0,0,20,3780.0
3824.0,0.49999999999999994,0.0,0,20,3780.0
3825.0,0.49999999999999994,0.0,0,20,3780.0
3826.0,0.49999999999999994,0.0,0,20,3780.0
3827.0,0.49999999999999994,0.0,0,20,3780.0
3828.0,0.49999999999999994,0.0,0,20,3780.0
3829.0,0.49999999999999994,0.0,0,20,3780.0
3830.0,0.49999999999999994,0.0,0,20,3780.0
3831.0,0.49999999999999994,0.0,0,20,3780.0
3832.0,0.49999999999999994,0.0,0,20,3780.0
3833.0,0.49999999999999994,0.0,0,20,3780.0
3834.0,0.49999999999999994,0.0,0,20,3780.0
3835.0,0.49999999999999994,0.0,0,20,3780.0
3836.0,0.49999999999999994,0.0,0,20,3780.0
3837.0,0.49999999999999994,0.0,0,20,3780.0
3838.0,0.49999999999999994,0.0,0,20,3780.0
3839.0,0.49999999999999994,0.0,0,20,3780.0
3840.0,0.49999999999999994,0.0,0,20,3780.0
3841.0,0.49999999999999994,0.0,0,20,3780.0
3842.0,0.49999999999999994,0.0,0,20,3780.0
3843.0,0.49999999999999994,0.0,0,20,3780.0
3844.0,0.49999999999999994,0.0,0,20,3780.0
3845.0,0.49999999999999994,0.0,0,20,3780.0
3846.0,0.49999999999999994,0.0,0,20,3780.0
3847.0,0.49999999999999994,0.0,0,20,3780.0
3848.0,0.49999999999999994,0.0,0,20,3780.0
3849.0,0.49999999999999994,0.0,0,20,3780.0
3850.0,0.49999999999999994,0.0,0,20,3780.0
3851.0,0.49999999999999994,0.0,0,20,3780.0
3852.0,0.49999999999999994,0.0,0,20,3780.0
3853.0,0.49999999999999994,0.0,0,20,3780.0
3854.0,0.49999999999999994,0.0,0,20,3780.0
3855.0,0.49999999999999994,0.0,0,20,3780.0
3856.0,0.49999999999999994,0.0,0,20,3780.0
3857.0,0.49999999999999994,0.0,0,20,3780.0
3858.0,0.49999999999999994,0.0,0,20,3780.0
3859.0,0.49999999999999994,0.0,0,20,3780.0
3860.0,0.49999999999999994,0.0,0,20,3780.0
3861.0,0.49999999999999994,0.0,0,20,3780.0
3862.0,0.49999999999999994,0.0,0,20,3780.0
3863.0,0.49999999999999994,0.0,0,20,3780.0
3864.0,0.49999999999999994,0.0,0,20,3780.0
3865.0,0.49999999999999994,0.0,0,20,3780.0
3866.0,0.49999999999999994,0.0,0,20,3780.0
3867.0,0.49999999999999994,0.0,0,20,3780.0
3868.0,0.49999999999999994,0.0,0,20,3780.0
3869.0,0.49999999999999994,0.0,0,20,3780.0
3870.0,0.49999999999999994,0.0,0,20,3780.0
3871.0,0.49999999999999994,0.0,0,20,3780.0
3872.0,0.49999999999999994,0.0,0,20,3780.0
3873.0,0.49999999999999994,0.0,0,20,3780.0
3874.0,0.49999999999999994,0.0,0,20,3780.0
3875.0,0.49999999999999994,0.0,0,20,3780.0
3876.0,0.49999999999999994,0.0,0,20,3780.0
3877.0,0.49999999999999994,0.0,0,20,3780.0
3878.0,0.49999999999999994,0.0,0,20,3780.0
3879.0,0.49999999999999994,0.0,0,20,3780.0
3880.0,0.49999999999999994,0.0,0,20,3780.0
3881.0,0.49999999999999994,0.0,0,20,3780.0
3882.0,0.49999999999999994,0.0,0,20,3780.0
3883.0,0.49999999999999994,0.0,0,20,3780.0
3884.0,0.49999999999999994,0.0,0,20,3780.0
3885.0,0.49999999999999994,0.0,0,20,3780.0
3886.0,0.49999999999999994,0.0,0,20,3780.0
3887.0,0.49999999999999994,0.0,0,20,3780.0
3888.0,0.49999999999999994,0.0,0,20,3780.0
3889.0,0.49999999999999994,0.0,0,20,3780.0
3890.0,0.49999999999999994,0.0,0,20,3780.0
3891.0,0.49999999999999994,0.0,0,20,3780.0
3892.0,0.49999999999999994,0.0,0,20,3780.0
3893.0,0.49999999999999994,0.0,0,20,3780.0
3894.0,0.49999999999999994,0.0,0,20,3780.0
3895.0,0.49999999999999994,0.0,0,20,3780.0
3896.0,0.49999999999999994,0.0,0,20,3780.0
3897.0,0.49999999999999994,0.0,0,20,3780.0
3898.0,0.49999999999999994,0.0,0,20,3780.0
3899.0,0.49999999999999994,0.0,0,20,3780.0
3900.0,0.49999999999999994,0.0,0,20,3780.0
3901.0,0.49999999999999994,0.0,0,20,3780.0
3902.0,0.49999999999999994,0.0,0,20,3780.0
3903.0,0.49999999999999994,0.0,0,20,3780.0
3904.0,0.49999999999999994,0.0,0,20,3780.0
3905.0,0.49999999999999994,0.0,0,20,3780.0
3906.0,0.49999999999999994,0.0,0,20,3780.0
3907.0,0.49999999999999994,0.0,0,20,3780.0
3908.0,0.49999999999999994,0.0,0,20,3780.0
3909.0,0.49999999999999994,0.0,0,20,3780.0
3910.0,0.49999999999999994,0.0,0,20,3780.0
3911.0,0.49999999999999994,0.0,0,20,3780.0
3912.0,0.49999999999999994,0.0,0,20,3780.0
3913.0,0.49999999999999994,0.0,0,20,3780.0
3914.0,0.49999999999999994,0.0,0,20,3780.0
3915.0,0.49999999999999994,0.0,0,20,3780.0
3916.0,0.49999999999999994,0.0,0,20,3780.0
3917.0,0.49999999999999994,0.0,0,20,3780.0
3918.0,0.49999999999999994,0.0,0,20,3780.0
3919.0,0.49999999999999994,0.0,0,20,3780.0
3920.0,0.49999999999999994,0.0,0,20,3780.0
3921.0,0.49999999999999994,0.0,0,20,3780.0
3922.0,0.49999999999999994,0.0,0,20,3780.0
3923.0,0.49999999999999994,0.0,0,20,3780.0
3924.0,0.49999999999999994,0.0,0,20,3780.0
3925.0,0.49999999999999994,0.0,0,20,3780.0
3926.0,0.49999999999999994,0.0,0,20,3780.0
3927.0,0.49999999999999994,0.0,0,20,3780.0
3928.0,0.49999999999999994,0.0,0,20,3780.0
3929.0,0.49999999999999994,0.0,0,20,3780.0
3930.0,0.49999999999999994,0.0,0,20,3780.0
3931.0,0.49999999999999994,0.0,0,20,3780.0
3932.0,0.49999999999999994,0.0,0,20,3780.0
3933.0,0.49999999999999994,0.0,0,20,3780.0
3934.0,0.49999999999999994,0.0,0,20,3780.0
3935.0,0.49999999999999994,0.0,0,20,3780.0
3936.0,0.49999999999999994,0.0,0,20,3780.0
3937.0,0.49999999999999994,0.0,0,20,3780.0
3938.0,0.49999999999999994,0.0,0,20,3780.0
3939.0,0.49999999999999994,0.0,0,20,3780.0
3940.0,0.49999999999999994,0.0,0,20,3780.0
3941.0,0.49999999999999994,0.0,0,20,3780.0
3942.0,0.49999999999999994,0.0,0,20,3780.0
3943.0,0.49999999999999994,0.0,0,20,3780.0
3944.0,0.49999999999999994,0.0,0,20,3780.0
3945.0,0.49999999999999994,0.0,0,20,3780.0
3946.0,0.49999999999999994,0.0,0,20,3780.0
3947.0,0.49999999999999994,0.0,0,20,3780.0
3948.0,0.49999999999999994,0.0,0,20,3780.0
3949.0,0.49999999999999994,0.0,0,20,3780.0
3950.0,0.49999999999999994,0.0,0,20,3780.0
3951.0,0.49999999999999994,0.0,0,20,3780.0
3952.0,0.49999999999999994,0.0,0,20,3780.0
3953.0,0.49999999999999994,0.0,0,20,3780.0
3954.0,0.49999999999999994,0.0,0,20,3780.0
3955.0,0.49999999999999994,0.0,0,20,3780.0
3956.0,0.49999999999999994,0.0,0,20,3780.0
3957.0,0.49999999999999994,0.0,0,20,3780.0
3958.0,0.49999999999999994,0.0,0,20,3780.0
3959.0,0.49999999999999994,0.0,0,20,3780.0
3960.0,0.49999999999999994,0.0,0,20,3780.0
3961.0,0.49999999999999994,0.0,0,20,3780.0
3962.0,0.49999999999999994,0.0,0,20,3780.0
3963.0,0.49999999999999994,0.0,0,20,3780.0
3964.0,0.49999999999999994,0.0,0,20,3780.0
3965.0,0.49999999999999994,0.0,0,20,3780.0
3966.0,0.49999999999999994,0.0,0,20,3780.0
3967.0,0.49999999999999994,0.0,0,20,3780.0
3968.0,0.49999999999999994,0.0,0,20,3780.0
3969.0,0.49999999999999994,0.0,0,20,3780.0
3970.0,0.49999999999999994,0.0,0,20,3780.0
3971.0,0.49999999999999994,0.0,0,20,3780.0
3972.0,0.49999999999999994,0.0,0,20,3780.0
3973.0,0.49999999999999994,0.0,0,20,3780.0
3974.0,0.49999999999999994,0.0,0,20,3780.0
3975.0,0.49999999999999994,0.0,0,20,3780.0
3976.0,0.49999999999999994,0.0,0,20,3780.0
3977.0,0.49999999999999994,0.0,0,20,3780.0
3978.0,0.49999999999999994,0.0,0,20,3780.0
3979.0,0.49999999999999994,0.0,0,20,3780.0
3980.0,0.49999999999999994,0.0,0,20,3780.0
3981.0,0.49999999999999994,0.0,0,20,3780.0
3982.0,0.49999999999999994,0.0,0,20,3780.0
3983.0,0.49999999999999994,0.0,0,20,3780.0
3984.0,0.49999999999999994,0.0,0,20,3780.0
3985.0,0.49999999999999994,0.0,0,20,3780.0
3986.0,0.49999999999999994,0.0,0,20,3780.0
3987.0,0.49999999999999994,0.0,0,20,3780.0
3988.0,0.49999999999999994,0.0,0,20,3780.0
3989.0,0.49999999999999994,0.0,0,20,3780.0
3990.0,0.49999999999999994,0.0,0,20,3780.0
3991.0,0.49999999999999994,0.0,0,20,3780.0
3992.0,0.49999999999999994,0.0,0,20,3780.0
3993.0,0.49999999999999994,0.0,0,20,3780.0
3994.0,0.49999999999999994,0.0,0,20,3780.0
3995.0,0.49999999999999994,0.0,0,20,3780.0
3996.0,0.49999999999999994,0.0,0,20,3780.0
3997.0,0.49999999999999994,0.0,0,20,3780.0
3998.0,0.49999999999999994,0.0,0,20,3780.0
3999.0,0.49999999999999994,0.0,0,20,3780.0
4000.0,0.49999999999999994,0.0,0,20,3780.0
4001.0,0.49999999999999994,0.0,0,20,3780.0
4002.0,0.49999999999999994,0.0,0,20,3780.0
4003.0,0.49999999999999994,0.0,0,20,3780.0
4004.0,0.49999999999999994,0.0,0,20,3780.0
4005.0,0.49999999999999994,0.0,0,20,3780.0
4006.0,0.49999999999999994,0.0,0,20,3780.0
4007.0,0.49999999999999994,0.0,0,20,3780.0
4008.0,0.49999999999999994,0.0,0,20,3780.0
4009.0,0.49999999999999994,0.0,0,20,3780.0
4010.0,0.49999999999999994,0.0,0,20,3780.0
4011.0,0.49999999999999994,0.0,0,20,3780.0
4012.0,0.49999999999999994,0.0,0,20,3780.0
4013.0,0.49999999999999994,0.0,0,20,3780.0
4014.0,0.49999999999999994,0.0,0,20,3780.0
4015.0,0.49999999999999994,0.0,0,20,3780.0
4016.0,0.49999999999999994,0.0,0,20,3780.0
4017.0,0.49999999999999994,0.0,0,20,3780.0
4018.0,0.49999999999999994,0.0,0,20,3780.0
4019.0,0.49999999999999994,0.0,0,20,3780.0
4020.0,0.49999999999999994,0.0,0,20,3780.0
4021.0,0.49999999999999994,0.0,0,20,3780.0
4022.0,0.49999999999999994,0.0,0,20,3780.0
4023.0,0.49999999999999994,0.0,0,20,3780.0
4024.0,0.49999999999999994,0.0,0,20,3780.0
4025.0,0.49999999999999994,0.0,0,20,3780.0
4026.0,0.49999999999999994,0.0,0,20,3780.0
4027.0,0.49999999999999994,0.0,0,20,3780.0
4028.0,0.49999999999999994,0.0,0,20,3780.0
4029.0,0.49999999999999994,0.0,0,20,3780.0
4030.0,0.49999999999999994,0.0,0,20,3780.0
4031.0,0.49999999999999994,0.0,0,20,3780.0
4032.0,0.49999999999999994,0.0,0,20,3780.0
4033.0,0.49999999999999994,0.0,0,20,3780.0
4034.0,0.49999999999999994,0.0,0,20,3780.0
4035.0,0.49999999999999994,0.0,0,20,3780.0
4036.0,0.49999999999999994,0.0,0,20,3780.0
4037.0,0.49999999999999994,0.0,0,20,3780.0
4038.0,0.49999999999999994,0.0,0,20,3780.0
4039.0,0.49999999999999994,0.0,0,20,3780.0
4040.0,0.49999999999999994,0.0,0,20,3780.0
4041.0,0.49999999999999994,0.0,0,20,3780.0
4042.0,0.49999999999999994,0.0,0,20,3780.0
4043.0,0.49999999999999994,0.0,0,20,3780.0
4044.0,0.49999999999999994,0.0,0,20,3780.0
4045.0,0.49999999999999994,0.0,0,20,3780.0
4046.0,0.49999999999999994,0.0,0,20,3780.0
4047.0,0.49999999999999994,0.0,0,20,3780.0
4048.0,0.49999999999999994,0.0,0,20,3780.0
4049.0,0.49999999999999994,0.0,0,20,3780.0
4050.0,0.49999999999999994,0.0,0,20,3780.0
4051.0,0.49999999999999994,0.0,0,20,3780.0
4052.0,0.49999999999999994,0.0,0,20,3780.0
4053.0,0.49999999999999994,0.0,0,20,3780.0
4054.0,0.49999999999999994,0.0,0,20,3780.0
4055.0,0.49999999999999994,0.0,0,20,3780.0
4056.0,0.49999999999999994,0.0,0,20,3780.0
4057.0,0.49999999999999994,0.0,0,20,3780.0
4058.0,0.49999999999999994,0.0,0,20,3780.0
4059.0,0.49999999999999994,0.0,0,20,3780.0
4060.0,0.49999999999999994,0.0,0,20,3780.0
4061.0,0.49999999999999994,0.0,0,20,3780.0
4062.0,0.49999999999999994,0.0,0,20,3780.0
4063.0,0.49999999999999994,0.0,0,20,3780.0
4064.0,0.49999999999999994,0.0,0,20,3780.0
4065.0,0.49999999999999994,0.0,0,20,3780.0
4066.0,0.49999999999999994,0.0,0,20,3780.0
4067.0,0.49999999999999994,0.0,0,20,3780.0
4068.0,0.49999999999999994,0.0,0,20,3780.0
4069.0,0.49999999999999994,0.0,0,20,3780.0
4070.0,0.49999999999999994,0.0,0,20,3780.0
4071.0,0.49999999999999994,0.0,0,20,3780.0
4072.0,0.49999999999999994,0.0,0,20,3780.0
4073.0,0.49999999999999994,0.0,0,20,3780.0
4074.0,0.49999999999999994,0.0,0,20,3780.0
4075.0,0.49999999999999994,0.0,0,20,3780.0
4076.0,0.49999999999999994,0.0,0,20,3780.0
4077.0,0.49999999999999994,0.0,0,20,3780.0
4078.0,0.49999999999999994,0.0,0,20,3780.0
4079.0,0.49999999999999994,0.0,0,20,3780.0
4080.0,0.49999999999999994,0.0,0,20,3780.0
4081.0,0.49999999999999994,0.0,0,20,3780.0
4082.0,0.49999999999999994,0.0,0,20,3780.0
4083.0,0.49999999999999994,0.0,0,20,3780.0
4084.0,0.49999999999999994,0.0,0,20,3780.0
4085.0,0.49999999999999994,0.0,0,20,3780.0
4086.0,0.49999999999999994,0.0,0,20,3780.0
4087.0,0.49999999999999994,0.0,0,20,3780.0
4088.0,0.49999999999999994,0.0,0,20,3780.0
4089.0,0.49999999999999994,0.0,0,20,3780.0
4090.0,0.49999999999999994,0.0,0,20,3780.0
4091.0,0.49999999999999994,0.0,0,20,3780.0
4092.0,0.49999999999999994,0.0,0,20,3780.0
4093.0,0.49999999999999994,0.0,0,20,3780.0
4094.0,0.49999999999999994,0.0,0,20,3780.0
4095.0,0.49999999999999994,0.0,0,20,3780.0
4096.0,0.49999999999999994,0.0,0,20,3780.0
4097.0,0.49999999999999994,0.0,0,20,3780.0
4098.0,0.49999999999999994,0.0,0,20,3780.0
4099.0,0.49999999999999994,0.0,0,20,3780.0
4100.0,0.49999999999999994,0.0,0,20,3780.0
4101.0,0.49999999999999994,0.0,0,20,3780.0
4102.0,0.49999999999999994,0.0,0,20,3780.0
4103.0,0.49999999999999994,0.0,0,20,3780.0
4104.0,0.49999999999999994,0.0,0,20,3780.0
4105.0,0.49999999999999994,0.0,0,20,3780.0
4106.0,0.49999999999999994,0.0,0,20,3780.0
4107.0,0.49999999999999994,0.0,0,20,3780.0
4108.0,0.49999999999999994,0.0,0,20,3780.0
4109.0,0.49999999999999994,0.0,0,20,3780.0
4110.0,0.49999999999999994,0.0,0,20,3780.0
4111.0,0.49999999999999994,0.0,0,20,3780.0
4112.0,0.49999999999999994,0.0,0,20,3780.0
4113.0,0.49999999999999994,0.0,0,20,3780.0
4114.0,0.49999999999999994,0.0,0,20,3780.0
4115.0,0.49999999999999994,0.0,0,20,3780.0
4116.0,0.49999999999999994,0.0,0,20,3780.0
4117.0,0.49999999999999994,0.0,0,20,3780.0
4118.0,0.49999999999999994,0.0,0,20,3780.0
4119.0,0.49999999999999994,0.0,0,20,3780.0
4120.0,0.49999999999999994,0.0,0,20,3780.0
4121.0,0.49999999999999994,0.0,0,20,3780.0
4122.0,0.49999999999999994,0.0,0,20,3780.0
4123.0,0.49999999999999994,0.0,0,20,3780.0
4124.0,0.49999999999999994,0.0,0,20,3780.0
4125.0,0.49999999999999994,0.0,0,20,3780.0
4126.0,0.49999999999999994,0.0,0,20,3780.0
4127.0,0.49999999999999994,0.0,0,20,3780.0
4128.0,0.49999999999999994,0.0,0,20,3780.0
4129.0,0.49999999999999994,0.0,0,20,3780.0
4130.0,0.49999999999999994,0.0,0,20,3780.0
4131.0,0.49999999999999994,0.0,0,20,3780.0
4132.0,0.49999999999999994,0.0,0,20,3780.0
4133.0,0.49999999999999994,0.0,0,20,3780.0
4134.0,0.49999999999999994,0.0,0,20,3780.0
4135.0,0.49999999999999994,0.0,0,20,3780.0
4136.0,0.49999999999999994,0.0,0,20,3780.0
4137.0,0.49999999999999994,0.0,0,20,3780.0
4138.0,0.49999999999999994,0.0,0,20,3780.0
4139.0,0.49999999999999994,0.0,0,20,3780.0
4140.0,0.49999999999999994,0.0,0,20,3780.0
4141.0,0.49999999999999994,0.0,0,20,3780.0
4142.0,0.49999999999999994,0.0,0,20,3780.0
4143.0,0.49999999999999994,0.0,0,20,3780.0
4144.0,0.49999999999999994,0.0,0,20,3780.0
4145.0,0.49999999999999994,0.0,0,20,3780.0
4146.0,0.49999999999999994,0.0,0,20,3780.0
4147.0,0.49999999999999994,0.0,0,20,3780.0
4148.0,0.49999999999999994,0.0,0,20,3780.0
4149.0,0.49999999999999994,0.0,0,20,3780.0
4150.0,0.49999999999999994,0.0,0,20,3780.0
4151.0,0.49999999999999994,0.0,0,20,3780.0
4152.0,0.49999999999999994,0.0,0,20,3780.0
4153.0,0.49999999999999994,0.0,0,20,3780.0
4154.0,0.49999999999999994,0.0,0,20,3780.0
4155.0,0.49999999999999994,0.0,0,20,3780.0
4156.0,0.49999999999999994,0.0,0,20,3780.0
4157.0,0.49999999999999994,0.0,0,20,3780.0
4158.0,0.49999999999999994,0.0,0,20,3780.0
4159.0,0.49999999999999994,0.0,0,20,3780.0
4160.0,0.49999999999999994,0.0,0,20,3780.0
4161.0,0.49999999999999994,0.0,0,20,3780.0
4162.0,0.49999999999999994,0.0,0,20,3780.0
4163.0,0.49999999999999994,0.0,0,20,3780.0
4164.0,0.49999999999999994,0.0,0,20,3780.0
4165.0,0.49999999999999994,0.0,0,20,3780.0
4166.0,0.49999999999999994,0.0,0,20,3780.0
4167.0,0.49999999999999994,0.0,0,20,3780.0
4168.0,0.49999999999999994,0.0,0,20,3780.0
4169.0,0.49999999999999994,0.0,0,20,3780.0
4170.0,0.49999999999999994,0.0,0,20,3780.0
4171.0,0.49999999999999994,0.0,0,20,3780.0
4172.0,0.49999999999999994,0.0,0,20,3780.0
4173.0,0.49999999999999994,0.0,0,20,3780.0
4174.0,0.49999999999999994,0.0,0,20,3780.0
4175.0,0.49999999999999994,0.0,0,20,3780.0
4176.0,0.49999999999999994,0.0,0,20,3780.0
4177.0,0.49999999999999994,0.0,0,20,3780.0
4178.0,0.49999999999999994,0.0,0,20,3780.0
4179.0,0.49999999999999994,0.0,0,20,3780.0
4180.0,0.49999999999999994,0.0,0,20,3780.0
4181.0,0.49999999999999994,0.0,0,20,3780.0
4182.0,0.49999999999999994,0.0,0,20,3780.0
4183.0,0.49999999999999994,0.0,0,20,3780.0
4184.0,0.49999999999999994,0.0,0,20,3780.0
4185.0,0.49999999999999994,0.0,0,20,3780.0
4186.0,0.49999999999999994,0.0,0,20,3780.0
4187.0,0.49999999999999994,0.0,0,20,3780.0
4188.0,0.49999999999999994,0.0,0,20,3780.0
4189.0,0.49999999999999994,0.0,0,20,3780.0
4190.0,0.49999999999999994,0.0,0,20,3780.0
4191.0,0.49999999999999994,0.0,0,20,3780.0
4192.0,0.49999999999999994,0.0,0,20,3780.0
4193.0,0.49999999999999994,0.0,0,20,3780.0
4194.0,0.49999999999999994,0.0,0,20,3780.0
4195.0,0.49999999999999994,0.0,0,20,3780.0
4196.0,0.49999999999999994,0.0,0,20,3780.0
4197.0,0.49999999999999994,0.0,0,20,3780.0
4198.0,0.49999999999999994,0.0,0,20,3780.0
4199.0,0.49999999999999994,0.0,0,20,3780.0
4200.0,0.49999999999999994,0.0,0,20,3780.0
4201.0,0.49999999999999994,0.0,0,20,3780.0
4202.0,0.49999999999999994,0.0,0,20,3780.0
4203.0,0.49999999999999994,0.0,0,20,3780.0
4204.0,0.49999999999999994,0.0,0,20,3780.0
4205.0,0.49999999999999994,0.0,0,20,3780.0
4206.0,0.49999999999999994,0.0,0,20,3780.0
4207.0,0.49999999999999994,0.0,0,20,3780.0
4208.0,0.49999999999999994,0.0,0,20,3780.0
4209.0,0.49999999999999994,0.0,0,20,3780.0
4210.0,0.49999999999999994,0.0,0,20,3780.0
4211.0,0.49999999999999994,0.0,0,20,3780.0
4212.0,0.49999999999999994,0.0,0,20,3780.0
4213.0,0.49999999999999994,0.0,0,20,3780.0
4214.0,0.49999999999999994,0.0,0,20,3780.0
4215.0,0.49999999999999994,0.0,0,20,3780.0
4216.0,0.49999999999999994,0.0,0,20,3780.0
4217.0,0.49999999999999994,0.0,0,20,3780.0
4218.0,0.49999999999999994,0.0,0,20,3780.0
4219.0,0.49999999999999994,0.0,0,20,3780.0
4220.0,0.49999999999999994,0.0,0,20,3780.0
4221.0,0.49999999999999994,0.0,0,20,3780.0
4222.0,0.49999999999999994,0.0,0,20,3780.0
4223.0,0.49999999999999994,0.0,0,20,3780.0
4224.0,0.49999999999999994,0.0,0,20,3780.0
4225.0,0.49999999999999994,0.0,0,20,3780.0
4226.0,0.49999999999999994,0.0,0,20,3780.0
4227.0,0.49999999999999994,0.0,0,20,3780.0
4228.0,0.49999999999999994,0.0,0,20,3780.0
4229.0,0.49999999999999994,0.0,0,20,3780.0
4230.0,0.49999999999999994,0.0,0,20,3780.0
4231.0,0.49999999999999994,0.0,0,20,3780.0
4232.0,0.49999999999999994,0.0,0,20,3780.0
4233.0,0.49999999999999994,0.0,0,20,3780.0
4234.0,0.49999999999999994,0.0,0,20,3780.0
4235.0,0.49999999999999994,0.0,0,20,3780.0
4236.0,0.49999999999999994,0.0,0,20,3780.0
4237.0,0.49999999999999994,0.0,0,20,3780.0
4238.0,0.49999999999999994,0.0,0,20,3780.0
4239.0,0.49999999999999994,0.0,0,20,3780.0
4240.0,0.49999999999999994,0.0,0,20,3780.0
4241.0,0.49999999999999994,0.0,0,20,3780.0
4242.0,0.49999999999999994,0.0,0,20,3780.0
4243.0,0.49999999999999994,0.0,0,20,3780.0
4244.0,0.49999999999999994,0.0,0,20,3780.0
4245.0,0.49999999999999994,0.0,0,20,3780.0
4246.0,0.49999999999999994,0.0,0,20,3780.0
4247.0,0.49999999999999994,0.0,0,20,3780.0
4248.0,0.49999999999999994,0.0,0,20,3780.0
4249.0,0.49999999999999994,0.0,0,20,3780.0
4250.0,0.49999999999999994,0.0,0,20,3780.0
4251.0,0.49999999999999994,0.0,0,20,3780.0
4252.0,0.49999999999999994,0.0,0,20,3780.0
4253.0,0.49999999999999994,0.0,0,20,3780.0
4254.0,0.49999999999999994,0.0,0,20,3780.0
4255.0,0.49999999999999994,0.0,0,20,3780.0
4256.0,0.49999999999999994,0.0,0,20,3780.0
4257.0,0.49999999999999994,0.0,0,20,3780.0
4258.0,0.49999999999999994,0.0,0,20,3780.0
4259.0,0.49999999999999994,0.0,0,20,3780.0
4260.0,0.49999999999999994,0.0,0,20,3780.0
4261.0,0.49999999999999994,0.0,0,20,3780.0
4262.0,0.49999999999999994,0.0,0,20,3780.0
4263.0,0.49999999999999994,0.0,0,20,3780.0
4264.0,0.49999999999999994,0.0,0,20,3780.0
4265.0,0.49999999999999994,0.0,0,20,3780.0
4266.0,0.49999999999999994,0.0,0,20,3780.0
4267.0,0.49999999999999994,0.0,0,20,3780.0
4268.0,0.49999999999999994,0.0,0,20,3780.0
4269.0,0.49999999999999994,0.0,0,20,3780.0
4270.0,0.49999999999999994,0.0,0,20,3780.0
4271.0,0.49999999999999994,0.0,0,20,3780.0
4272.0,0.49999999999999994,0.0,0,20,3780.0
4273.0,0.49999999999999994,0.0,0,20,3780.0
4274.0,0.49999999999999994,0.0,0,20,3780.0
4275.0,0.49999999999999994,0.0,0,20,3780.0
4276.0,0.49999999999999994,0.0,0,20,3780.0
4277.0,0.49999999999999994,0.0,0,20,3780.0
4278.0,0.49999999999999994,0.0,0,20,3780.0
4279.0,0.49999999999999994,0.0,0,20,3780.0
4280.0,0.49999999999999994,0.0,0,20,3780.0
4281.0,0.49999999999999994,0.0,0,20,3780.0
4282.0,0.49999999999999994,0.0,0,20,3780.0
4283.0,0.49999999999999994,0.0,0,20,3780.0
4284.0,0.49999999999999994,0.0,0,20,3780.0
4285.0,0.49999999999999994,0.0,0,20,3780.0
4286.0,0.49999999999999994,0.0,0,20,3780.0
4287.0,0.49999999999999994,0.0,0,20,3780.0
4288.0,0.49999999999999994,0.0,0,20,3780.0
4289.0,0.49999999999999994,0.0,0,20,3780.0
4290.0,0.49999999999999994,0.0,0,20,3780.0
4291.0,0.49999999999999994,0.0,0,20,3780.0
4292.0,0.49999999999999994,0.0,0,20,3780.0
4293.0,0.49999999999999994,0.0,0,20,3780.0
4294.0,0.49999999999999994,0.0,0,20,3780.0
4295.0,0.49999999999999994,0.0,0,20,3780.0
4296.0,0.49999999999999994,0.0,0,20,3780.0
4297.0,0.49999999999999994,0.0,0,20,3780.0
4298.0,0.49999999999999994,0.0,0,20,3780.0
4299.0,0.49999999999999994,0.0,0,20,3780.0
4300.0,0.49999999999999994,0.0,0,20,3780.0
4301.0,0.49999999999999994,0.0,0,20,3780.0
4302.0,0.49999999999999994,0.0,0,20,3780.0
4303.0,0.49999999999999994,0.0,0,20,3780.0
4304.0,0.49999999999999994,0.0,0,20,3780.0
4305.0,0.49999999999999994,0.0,0,20,3780.0
4306.0,0.49999999999999994,0.0,0,20,3780.0
4307.0,0.49999999999999994,0.0,0,20,3780.0
4308.0,0.49999999999999994,0.0,0,20,3780.0
4309.0,0.49999999999999994,0.0,0,20,3780.0
4310.0,0.49999999999999994,0.0,0,20,3780.0
4311.0,0.49999999999999994,0.0,0,20,3780.0
4312.0,0.49999999999999994,0.0,0,20,3780.0
4313.0,0.49999999999999994,0.0,0,20,3780.0
4314.0,0.49999999999999994,0.0,0,20,3780.0
4315.0,0.49999999999999994,0.0,0,20,3780.0
4316.0,0.49999999999999994,0.0,0,20,3780.0
4317.0,0.49999999999999994,0.0,0,20,3780.0
4318.0,0.49999999999999994,0.0,0,20,3780.0
4319.0,0.49999999999999994,0.0,0,20,3780.0
4320.0,0.49999999999999994,0.0,0,20,3780.0
4321.0,0.49999999999999994,0.0,0,20,3780.0
4322.0,0.49999999999999994,0.0,0,20,3780.0
4323.0,0.49999999999999994,0.0,0,20,3780.0
4324.0,0.49999999999999994,0.0,0,20,3780.0
4325.0,0.49999999999999994,0.0,0,20,3780.0
4326.0,0.49999999999999994,0.0,0,20,3780.0
4327.0,0.49999999999999994,0.0,0,20,3780.0
4328.0,0.49999999999999994,0.0,0,20,3780.0
4329.0,0.49999999999999994,0.0,0,20,3780.0
4330.0,0.49999999999999994,0.0,0,20,3780.0
4331.0,0.49999999999999994,0.0,0,20,3780.0
4332.0,0.49999999999999994,0.0,0,20,3780.0
4333.0,0.49999999999999994,0.0,0,20,3780.0
4334.0,0.49999999999999994,0.0,0,20,3780.0
4335.0,0.49999999999999994,0.0,0,20,3780.0
4336.0,0.49999999999999994,0.0,0,20,3780.0
4337.0,0.49999999999999994,0.0,0,20,3780.0
4338.0,0.49999999999999994,0.0,0,20,3780.0
4339.0,0.49999999999999994,0.0,0,20,3780.0
4340.0,0.49999999999999994,0.0,0,20,3780.0
4341.0,0.49999999999999994,0.0,0,20,3780.0
4342.0,0.49999999999999994,0.0,0,20,3780.0
4343.0,0.49999999999999994,0.0,0,20,3780.0
4344.0,0.49999999999999994,0.0,0,20,3780.0
4345.0,0.49999999999999994,0.0,0,20,3780.0
4346.0,0.49999999999999994,0.0,0,20,3780.0
4347.0,0.49999999999999994,0.0,0,20,3780.0
4348.0,0.49999999999999994,0.0,0,20,3780.0
4349.0,0.49999999999999994,0.0,0,20,3780.0
4350.0,0.49999999999999994,0.0,0,20,3780.0
4351.0,0.49999999999999994,0.0,0,20,3780.0
4352.0,0.49999999999999994,0.0,0,20,3780.0
4353.0,0.49999999999999994,0.0,0,20,3780.0
4354.0,0.49999999999999994,0.0,0,20,3780.0
4355.0,0.49999999999999994,0.0,0,20,3780.0
4356.0,0.49999999999999994,0.0,0,20,3780.0
4357.0,0.49999999999999994,0.0,0,20,3780.0
4358.0,0.49999999999999994,0.0,0,20,3780.0
4359.0,0.49999999999999994,0.0,0,20,3780.0
4360.0,0.49999999999999994,0.0,0,20,3780.0
4361.0,0.49999999999999994,0.0,0,20,3780.0
4362.0,0.49999999999999994,0.0,0,20,3780.0
4363.0,0.49999999999999994,0.0,0,20,3780.0
4364.0,0.49999999999999994,0.0,0,20,3780.0
4365.0,0.49999999999999994,0.0,0,20,3780.0
4366.0,0.49999999999999994,0.0,0,20,3780.0
4367.0,0.49999999999999994,0.0,0,20,3780.0
4368.0,0.49999999999999994,0.0,0,20,3780.0
4369.0,0.49999999999999994,0.0,0,20,3780.0
4370.0,0.49999999999999994,0.0,0,20,3780.0
4371.0,0.49999999999999994,0.0,0,20,3780.0
4372.0,0.49999999999999994,0.0,0,20,3780.0
4373.0,0.49999999999999994,0.0,0,20,3780.0
4374.0,0.49999999999999994,0.0,0,20,3780.0
4375.0,0.49999999999999994,0.0,0,20,3780.0
4376.0,0.49999999999999994,0.0,0,20,3780.0
4377.0,0.49999999999999994,0.0,0,20,3780.0
4378.0,0.49999999999999994,0.0,0,20,3780.0
4379.0,0.49999999999999994,0.0,0,20,3780.0
4380.0,0.49999999999999994,0.0,0,20,3780.0
4381.0,0.49999999999999994,0.0,0,20,3780.0
4382.0,0.49999999999999994,0.0,0,20,3780.0
4383.0,0.49999999999999994,0.0,0,20,3780.0
4384.0,0.49999999999999994,0.0,0,20,3780.0
4385.0,0.49999999999999994,0.0,0,20,3780.0
4386.0,0.49999999999999994,0.0,0,20,3780.0
4387.0,0.49999999999999994,0.0,0,20,3780.0
4388.0,0.49999999999999994,0.0,0,20,3780.0
4389.0,0.49999999999999994,0.0,0,20,3780.0
4390.0,0.49999999999999994,0.0,0,20,3780.0
4391.0,0.49999999999999994,0.0,0,20,3780.0
4392.0,0.49999999999999994,0.0,0,20,3780.0
4393.0,0.49999999999999994,0.0,0,20,3780.0
4394.0,0.49999999999999994,0.0,0,20,3780.0
4395.0,0.49999999999999994,0.0,0,20,3780.0
4396.0,0.49999999999999994,0.0,0,20,3780.0
4397.0,0.49999999999999994,0.0,0,20,3780.0
4398.0,0.49999999999999994,0.0,0,20,3780.0
4399.0,0.49999999999999994,0.0,0,20,3780.0
4400.0,0.49999999999999994,0.0,0,20,3780.0
4401.0,0.49999999999999994,0.0,0,20,3780.0
4402.0,0.49999999999999994,0.0,0,20,3780.0
4403.0,0.49999999999999994,0.0,0,20,3780.0
4404.0,0.49999999999999994,0.0,0,20,3780.0
4405.0,0.49999999999999994,0.0,0,20,3780.0
4406.0,0.49999999999999994,0.0,0,20,3780.0
4407.0,0.49999999999999994,0.0,0,20,3780.0
4408.0,0.49999999999999994,0.0,0,20,3780.0
4409.0,0.49999999999999994,0.0,0,20,3780.0
4410.0,0.49999999999999994,0.0,0,20,3780.0
4411.0,0.49999999999999994,0.0,0,20,3780.0
4412.0,0.49999999999999994,0.0,0,20,3780.0
4413.0,0.49999999999999994,0.0,0,20,3780.0
4414.0,0.49999999999999994,0.0,0,20,3780.0
4415.0,0.49999999999999994,0.0,0,20,3780.0
4416.0,0.49999999999999994,0.0,0,20,3780.0
4417.0,0.49999999999999994,0.0,0,20,3780.0
4418.0,0.49999999999999994,0.0,0,20,3780.0
4419.0,0.49999999999999994,0.0,0,20,3780.0
4420.0,0.49999999999999994,0.0,0,20,3780.0
4421.0,0.49999999999999994,0.0,0,20,3780.0
4422.0,0.49999999999999994,0.0,0,20,3780.0
4423.0,0.49999999999999994,0.0,0,20,3780.0
4424.0,0.49999999999999994,0.0,0,20,3780.0
4425.0,0.49999999999999994,0.0,0,20,3780.0
4426.0,0.49999999999999994,0.0,0,20,3780.0
4427.0,0.49999999999999994,0.0,0,20,3780.0
4428.0,0.49999999999999994,0.0,0,20,3780.0
4429.0,0.49999999999999994,0.0,0,20,3780.0
4430.0,0.49999999999999994,0.0,0,20,3780.0
4431.0,0.49999999999999994,0.0,0,20,3780.0
4432.0,0.49999999999999994,0.0,0,20,3780.0
4433.0,0.49999999999999994,0.0,0,20,3780.0
4434.0,0.49999999999999994,0.0,0,20,3780.0
4435.0,0.49999999999999994,0.0,0,20,3780.0
4436.0,0.49999999999999994,0.0,0,20,3780.0
4437.0,0.49999999999999994,0.0,0,20,3780.0
4438.0,0.49999999999999994,0.0,0,20,3780.0
4439.0,0.49999999999999994,0.0,0,20,3780.0
4440.0,0.49999999999999994,0.0,0,20,3780.0
4441.0,0.49999999999999994,0.0,0,20,3780.0
4442.0,0.49999999999999994,0.0,0,20,3780.0
4443.0,0.49999999999999994,0.0,0,20,3780.0
4444.0,0.49999999999999994,0.0,0,20,3780.0
4445.0,0.49999999999999994,0.0,0,20,3780.0
4446.0,0.49999999999999994,0.0,0,20,3780.0
4447.0,0.49999999999999994,0.0,0,20,3780.0
4448.0,0.49999999999999994,0.0,0,20,3780.0
4449.0,0.49999999999999994,0.0,0,20,3780.0
4450.0,0.49999999999999994,0.0,0,20,3780.0
4451.0,0.49999999999999994,0.0,0,20,3780.0
4452.0,0.49999999999999994,0.0,0,20,3780.0
4453.0,0.49999999999999994,0.0,0,20,3780.0
4454.0,0.49999999999999994,0.0,0,20,3780.0
4455.0,0.49999999999999994,0.0,0,20,3780.0
4456.0,0.49999999999999994,0.0,0,20,3780.0
4457.0,0.49999999999999994,0.0,0,20,3780.0
4458.0,0.49999999999999994,0.0,0,20,3780.0
4459.0,0.49999999999999994,0.0,0,20,3780.0
4460.0,0.49999999999999994,0.0,0,20,3780.0
4461.0,0.49999999999999994,0.0,0,20,3780.0
4462.0,0.49999999999999994,0.0,0,20,3780.0
4463.0,0.49999999999999994,0.0,0,20,3780.0
4464.0,0.49999999999999994,0.0,0,20,3780.0
4465.0,0.49999999999999994,0.0,0,20,3780.0
4466.0,0.49999999999999994,0.0,0,20,3780.0
4467.0,0.49999999999999994,0.0,0,20,3780.0
4468.0,0.49999999999999994,0.0,0,20,3780.0
4469.0,0.49999999999999994,0.0,0,20,3780.0
4470.0,0.49999999999999994,0.0,0,20,3780.0
4471.0,0.49999999999999994,0.0,0,20,3780.0
4472.0,0.49999999999999994,0.0,0,20,3780.0
4473.0,0.49999999999999994,0.0,0,20,3780.0
4474.0,0.49999999999999994,0.0,0,20,3780.0
4475.0,0.49999999999999994,0.0,0,20,3780.0
4476.0,0.49999999999999994,0.0,0,20,3780.0
4477.0,0.49999999999999994,0.0,0,20,3780.0
4478.0,0.49999999999999994,0.0,0,20,3780.0
4479.0,0.49999999999999994,0.0,0,20,3780.0
4480.0,0.49999999999999994,0.0,0,20,3780.0
4481.0,0.49999999999999994,0.0,0,20,3780.0
4482.0,0.49999999999999994,0.0,0,20,3780.0
4483.0,0.49999999999999994,0.0,0,20,3780.0
4484.0,0.49999999999999994,0.0,0,20,3780.0
4485.0,0.49999999999999994,0.0,0,20,3780.0
4486.0,0.49999999999999994,0.0,0,20,3780.0
4487.0,0.49999999999999994,0.0,0,20,3780.0
4488.0,0.49999999999999994,0.0,0,20,3780.0
4489.0,0.49999999999999994,0.0,0,20,3780.0
4490.0,0.49999999999999994,0.0,0,20,3780.0
4491.0,0.49999999999999994,0.0,0,20,3780.0
4492.0,0.49999999999999994,0.0,0,20,3780.0
4493.0,0.49999999999999994,0.0,0,20,3780.0
4494.0,0.49999999999999994,0.0,0,20,3780.0
4495.0,0.49999999999999994,0.0,0,20,3780.0
4496.0,0.49999999999999994,0.0,0,20,3780.0
4497.0,0.49999999999999994,0.0,0,20,3780.0
4498.0,0.49999999999999994,0.0,0,20,3780.0
4499.0,0.49999999999999994,0.0,0,20,3780.0
4500.0,0.49999999999999994,0.0,0,20,3780.0
4501.0,0.49999999999999994,0.0,0,20,3780.0
4502.0,0.49999999999999994,0.0,0,20,3780.0
4503.0,0.49999999999999994,0.0,0,20,3780.0
4504.0,0.49999999999999994,0.0,0,20,3780.0
4505.0,0.49999999999999994,0.0,0,20,3780.0
4506.0,0.49999999999999994,0.0,0,20,3780.0
4507.0,0.49999999999999994,0.0,0,20,3780.0
4508.0,0.49999999999999994,0.0,0,20,3780.0
4509.0,0.49999999999999994,0.0,0,20,3780.0
4510.0,0.49999999999999994,0.0,0,20,3780.0
4511.0,0.49999999999999994,0.0,0,20,3780.0
4512.0,0.49999999999999994,0.0,0,20,3780.0
4513.0,0.49999999999999994,0.0,0,20,3780.0
4514.0,0.49999999999999994,0.0,0,20,3780.0
4515.0,0.49999999999999994,0.0,0,20,3780.0
4516.0,0.49999999999999994,0.0,0,20,3780.0
4517.0,0.49999999999999994,0.0,0,20,3780.0
4518.0,0.49999999999999994,0.0,0,20,3780.0
4519.0,0.49999999999999994,0.0,0,20,3780.0
4520.0,0.49999999999999994,0.0,0,20,3780.0
4521.0,0.49999999999999994,0.0,0,20,3780.0
4522.0,0.49999999999999994,0.0,0,20,3780.0
4523.0,0.49999999999999994,0.0,0,20,3780.0
4524.0,0.49999999999999994,0.0,0,20,3780.0
4525.0,0.49999999999999994,0.0,0,20,3780.0
4526.0,0.49999999999999994,0.0,0,20,3780.0
4527.0,0.49999999999999994,0.0,0,20,3780.0
4528.0,0.49999999999999994,0.0,0,20,3780.0
4529.0,0.49999999999999994,0.0,0,20,3780.0
4530.0,0.49999999999999994,0.0,0,20,3780.0
4531.0,0.49999999999999994,0.0,0,20,3780.0
4532.0,0.49999999999999994,0.0,0,20,3780.0
4533.0,0.49999999999999994,0.0,0,20,3780.0
4534.0,0.49999999999999994,0.0,0,20,3780.0
4535.0,0.49999999999999994,0.0,0,20,3780.0
4536.0,0.49999999999999994,0.0,0,20,3780.0
4537.0,0.49999999999999994,0.0,0,20,3780.0
4538.0,0.49999999999999994,0.0,0,20,3780.0
4539.0,0.49999999999999994,0.0,0,20,3780.0
4540.0,0.49999999999999994,0.0,0,20,3780.0
4541.0,0.49999999999999994,0.0,0,20,3780.0
4542.0,0.49999999999999994,0.0,0,20,3780.0
4543.0,0.49999999999999994,0.0,0,20,3780.0
4544.0,0.49999999999999994,0.0,0,20,3780.0
4545.0,0.49999999999999994,0.0,0,20,3780.0
4546.0,0.49999999999999994,0.0,0,20,3780.0
4547.0,0.49999999999999994,0.0,0,20,3780.0
4548.0,0.49999999999999994,0.0,0,20,3780.0
4549.0,0.49999999999999994,0.0,0,20,3780.0
4550.0,0.49999999999999994,0.0,0,20,3780.0
4551.0,0.49999999999999994,0.0,0,20,3780.0
4552.0,0.49999999999999994,0.0,0,20,3780.0
4553.0,0.49999999999999994,0.0,0,20,3780.0
4554.0,0.49999999999999994,0.0,0,20,3780.0
4555.0,0.49999999999999994,0.0,0,20,3780.0
4556.0,0.49999999999999994,0.0,0,20,3780.0
4557.0,0.49999999999999994,0.0,0,20,3780.0
4558.0,0.49999999999999994,0.0,0,20,3780.0
4559.0,0.49999999999999994,0.0,0,20,3780.0
4560.0,0.49999999999999994,0.0,0,20,3780.0
4561.0,0.49999999999999994,0.0,0,20,3780.0
4562.0,0.49999999999999994,0.0,0,20,3780.0
4563.0,0.49999999999999994,0.0,0,20,3780.0
4564.0,0.49999999999999994,0.0,0,20,3780.0
4565.0,0.49999999999999994,0.0,0,20,3780.0
4566.0,0.49999999999999994,0.0,0,20,3780.0
4567.0,0.49999999999999994,0.0,0,20,3780.0
4568.0,0.49999999999999994,0.0,0,20,3780.0
4569.0,0.49999999999999994,0.0,0,20,3780.0
4570.0,0.49999999999999994,0.0,0,20,3780.0
4571.0,0.49999999999999994,0.0,0,20,3780.0
4572.0,0.49999999999999994,0.0,0,20,3780.0
4573.0,0.49999999999999994,0.0,0,20,3780.0
4574.0,0.49999999999999994,0.0,0,20,3780.0
4575.0,0.49999999999999994,0.0,0,20,3780.0
4576.0,0.49999999999999994,0.0,0,20,3780.0
4577.0,0.49999999999999994,0.0,0,20,3780.0
4578.0,0.49999999999999994,0.0,0,20,3780.0
4579.0,0.49999999999999994,0.0,0,20,3780.0
4580.0,0.49999999999999994,0.0,0,20,3780.0
4581.0,0.49999999999999994,0.0,0,20,3780.0
4582.0,0.49999999999999994,0.0,0,20,3780.0
4583.0,0.49999999999999994,0.0,0,20,3780.0
4584.0,0.49999999999999994,0.0,0,20,3780.0
4585.0,0.49999999999999994,0.0,0,20,3780.0
4586.0,0.49999999999999994,0.0,0,20,3780.0
4587.0,0.49999999999999994,0.0,0,20,3780.0
4588.0,0.49999999999999994,0.0,0,20,3780.0
4589.0,0.49999999999999994,0.0,0,20,3780.0
4590.0,0.49999999999999994,0.0,0,20,3780.0
4591.0,0.49999999999999994,0.0,0,20,3780.0
4592.0,0.49999999999999994,0.0,0,20,3780.0
4593.0,0.49999999999999994,0.0,0,20,3780.0
4594.0,0.49999999999999994,0.0,0,20,3780.0
4595.0,0.49999999999999994,0.0,0,20,3780.0
4596.0,0.49999999999999994,0.0,0,20,3780.0
4597.0,0.49999999999999994,0.0,0,20,3780.0
4598.0,0.49999999999999994,0.0,0,20,3780.0
4599.0,0.49999999999999994,0.0,0,20,3780.0
4600.0,0.49999999999999994,0.0,0,20,3780.0
4601.0,0.49999999999999994,0.0,0,20,3780.0
4602.0,0.49999999999999994,0.0,0,20,3780.0
4603.0,0.49999999999999994,0.0,0,20,3780.0
4604.0,0.49999999999999994,0.0,0,20,3780.0
4605.0,0.49999999999999994,0.0,0,20,3780.0
4606.0,0.49999999999999994,0.0,0,20,3780.0
4607.0,0.49999999999999994,0.0,0,20,3780.0
4608.0,0.49999999999999994,0.0,0,20,3780.0
4609.0,0.49999999999999994,0.0,0,20,3780.0
4610.0,0.49999999999999994,0.0,0,20,3780.0
4611.0,0.49999999999999994,0.0,0,20,3780.0
4612.0,0.49999999999999994,0.0,0,20,3780.0
4613.0,0.49999999999999994,0.0,0,20,3780.0
4614.0,0.49999999999999994,0.0,0,20,3780.0
4615.0,0.49999999999999994,0.0,0,20,3780.0
4616.0,0.49999999999999994,0.0,0,20,3780.0
4617.0,0.49999999999999994,0.0,0,20,3780.0
4618.0,0.49999999999999994,0.0,0,20,3780.0
4619.0,0.49999999999999994,0.0,0,20,3780.0
4620.0,0.49999999999999994,0.0,0,20,3780.0
4621.0,0.49999999999999994,0.0,0,20,3780.0
4622.0,0.49999999999999994,0.0,0,20,3780.0
4623.0,0.49999999999999994,0.0,0,20,3780.0
4624.0,0.49999999999999994,0.0,0,20,3780.0
4625.0,0.49999999999999994,0.0,0,20,3780.0
4626.0,0.49999999999999994,0.0,0,20,3780.0
4627.0,0.49999999999999994,0.0,0,20,3780.0
4628.0,0.49999999999999994,0.0,0,20,3780.0
4629.0,0.49999999999999994,0.0,0,20,3780.0
4630.0,0.49999999999999994,0.0,0,20,3780.0
4631.0,0.49999999999999994,0.0,0,20,3780.0
4632.0,0.49999999999999994,0.0,0,20,3780.0
4633.0,0.49999999999999994,0.0,0,20,3780.0
4634.0,0.49999999999999994,0.0,0,20,3780.0
4635.0,0.49999999999999994,0.0,0,20,3780.0
4636.0,0.49999999999999994,0.0,0,20,3780.0
4637.0,0.49999999999999994,0.0,0,20,3780.0
4638.0,0.49999999999999994,0.0,0,20,3780.0
4639.0,0.49999999999999994,0.0,0,20,3780.0
4640.0,0.49999999999999994,0.0,0,20,3780.0
4641.0,0.49999999999999994,0.0,0,20,3780.0
4642.0,0.49999999999999994,0.0,0,20,3780.0
4643.0,0.49999999999999994,0.0,0,20,3780.0
4644.0,0.49999999999999994,0.0,0,20,3780.0
4645.0,0.49999999999999994,0.0,0,20,3780.0
4646.0,0.49999999999999994,0.0,0,20,3780.0
4647.0,0.49999999999999994,0.0,0,20,3780.0
4648.0,0.49999999999999994,0.0,0,20,3780.0
4649.0,0.49999999999999994,0.0,0,20,3780.0
4650.0,0.49999999999999994,0.0,0,20,3780.0
4651.0,0.49999999999999994,0.0,0,20,3780.0
4652.0,0.49999999999999994,0.0,0,20,3780.0
4653.0,0.49999999999999994,0.0,0,20,3780.0
4654.0,0.49999999999999994,0.0,0,20,3780.0
4655.0,0.49999999999999994,0.0,0,20,3780.0
4656.0,0.49999999999999994,0.0,0,20,3780.0
4657.0,0.49999999999999994,0.0,0,20,3780.0
4658.0,0.49999999999999994,0.0,0,20,3780.0
4659.0,0.49999999999999994,0.0,0,20,3780.0
4660.0,0.49999999999999994,0.0,0,20,3780.0
4661.0,0.49999999999999994,0.0,0,20,3780.0
4662.0,0.49999999999999994,0.0,0,20,3780.0
4663.0,0.49999999999999994,0.0,0,20,3780.0
4664.0,0.49999999999999994,0.0,0,20,3780.0
4665.0,0.49999999999999994,0.0,0,20,3780.0
4666.0,0.49999999999999994,0.0,0,20,3780.0
4667.0,0.49999999999999994,0.0,0,20,3780.0
4668.0,0.49999999999999994,0.0,0,20,3780.0
4669.0,0.49999999999999994,0.0,0,20,3780.0
4670.0,0.49999999999999994,0.0,0,20,3780.0
4671.0,0.49999999999999994,0.0,0,20,3780.0
4672.0,0.49999999999999994,0.0,0,20,3780.0
4673.0,0.49999999999999994,0.0,0,20,3780.0
4674.0,0.49999999999999994,0.0,0,20,3780.0
4675.0,0.49999999999999994,0.0,0,20,3780.0
4676.0,0.49999999999999994,0.0,0,20,3780.0
4677.0,0.49999999999999994,0.0,0,20,3780.0
4678.0,0.49999999999999994,0.0,0,20,3780.0
4679.0,0.49999999999999994,0.0,0,20,3780.0
4680.0,0.49999999999999994,0.0,0,20,3780.0
4681.0,0.49999999999999994,0.0,0,20,3780.0
4682.0,0.49999999999999994,0.0,0,20,3780.0
4683.0,0.49999999999999994,0.0,0,20,3780.0
4684.0,0.49999999999999994,0.0,0,20,3780.0
4685.0,0.49999999999999994,0.0,0,20,3780.0
4686.0,0.49999999999999994,0.0,0,20,3780.0
4687.0,0.49999999999999994,0.0,0,20,3780.0
4688.0,0.49999999999999994,0.0,0,20,3780.0
4689.0,0.49999999999999994,0.0,0,20,3780.0
4690.0,0.49999999999999994,0.0,0,20,3780.0
4691.0,0.49999999999999994,0.0,0,20,3780.0
4692.0,0.49999999999999994,0.0,0,20,3780.0
4693.0,0.49999999999999994,0.0,0,20,3780.0
4694.0,0.49999999999999994,0.0,0,20,3780.0
4695.0,0.49999999999999994,0.0,0,20,3780.0
4696.0,0.49999999999999994,0.0,0,20,3780.0
4697.0,0.49999999999999994,0.0,0,20,3780.0
4698.0,0.49999999999999994,0.0,0,20,3780.0
4699.0,0.49999999999999994,0.0,0,20,3780.0
4700.0,0.49999999999999994,0.0,0,20,3780.0
4701.0,0.49999999999999994,0.0,0,20,3780.0
4702.0,0.49999999999999994,0.0,0,20,3780.0
4703.0,0.49999999999999994,0.0,0,20,3780.0
4704.0,0.49999999999999994,0.0,0,20,3780.0
4705.0,0.49999999999999994,0.0,0,20,3780.0
4706.0,0.49999999999999994,0.0,0,20,3780.0
4707.0,0.49999999999999994,0.0,0,20,3780.0
4708.0,0.49999999999999994,0.0,0,20,3780.0
4709.0,0.49999999999999994,0.0,0,20,3780.0
4710.0,0.49999999999999994,0.0,0,20,3780.0
4711.0,0.49999999999999994,0.0,0,20,3780.0
4712.0,0.49999999999999994,0.0,0,20,3780.0
4713.0,0.49999999999999994,0.0,0,20,3780.0
4714.0,0.49999999999999994,0.0,0,20,3780.0
4715.0,0.49999999999999994,0.0,0,20,3780.0
4716.0,0.49999999999999994,0.0,0,20,3780.0
4717.0,0.49999999999999994,0.0,0,20,3780.0
4718.0,0.49999999999999994,0.0,0,20,3780.0
4719.0,0.49999999999999994,0.0,0,20,3780.0
4720.0,0.49999999999999994,0.0,0,20,3780.0
4721.0,0.49999999999999994,0.0,0,20,3780.0
4722.0,0.49999999999999994,0.0,0,20,3780.0
4723.0,0.49999999999999994,0.0,0,20,3780.0
4724.0,0.49999999999999994,0.0,0,20,3780.0
4725.0,0.49999999999999994,0.0,0,20,3780.0
4726.0,0.49999999999999994,0.0,0,20,3780.0
4727.0,0.49999999999999994,0.0,0,20,3780.0
4728.0,0.49999999999999994,0.0,0,20,3780.0
4729.0,0.49999999999999994,0.0,0,20,3780.0
4730.0,0.49999999999999994,0.0,0,20,3780.0
4731.0,0.49999999999999994,0.0,0,20,3780.0
4732.0,0.49999999999999994,0.0,0,20,3780.0
4733.0,0.49999999999999994,0.0,0,20,3780.0
4734.0,0.49999999999999994,0.0,0,20,3780.0
4735.0,0.49999999999999994,0.0,0,20,3780.0
4736.0,0.49999999999999994,0.0,0,20,3780.0
4737.0,0.49999999999999994,0.0,0,20,3780.0
4738.0,0.49999999999999994,0.0,0,20,3780.0
4739.0,0.49999999999999994,0.0,0,20,3780.0
4740.0,0.49999999999999994,0.0,0,20,3780.0
4741.0,0.49999999999999994,0.0,0,20,3780.0
4742.0,0.49999999999999994,0.0,0,20,3780.0
4743.0,0.49999999999999994,0.0,0,20,3780.0
4744.0,0.49999999999999994,0.0,0,20,3780.0
4745.0,0.49999999999999994,0.0,0,20,3780.0
4746.0,0.49999999999999994,0.0,0,20,3780.0
4747.0,0.49999999999999994,0.0,0,20,3780.0
4748.0,0.49999999999999994,0.0,0,20,3780.0
4749.0,0.49999999999999994,0.0,0,20,3780.0
4750.0,0.49999999999999994,0.0,0,20,3780.0
4751.0,0.49999999999999994,0.0,0,20,3780.0
4752.0,0.49999999999999994,0.0,0,20,3780.0
4753.0,0.49999999999999994,0.0,0,20,3780.0
4754.0,0.49999999999999994,0.0,0,20,3780.0
4755.0,0.49999999999999994,0.0,0,20,3780.0
4756.0,0.49999999999999994,0.0,0,20,3780.0
4757.0,0.49999999999999994,0.0,0,20,3780.0
4758.0,0.49999999999999994,0.0,0,20,3780.0
4759.0,0.49999999999999994,0.0,0,20,3780.0
4760.0,0.49999999999999994,0.0,0,20,3780.0
4761.0,0.49999999999999994,0.0,0,20,3780.0
4762.0,0.49999999999999994,0.0,0,20,3780.0
4763.0,0.49999999999999994,0.0,0,20,3780.0
4764.0,0.49999999999999994,0.0,0,20,3780.0
4765.0,0.49999999999999994,0.0,0,20,3780.0
4766.0,0.49999999999999994,0.0,0,20,3780.0
4767.0,0.49999999999999994,0.0,0,20,3780.0
4768.0,0.49999999999999994,0.0,0,20,3780.0
4769.0,0.49999999999999994,0.0,0,20,3780.0
4770.0,0.49999999999999994,0.0,0,20,3780.0
4771.0,0.49999999999999994,0.0,0,20,3780.0
4772.0,0.49999999999999994,0.0,0,20,3780.0
4773.0,0.49999999999999994,0.0,0,20,3780.0
4774.0,0.49999999999999994,0.0,0,20,3780.0
4775.0,0.49999999999999994,0.0,0,20,3780.0
4776.0,0.49999999999999994,0.0,0,20,3780.0
4777.0,0.49999999999999994,0.0,0,20,3780.0
4778.0,0.49999999999999994,0.0,0,20,3780.0
4779.0,0.49999999999999994,0.0,0,20,3780.0
4780.0,0.49999999999999994,0.0,0,20,3780.0
4781.0,0.49999999999999994,0.0,0,20,3780.0
4782.0,0.49999999999999994,0.0,0,20,3780.0
4783.0,0.49999999999999994,0.0,0,20,3780.0
4784.0,0.49999999999999994,0.0,0,20,3780.0
4785.0,0.49999999999999994,0.0,0,20,3780.0
4786.0,0.49999999999999994,0.0,0,20,3780.0
4787.0,0.49999999999999994,0.0,0,20,3780.0
4788.0,0.49999999999999994,0.0,0,20,3780.0
4789.0,0.49999999999999994,0.0,0,20,3780.0
4790.0,0.49999999999999994,0.0,0,20,3780.0
4791.0,0.49999999999999994,0.0,0,20,3780.0
4792.0,0.49999999999999994,0.0,0,20,3780.0
4793.0,0.49999999999999994,0.0,0,20,3780.0
4794.0,0.49999999999999994,0.0,0,20,3780.0
4795.0,0.49999999999999994,0.0,0,20,3780.0
4796.0,0.49999999999999994,0.0,0,20,3780.0
4797.0,0.49999999999999994,0.0,0,20,3780.0
4798.0,0.49999999999999994,0.0,0,20,3780.0
4799.0,0.49999999999999994,0.0,0,20,3780.0
4800.0,0.49999999999999994,0.0,0,20,3780.0
4801.0,0.49999999999999994,0.0,0,20,3780.0
4802.0,0.49999999999999994,0.0,0,20,3780.0
4803.0,0.49999999999999994,0.0,0,20,3780.0
4804.0,0.49999999999999994,0.0,0,20,3780.0
4805.0,0.49999999999999994,0.0,0,20,3780.0
4806.0,0.49999999999999994,0.0,0,20,3780.0
4807.0,0.49999999999999994,0.0,0,20,3780.0
4808.0,0.49999999999999994,0.0,0,20,3780.0
4809.0,0.49999999999999994,0.0,0,20,3780.0
4810.0,0.49999999999999994,0.0,0,20,3780.0
4811.0,0.49999999999999994,0.0,0,20,3780.0
4812.0,0.49999999999999994,0.0,0,20,3780.0
4813.0,0.49999999999999994,0.0,0,20,3780.0
4814.0,0.49999999999999994,0.0,0,20,3780.0
4815.0,0.49999999999999994,0.0,0,20,3780.0
4816.0,0.49999999999999994,0.0,0,20,3780.0
4817.0,0.49999999999999994,0.0,0,20,3780.0
4818.0,0.49999999999999994,0.0,0,20,3780.0
4819.0,0.49999999999999994,0.0,0,20,3780.0
4820.0,0.49999999999999994,0.0,0,20,3780.0
4821.0,0.49999999999999994,0.0,0,20,3780.0
4822.0,0.49999999999999994,0.0,0,20,3780.0
4823.0,0.49999999999999994,0.0,0,20,3780.0
4824.0,0.49999999999999994,0.0,0,20,3780.0
4825.0,0.49999999999999994,0.0,0,20,3780.0
4826.0,0.49999999999999994,0.0,0,20,3780.0
4827.0,0.49999999999999994,0.0,0,20,3780.0
4828.0,0.49999999999999994,0.0,0,20,3780.0
4829.0,0.49999999999999994,0.0,0,20,3780.0
4830.0,0.49999999999999994,0.0,0,20,3780.0
4831.0,0.49999999999999994,0.0,0,20,3780.0
4832.0,0.49999999999999994,0.0,0,20,3780.0
4833.0,0.49999999999999994,0.0,0,20,3780.0
4834.0,0.49999999999999994,0.0,0,20,3780.0
4835.0,0.49999999999999994,0.0,0,20,3780.0
4836.0,0.49999999999999994,0.0,0,20,3780.0
4837.0,0.49999999999999994,0.0,0,20,3780.0
4838.0,0.49999999999999994,0.0,0,20,3780.0
4839.0,0.49999999999999994,0.0,0,20,3780.0
4840.0,0.49999999999999994,0.0,0,20,3780.0
4841.0,0.49999999999999994,0.0,0,20,3780.0
4842.0,0.49999999999999994,0.0,0,20,3780.0
4843.0,0.49999999999999994,0.0,0,20,3780.0
4844.0,0.49999999999999994,0.0,0,20,3780.0
4845.0,0.49999999999999994,0.0,0,20,3780.0
4846.0,0.49999999999999994,0.0,0,20,3780.0
4847.0,0.49999999999999994,0.0,0,20,3780.0
4848.0,0.49999999999999994,0.0,0,20,3780.0
4849.0,0.49999999999999994,0.0,0,20,3780.0
4850.0,0.49999999999999994,0.0,0,20,3780.0
4851.0,0.49999999999999994,0.0,0,20,3780.0
4852.0,0.49999999999999994,0.0,0,20,3780.0
4853.0,0.49999999999999994,0.0,0,20,3780.0
4854.0,0.49999999999999994,0.0,0,20,3780.0
4855.0,0.49999999999999994,0.0,0,20,3780.0
4856.0,0.49999999999999994,0.0,0,20,3780.0
4857.0,0.49999999999999994,0.0,0,20,3780.0
4858.0,0.49999999999999994,0.0,0,20,3780.0
4859.0,0.49999999999999994,0.0,0,20,3780.0
4860.0,0.49999999999999994,0.0,0,20,3780.0
4861.0,0.49999999999999994,0.0,0,20,3780.0
4862.0,0.49999999999999994,0.0,0,20,3780.0
4863.0,0.49999999999999994,0.0,0,20,3780.0
4864.0,0.49999999999999994,0.0,0,20,3780.0
4865.0,0.49999999999999994,0.0,0,20,3780.0
4866.0,0.49999999999999994,0.0,0,20,3780.0
4867.0,0.49999999999999994,0.0,0,20,3780.0
4868.0,0.49999999999999994,0.0,0,20,3780.0
4869.0,0.49999999999999994,0.0,0,20,3780.0
4870.0,0.49999999999999994,0.0,0,20,3780.0
4871.0,0.49999999999999994,0.0,0,20,3780.0
4872.0,0.49999999999999994,0.0,0,20,3780.0
4873.0,0.49999999999999994,0.0,0,20,3780.0
4874.0,0.49999999999999994,0.0,0,20,3780.0
4875.0,0.49999999999999994,0.0,0,20,3780.0
4876.0,0.49999999999999994,0.0,0,20,3780.0
4877.0,0.49999999999999994,0.0,0,20,3780.0
4878.0,0.49999999999999994,0.0,0,20,3780.0
4879.0,0.49999999999999994,0.0,0,20,3780.0
4880.0,0.49999999999999994,0.0,0,20,3780.0
4881.0,0.49999999999999994,0.0,0,20,3780.0
4882.0,0.49999999999999994,0.0,0,20,3780.0
4883.0,0.49999999999999994,0.0,0,20,3780.0
4884.0,0.49999999999999994,0.0,0,20,3780.0
4885.0,0.49999999999999994,0.0,0,20,3780.0
4886.0,0.49999999999999994,0.0,0,20,3780.0
4887.0,0.49999999999999994,0.0,0,20,3780.0
4888.0,0.49999999999999994,0.0,0,20,3780.0
4889.0,0.49999999999999994,0.0,0,20,3780.0
4890.0,0.49999999999999994,0.0,0,20,3780.0
4891.0,0.49999999999999994,0.0,0,20,3780.0
4892.0,0.49999999999999994,0.0,0,20,3780.0
4893.0,0.49999999999999994,0.0,0,20,3780.0
4894.0,0.49999999999999994,0.0,0,20,3780.0
4895.0,0.49999999999999994,0.0,0,20,3780.0
4896.0,0.49999999999999994,0.0,0,20,3780.0
4897.0,0.49999999999999994,0.0,0,20,3780.0
4898.0,0.49999999999999994,0.0,0,20,3780.0
4899.0,0.49999999999999994,0.0,0,20,3780.0
4900.0,0.49999999999999994,0.0,0,20,3780.0
4901.0,0.49999999999999994,0.0,0,20,3780.0
4902.0,0.49999999999999994,0.0,0,20,3780.0
4903.0,0.49999999999999994,0.0,0,20,3780.0
4904.0,0.49999999999999994,0.0,0,20,3780.0
4905.0,0.49999999999999994,0.0,0,20,3780.0
4906.0,0.49999999999999994,0.0,0,20,3780.0
4907.0,0.49999999999999994,0.0,0,20,3780.0
4908.0,0.49999999999999994,0.0,0,20,3780.0
4909.0,0.49999999999999994,0.0,0,20,3780.0
4910.0,0.49999999999999994,0.0,0,20,3780.0
4911.0,0.49999999999999994,0.0,0,20,3780.0
4912.0,0.49999999999999994,0.0,0,20,3780.0
4913.0,0.49999999999999994,0.0,0,20,3780.0
4914.0,0.49999999999999994,0.0,0,20,3780.0
4915.0,0.49999999999999994,0.0,0,20,3780.0
4916.0,0.49999999999999994,0.0,0,20,3780.0
4917.0,0.49999999999999994,0.0,0,20,3780.0
4918.0,0.49999999999999994,0.0,0,20,3780.0
4919.0,0.49999999999999994,0.0,0,20,3780.0
4920.0,0.49999999999999994,0.0,0,20,3780.0
4921.0,0.49999999999999994,0.0,0,20,3780.0
4922.0,0.49999999999999994,0.0,0,20,3780.0
4923.0,0.49999999999999994,0.0,0,20,3780.0
4924.0,0.49999999999999994,0.0,0,20,3780.0
4925.0,0.49999999999999994,0.0,0,20,3780.0
4926.0,0.49999999999999994,0.0,0,20,3780.0
4927.0,0.49999999999999994,0.0,0,20,3780.0
4928.0,0.49999999999999994,0.0,0,20,3780.0
4929.0,0.49999999999999994,0.0,0,20,3780.0
4930.0,0.49999999999999994,0.0,0,20,3780.0
4931.0,0.49999999999999994,0.0,0,20,3780.0
4932.0,0.49999999999999994,0.0,0,20,3780.0
4933.0,0.49999999999999994,0.0,0,20,3780.0
4934.0,0.49999999999999994,0.0,0,20,3780.0
4935.0,0.49999999999999994,0.0,0,20,3780.0
4936.0,0.49999999999999994,0.0,0,20,3780.0
4937.0,0.49999999999999994,0.0,0,20,3780.0
4938.0,0.49999999999999994,0.0,0,20,3780.0
4939.0,0.49999999999999994,0.0,0,20,3780.0
4940.0,0.49999999999999994,0.0,0,20,3780.0
4941.0,0.49999999999999994,0.0,0,20,3780.0
4942.0,0.49999999999999994,0.0,0,20,3780.0
4943.0,0.49999999999999994,0.0,0,20,3780.0
4944.0,0.49999999999999994,0.0,0,20,3780.0
4945.0,0.49999999999999994,0.0,0,20,3780.0
4946.0,0.49999999999999994,0.0,0,20,3780.0
4947.0,0.49999999999999994,0.0,0,20,3780.0
4948.0,0.49999999999999994,0.0,0,20,3780.0
4949.0,0.49999999999999994,0.0,0,20,3780.0
4950.0,0.49999999999999994,0.0,0,20,3780.0
4951.0,0.49999999999999994,0.0,0,20,3780.0
4952.0,0.49999999999999994,0.0,0,20,3780.0
4953.0,0.49999999999999994,0.0,0,20,3780.0
4954.0,0.49999999999999994,0.0,0,20,3780.0
4955.0,0.49999999999999994,0.0,0,20,3780.0
4956.0,0.49999999999999994,0.0,0,20,3780.0
4957.0,0.49999999999999994,0.0,0,20,3780.0
4958.0,0.49999999999999994,0.0,0,20,3780.0
4959.0,0.49999999999999994,0.0,0,20,3780.0
4960.0,0.49999999999999994,0.0,0,20,3780.0
4961.0,0.49999999999999994,0.0,0,20,3780.0
4962.0,0.49999999999999994,0.0,0,20,3780.0
4963.0,0.49999999999999994,0.0,0,20,3780.0
4964.0,0.49999999999999994,0.0,0,20,3780.0
4965.0,0.49999999999999994,0.0,0,20,3780.0
4966.0,0.49999999999999994,0.0,0,20,3780.0
4967.0,0.49999999999999994,0.0,0,20,3780.0
4968.0,0.49999999999999994,0.0,0,20,3780.0
4969.0,0.49999999999999994,0.0,0,20,3780.0
4970.0,0.49999999999999994,0.0,0,20,3780.0
4971.0,0.49999999999999994,0.0,0,20,3780.0
4972.0,0.49999999999999994,0.0,0,20,3780.0
4973.0,0.49999999999999994,0.0,0,20,3780.0
4974.0,0.49999999999999994,0.0,0,20,3780.0
4975.0,0.49999999999999994,0.0,0,20,3780.0
4976.0,0.49999999999999994,0.0,0,20,3780.0
4977.0,0.49999999999999994,0.0,0,20,3780.0
4978.0,0.49999999999999994,0.0,0,20,3780.0
4979.0,0.49999999999999994,0.0,0,20,3780.0
4980.0,0.49999999999999994,0.0,0,20,3780.0
4981.0,0.49999999999999994,0.0,0,20,3780.0
4982.0,0.49999999999999994,0.0,0,20,3780.0
4983.0,0.49999999999999994,0.0,0,20,3780.0
4984.0,0.49999999999999994,0.0,0,20,3780.0
4985.0,0.49999999999999994,0.0,0,20,3780.0
4986.0,0.49999999999999994,0.0,0,20,3780.0
4987.0,0.49999999999999994,0.0,0,20,3780.0
4988.0,0.49999999999999994,0.0,0,20,3780.0
4989.0,0.49999999999999994,0.0,0,20,3780.0
4990.0,0.49999999999999994,0.0,0,20,3780.0
4991.0,0.49999999999999994,0.0,0,20,3780.0
4992.0,0.49999999999999994,0.0,0,20,3780.0
4993.0,0.49999999999999994,0.0,0,20,3780.0
4994.0,0.49999999999999994,0.0,0,20,3780.0
4995.0,0.49999999999999994,0.0,0,20,3780.0
4996.0,0.49999999999999994,0.0,0,20,3780.0
4997.0,0.49999999999999994,0.0,0,20,3780.0
4998.0,0.49999999999999994,0.0,0,20,3780.0
4999.0,0.49999999999999994,0.0,0,20,3780.0
5000.0,0.49999999999999994,0.0,0,20,3780.0
5001.0,0.49999999999999994,0.0,0,20,3780.0
5002.0,0.49999999999999994,0.0,0,20,3780.0
5003.0,0.49999999999999994,0.0,0,20,3780.0
5004.0,0.49999999999999994,0.0,0,20,3780.0
5005.0,0.49999999999999994,0.0,0,20,3780.0
5006.0,0.49999999999999994,0.0,0,20,3780.0
5007.0,0.49999999999999994,0.0,0,20,3780.0
5008.0,0.49999999999999994,0.0,0,20,3780.0
5009.0,0.49999999999999994,0.0,0,20,3780.0
5010.0,0.49999999999999994,0.0,0,20,3780.0
5011.0,0.49999999999999994,0.0,0,20,3780.0
5012.0,0.49999999999999994,0.0,0,20,3780.0
5013.0,0.49999999999999994,0.0,0,20,3780.0
5014.0,0.49999999999999994,0.0,0,20,3780.0
5015.0,0.49999999999999994,0.0,0,20,3780.0
5016.0,0.49999999999999994,0.0,0,20,3780.0
5017.0,0.49999999999999994,0.0,0,20,3780.0
5018.0,0.49999999999999994,0.0,0,20,3780.0
5019.0,0.49999999999999994,0.0,0,20,3780.0
5020.0,0.49999999999999994,0.0,0,20,3780.0
5021.0,0.49999999999999994,0.0,0,20,3780.0
5022.0,0.49999999999999994,0.0,0,20,3780.0
5023.0,0.49999999999999994,0.0,0,20,3780.0
5024.0,0.49999999999999994,0.0,0,20,3780.0
5025.0,0.49999999999999994,0.0,0,20,3780.0
5026.0,0.49999999999999994,0.0,0,20,3780.0
5027.0,0.49999999999999994,0.0,0,20,3780.0
5028.0,0.49999999999999994,0.0,0,20,3780.0
5029.0,0.49999999999999994,0.0,0,20,3780.0
5030.0,0.49999999999999994,0.0,0,20,3780.0
5031.0,0.49999999999999994,0.0,0,20,3780.0
5032.0,0.49999999999999994,0.0,0,20,3780.0
5033.0,0.49999999999999994,0.0,0,20,3780.0
5034.0,0.49999999999999994,0.0,0,20,3780.0
5035.0,0.49999999999999994,0.0,0,20,3780.0
5036.0,0.49999999999999994,0.0,0,20,3780.0
5037.0,0.49999999999999994,0.0,0,20,3780.0
5038.0,0.49999999999999994,0.0,0,20,3780.0
5039.0,0.49999999999999994,0.0,0,20,3780.0
5040.0,0.49999999999999994,0.0,0,20,3780.0
5041.0,0.49999999999999994,0.0,0,20,3780.0
5042.0,0.49999999999999994,0.0,0,20,3780.0
5043.0,0.49999999999999994,0.0,0,20,3780.0
5044.0,0.49999999999999994,0.0,0,20,3780.0
5045.0,0.49999999999999994,0.0,0,20,3780.0
5046.0,0.49999999999999994,0.0,0,20,3780.0
5047.0,0.49999999999999994,0.0,0,20,3780.0
5048.0,0.49999999999999994,0.0,0,20,3780.0
5049.0,0.49999999999999994,0.0,0,20,3780.0
5050.0,0.49999999999999994,0.0,0,20,3780.0
5051.0,0.49999999999999994,0.0,0,20,3780.0
5052.0,0.49999999999999994,0.0,0,20,3780.0
5053.0,0.49999999999999994,0.0,0,20,3780.0
5054.0,0.49999999999999994,0.0,0,20,3780.0
5055.0,0.49999999999999994,0.0,0,20,3780.0
5056.0,0.49999999999999994,0.0,0,20,3780.0
5057.0,0.49999999999999994,0.0,0,20,3780.0
5058.0,0.49999999999999994,0.0,0,20,3780.0
5059.0,0.49999999999999994,0.0,0,20,3780.0
5060.0,0.49999999999999994,0.0,0,20,3780.0
5061.0,0.49999999999999994,0.0,0,20,3780.0
5062.0,0.49999999999999994,0.0,0,20,3780.0
5063.0,0.49999999999999994,0.0,0,20,3780.0
5064.0,0.49999999999999994,0.0,0,20,3780.0
5065.0,0.49999999999999994,0.0,0,20,3780.0
5066.0,0.49999999999999994,0.0,0,20,3780.0
5067.0,0.49999999999999994,0.0,0,20,3780.0
5068.0,0.49999999999999994,0.0,0,20,3780.0
5069.0,0.49999999999999994,0.0,0,20,3780.0
5070.0,0.49999999999999994,0.0,0,20,3780.0
5071.0,0.49999999999999994,0.0,0,20,3780.0
5072.0,0.49999999999999994,0.0,0,20,3780.0
5073.0,0.49999999999999994,0.0,0,20,3780.0
5074.0,0.49999999999999994,0.0,0,20,3780.0
5075.0,0.49999999999999994,0.0,0,20,3780.0
5076.0,0.49999999999999994,0.0,0,20,3780.0
5077.0,0.49999999999999994,0.0,0,20,3780.0
5078.0,0.49999999999999994,0.0,0,20,3780.0
5079.0,0.49999999999999994,0.0,0,20,3780.0
5080.0,0.49999999999999994,0.0,0,20,3780.0
5081.0,0.49999999999999994,0.0,0,20,3780.0
5082.0,0.49999999999999994,0.0,0,20,3780.0
5083.0,0.49999999999999994,0.0,0,20,3780.0
5084.0,0.49999999999999994,0.0,0,20,3780.0
5085.0,0.49999999999999994,0.0,0,20,3780.0
5086.0,0.49999999999999994,0.0,0,20,3780.0
5087.0,0.49999999999999994,0.0,0,20,3780.0
5088.0,0.49999999999999994,0.0,0,20,3780.0
5089.0,0.49999999999999994,0.0,0,20,3780.0
5090.0,0.49999999999999994,0.0,0,20,3780.0
5091.0,0.49999999999999994,0.0,0,20,3780.0
5092.0,0.49999999999999994,0.0,0,20,3780.0
5093.0,0.49999999999999994,0.0,0,20,3780.0
5094.0,0.49999999999999994,0.0,0,20,3780.0
5095.0,0.49999999999999994,0.0,0,20,3780.0
5096.0,0.49999999999999994,0.0,0,20,3780.0
5097.0,0.49999999999999994,0.0,0,20,3780.0
5098.0,0.49999999999999994,0.0,0,20,3780.0
5099.0,0.49999999999999994,0.0,0,20,3780.0
5100.0,0.49999999999999994,0.0,0,20,3780.0
5101.0,0.49999999999999994,0.0,0,20,3780.0
5102.0,0.49999999999999994,0.0,0,20,3780.0
5103.0,0.49999999999999994,0.0,0,20,3780.0
5104.0,0.49999999999999994,0.0,0,20,3780.0
5105.0,0.49999999999999994,0.0,0,20,3780.0
5106.0,0.49999999999999994,0.0,0,20,3780.0
5107.0,0.49999999999999994,0.0,0,20,3780.0
5108.0,0.49999999999999994,0.0,0,20,3780.0
5109.0,0.49999999999999994,0.0,0,20,3780.0
5110.0,0.49999999999999994,0.0,0,20,3780.0
5111.0,0.49999999999999994,0.0,0,20,3780.0
5112.0,0.49999999999999994,0.0,0,20,3780.0
5113.0,0.49999999999999994,0.0,0,20,3780.0
5114.0,0.49999999999999994,0.0,0,20,3780.0
5115.0,0.49999999999999994,0.0,0,20,3780.0
5116.0,0.49999999999999994,0.0,0,20,3780.0
5117.0,0.49999999999999994,0.0,0,20,3780.0
5118.0,0.49999999999999994,0.0,0,20,3780.0
5119.0,0.49999999999999994,0.0,0,20,3780.0
5120.0,0.49999999999999994,0.0,0,20,3780.0
5121.0,0.49999999999999994,0.0,0,20,3780.0
5122.0,0.49999999999999994,0.0,0,20,3780.0
5123.0,0.49999999999999994,0.0,0,20,3780.0
5124.0,0.49999999999999994,0.0,0,20,3780.0
5125.0,0.49999999999999994,0.0,0,20,3780.0
5126.0,0.49999999999999994,0.0,0,20,3780.0
5127.0,0.49999999999999994,0.0,0,20,3780.0
5128.0,0.49999999999999994,0.0,0,20,3780.0
5129.0,0.49999999999999994,0.0,0,20,3780.0
5130.0,0.49999999999999994,0.0,0,20,3780.0
5131.0,0.49999999999999994,0.0,0,20,3780.0
5132.0,0.49999999999999994,0.0,0,20,3780.0
5133.0,0.49999999999999994,0.0,0,20,3780.0
5134.0,0.49999999999999994,0.0,0,20,3780.0
5135.0,0.49999999999999994,0.0,0,20,3780.0
5136.0,0.49999999999999994,0.0,0,20,3780.0
5137.0,0.49999999999999994,0.0,0,20,3780.0
5138.0,0.49999999999999994,0.0,0,20,3780.0
5139.0,0.49999999999999994,0.0,0,20,3780.0
5140.0,0.49999999999999994,0.0,0,20,3780.0
5141.0,0.49999999999999994,0.0,0,20,3780.0
5142.0,0.49999999999999994,0.0,0,20,3780.0
5143.0,0.49999999999999994,0.0,0,20,3780.0
5144.0,0.49999999999999994,0.0,0,20,3780.0
5145.0,0.49999999999999994,0.0,0,20,3780.0
5146.0,0.49999999999999994,0.0,0,20,3780.0
5147.0,0.49999999999999994,0.0,0,20,3780.0
5148.0,0.49999999999999994,0.0,0,20,3780.0
5149.0,0.49999999999999994,0.0,0,20,3780.0
5150.0,0.49999999999999994,0.0,0,20,3780.0
5151.0,0.49999999999999994,0.0,0,20,3780.0
5152.0,0.49999999999999994,0.0,0,20,3780.0
5153.0,0.49999999999999994,0.0,0,20,3780.0
5154.0,0.49999999999999994,0.0,0,20,3780.0
5155.0,0.49999999999999994,0.0,0,20,3780.0
5156.0,0.49999999999999994,0.0,0,20,3780.0
5157.0,0.49999999999999994,0.0,0,20,3780.0
5158.0,0.49999999999999994,0.0,0,20,3780.0
5159.0,0.49999999999999994,0.0,0,20,3780.0
5160.0,0.49999999999999994,0.0,0,20,3780.0
5161.0,0.49999999999999994,0.0,0,20,3780.0
5162.0,0.49999999999999994,0.0,0,20,3780.0
5163.0,0.49999999999999994,0.0,0,20,3780.0
5164.0,0.49999999999999994,0.0,0,20,3780.0
5165.0,0.49999999999999994,0.0,0,20,3780.0
5166.0,0.49999999999999994,0.0,0,20,3780.0
5167.0,0.49999999999999994,0.0,0,20,3780.0
5168.0,0.49999999999999994,0.0,0,20,3780.0
5169.0,0.49999999999999994,0.0,0,20,3780.0
5170.0,0.49999999999999994,0.0,0,20,3780.0
5171.0,0.49999999999999994,0.0,0,20,3780.0
5172.0,0.49999999999999994,0.0,0,20,3780.0
5173.0,0.49999999999999994,0.0,0,20,3780.0
5174.0,0.49999999999999994,0.0,0,20,3780.0
5175.0,0.49999999999999994,0.0,0,20,3780.0
5176.0,0.49999999999999994,0.0,0,20,3780.0
5177.0,0.49999999999999994,0.0,0,20,3780.0
5178.0,0.49999999999999994,0.0,0,20,3780.0
5179.0,0.49999999999999994,0.0,0,20,3780.0
5180.0,0.49999999999999994,0.0,0,20,3780.0
5181.0,0.49999999999999994,0.0,0,20,3780.0
5182.0,0.49999999999999994,0.0,0,20,3780.0
5183.0,0.49999999999999994,0.0,0,20,3780.0
5184.0,0.49999999999999994,0.0,0,20,3780.0
5185.0,0.49999999999999994,0.0,0,20,3780.0
5186.0,0.49999999999999994,0.0,0,20,3780.0
5187.0,0.49999999999999994,0.0,0,20,3780.0
5188.0,0.49999999999999994,0.0,0,20,3780.0
5189.0,0.49999999999999994,0.0,0,20,3780.0
5190.0,0.49999999999999994,0.0,0,20,3780.0
5191.0,0.49999999999999994,0.0,0,20,3780.0
5192.0,0.49999999999999994,0.0,0,20,3780.0
5193.0,0.49999999999999994,0.0,0,20,3780.0
5194.0,0.49999999999999994,0.0,0,20,3780.0
5195.0,0.49999999999999994,0.0,0,20,3780.0
5196.0,0.49999999999999994,0.0,0,20,3780.0
5197.0,0.49999999999999994,0.0,0,20,3780.0
5198.0,0.49999999999999994,0.0,0,20,3780.0
5199.0,0.49999999999999994,0.0,0,20,3780.0
5200.0,0.49999999999999994,0.0,0,20,3780.0
5201.0,0.49999999999999994,0.0,0,20,3780.0
5202.0,0.49999999999999994,0.0,0,20,3780.0
5203.0,0.49999999999999994,0.0,0,20,3780.0
5204.0,0.49999999999999994,0.0,0,20,3780.0
5205.0,0.49999999999999994,0.0,0,20,3780.0
5206.0,0.49999999999999994,0.0,0,20,3780.0
5207.0,0.49999999999999994,0.0,0,20,3780.0
5208.0,0.49999999999999994,0.0,0,20,3780.0
5209.0,0.49999999999999994,0.0,0,20,3780.0
5210.0,0.49999999999999994,0.0,0,20,3780.0
5211.0,0.49999999999999994,0.0,0,20,3780.0
5212.0,0.49999999999999994,0.0,0,20,3780.0
5213.0,0.49999999999999994,0.0,0,20,3780.0
5214.0,0.49999999999999994,0.0,0,20,3780.0
5215.0,0.49999999999999994,0.0,0,20,3780.0
5216.0,0.49999999999999994,0.0,0,20,3780.0
5217.0,0.49999999999999994,0.0,0,20,3780.0
5218.0,0.49999999999999994,0.0,0,20,3780.0
5219.0,0.49999999999999994,0.0,0,20,3780.0
5220.0,0.49999999999999994,0.0,0,20,3780.0
5221.0,0.49999999999999994,0.0,0,20,3780.0
5222.0,0.49999999999999994,0.0,0,20,3780.0
5223.0,0.49999999999999994,0.0,0,20,3780.0
5224.0,0.49999999999999994,0.0,0,20,3780.0
5225.0,0.49999999999999994,0.0,0,20,3780.0
5226.0,0.49999999999999994,0.0,0,20,3780.0
5227.0,0.49999999999999994,0.0,0,20,3780.0
5228.0,0.49999999999999994,0.0,0,20,3780.0
5229.0,0.49999999999999994,0.0,0,20,3780.0
5230.0,0.49999999999999994,0.0,0,20,3780.0
5231.0,0.49999999999999994,0.0,0,20,3780.0
5232.0,0.49999999999999994,0.0,0,20,3780.0
5233.0,0.49999999999999994,0.0,0,20,3780.0
5234.0,0.49999999999999994,0.0,0,20,3780.0
5235.0,0.49999999999999994,0.0,0,20,3780.0
5236.0,0.49999999999999994,0.0,0,20,3780.0
5237.0,0.49999999999999994,0.0,0,20,3780.0
5238.0,0.49999999999999994,0.0,0,20,3780.0
5239.0,0.49999999999999994,0.0,0,20,3780.0
5240.0,0.49999999999999994,0.0,0,20,3780.0
5241.0,0.49999999999999994,0.0,0,20,3780.0
5242.0,0.49999999999999994,0.0,0,20,3780.0
5243.0,0.49999999999999994,0.0,0,20,3780.0
5244.0,0.49999999999999994,0.0,0,20,3780.0
5245.0,0.49999999999999994,0.0,0,20,3780.0
5246.0,0.49999999999999994,0.0,0,20,3780.0
5247.0,0.49999999999999994,0.0,0,20,3780.0
5248.0,0.49999999999999994,0.0,0,20,3780.0
5249.0,0.49999999999999994,0.0,0,20,3780.0
5250.0,0.49999999999999994,0.0,0,20,3780.0
5251.0,0.49999999999999994,0.0,0,20,3780.0
5252.0,0.49999999999999994,0.0,0,20,3780.0
5253.0,0.49999999999999994,0.0,0,20,3780.0
5254.0,0.49999999999999994,0.0,0,20,3780.0
5255.0,0.49999999999999994,0.0,0,20,3780.0
5256.0,0.49999999999999994,0.0,0,20,3780.0
5257.0,0.49999999999999994,0.0,0,20,3780.0
5258.0,0.49999999999999994,0.0,0,20,3780.0
5259.0,0.49999999999999994,0.0,0,20,3780.0
5260.0,0.49999999999999994,0.0,0,20,3780.0
5261.0,0.49999999999999994,0.0,0,20,3780.0
5262.0,0.49999999999999994,0.0,0,20,3780.0
5263.0,0.49999999999999994,0.0,0,20,3780.0
5264.0,0.49999999999999994,0.0,0,20,3780.0
5265.0,0.49999999999999994,0.0,0,20,3780.0
5266.0,0.49999999999999994,0.0,0,20,3780.0
5267.0,0.49999999999999994,0.0,0,20,3780.0
5268.0,0.49999999999999994,0.0,0,20,3780.0
5269.0,0.49999999999999994,0.0,0,20,3780.0
5270.0,0.49999999999999994,0.0,0,20,3780.0
5271.0,0.49999999999999994,0.0,0,20,3780.0
5272.0,0.49999999999999994,0.0,0,20,3780.0
5273.0,0.49999999999999994,0.0,0,20,3780.0
5274.0,0.49999999999999994,0.0,0,20,3780.0
5275.0,0.49999999999999994,0.0,0,20,3780.0
5276.0,0.49999999999999994,0.0,0,20,3780.0
5277.0,0.49999999999999994,0.0,0,20,3780.0
5278.0,0.49999999999999994,0.0,0,20,3780.0
5279.0,0.49999999999999994,0.0,0,20,3780.0
5280.0,0.49999999999999994,0.0,0,20,3780.0
5281.0,0.49999999999999994,0.0,0,20,3780.0
5282.0,0.49999999999999994,0.0,0,20,3780.0
5283.0,0.49999999999999994,0.0,0,20,3780.0
5284.0,0.49999999999999994,0.0,0,20,3780.0
5285.0,0.49999999999999994,0.0,0,20,3780.0
5286.0,0.49999999999999994,0.0,0,20,3780.0
5287.0,0.49999999999999994,0.0,0,20,3780.0
5288.0,0.49999999999999994,0.0,0,20,3780.0
5289.0,0.49999999999999994,0.0,0,20,3780.0
5290.0,0.49999999999999994,0.0,0,20,3780.0
5291.0,0.49999999999999994,0.0,0,20,3780.0
5292.0,0.49999999999999994,0.0,0,20,3780.0
5293.0,0.49999999999999994,0.0,0,20,3780.0
5294.0,0.49999999999999994,0.0,0,20,3780.0
5295.0,0.49999999999999994,0.0,0,20,3780.0
5296.0,0.49999999999999994,0.0,0,20,3780.0
5297.0,0.49999999999999994,0.0,0,20,3780.0
5298.0,0.49999999999999994,0.0,0,20,3780.0
5299.0,0.49999999999999994,0.0,0,20,3780.0
5300.0,0.49999999999999994,0.0,0,20,3780.0
5301.0,0.49999999999999994,0.0,0,20,3780.0
5302.0,0.49999999999999994,0.0,0,20,3780.0
5303.0,0.49999999999999994,0.0,0,20,3780.0
5304.0,0.49999999999999994,0.0,0,20,3780.0
5305.0,0.49999999999999994,0.0,0,20,3780.0
5306.0,0.49999999999999994,0.0,0,20,3780.0
5307.0,0.49999999999999994,0.0,0,20,3780.0
5308.0,0.49999999999999994,0.0,0,20,3780.0
5309.0,0.49999999999999994,0.0,0,20,3780.0
5310.0,0.49999999999999994,0.0,0,20,3780.0
5311.0,0.49999999999999994,0.0,0,20,3780.0
5312.0,0.49999999999999994,0.0,0,20,3780.0
5313.0,0.49999999999999994,0.0,0,20,3780.0
5314.0,0.49999999999999994,0.0,0,20,3780.0
5315.0,0.49999999999999994,0.0,0,20,3780.0
5316.0,0.49999999999999994,0.0,0,20,3780.0
5317.0,0.49999999999999994,0.0,0,20,3780.0
5318.0,0.49999999999999994,0.0,0,20,3780.0
5319.0,0.49999999999999994,0.0,0,20,3780.0
5320.0,0.49999999999999994,0.0,0,20,3780.0
5321.0,0.49999999999999994,0.0,0,20,3780.0
5322.0,0.49999999999999994,0.0,0,20,3780.0
5323.0,0.49999999999999994,0.0,0,20,3780.0
5324.0,0.49999999999999994,0.0,0,20,3780.0
5325.0,0.49999999999999994,0.0,0,20,3780.0
5326.0,0.49999999999999994,0.0,0,20,3780.0
5327.0,0.49999999999999994,0.0,0,20,3780.0
5328.0,0.49999999999999994,0.0,0,20,3780.0
5329.0,0.49999999999999994,0.0,0,20,3780.0
5330.0,0.49999999999999994,0.0,0,20,3780.0
5331.0,0.49999999999999994,0.0,0,20,3780.0
5332.0,0.49999999999999994,0.0,0,20,3780.0
5333.0,0.49999999999999994,0.0,0,20,3780.0
5334.0,0.49999999999999994,0.0,0,20,3780.0
5335.0,0.49999999999999994,0.0,0,20,3780.0
5336.0,0.49999999999999994,0.0,0,20,3780.0
5337.0,0.49999999999999994,0.0,0,20,3780.0
5338.0,0.49999999999999994,0.0,0,20,3780.0
5339.0,0.49999999999999994,0.0,0,20,3780.0
5340.0,0.49999999999999994,0.0,0,20,3780.0
5341.0,0.49999999999999994,0.0,0,20,3780.0
5342.0,0.49999999999999994,0.0,0,20,3780.0
5343.0,0.49999999999999994,0.0,0,20,3780.0
5344.0,0.49999999999999994,0.0,0,20,3780.0
5345.0,0.49999999999999994,0.0,0,20,3780.0
5346.0,0.49999999999999994,0.0,0,20,3780.0
5347.0,0.49999999999999994,0.0,0,20,3780.0
5348.0,0.49999999999999994,0.0,0,20,3780.0
5349.0,0.49999999999999994,0.0,0,20,3780.0
5350.0,0.49999999999999994,0.0,0,20,3780.0
5351.0,0.49999999999999994,0.0,0,20,3780.0
5352.0,0.49999999999999994,0.0,0,20,3780.0
5353.0,0.49999999999999994,0.0,0,20,3780.0
5354.0,0.49999999999999994,0.0,0,20,3780.0
5355.0,0.49999999999999994,0.0,0,20,3780.0
5356.0,0.49999999999999994,0.0,0,20,3780.0
5357.0,0.49999999999999994,0.0,0,20,3780.0
5358.0,0.49999999999999994,0.0,0,20,3780.0
5359.0,0.49999999999999994,0.0,0,20,3780.0
5360.0,0.49999999999999994,0.0,0,20,3780.0
5361.0,0.49999999999999994,0.0,0,20,3780.0
5362.0,0.49999999999999994,0.0,0,20,3780.0
5363.0,0.49999999999999994,0.0,0,20,3780.0
5364.0,0.49999999999999994,0.0,0,20,3780.0
5365.0,0.49999999999999994,0.0,0,20,3780.0
5366.0,0.49999999999999994,0.0,0,20,3780.0
5367.0,0.49999999999999994,0.0,0,20,3780.0
5368.0,0.49999999999999994,0.0,0,20,3780.0
5369.0,0.49999999999999994,0.0,0,20,3780.0
5370.0,0.49999999999999994,0.0,0,20,3780.0
5371.0,0.49999999999999994,0.0,0,20,3780.0
5372.0,0.49999999999999994,0.0,0,20,3780.0
5373.0,0.49999999999999994,0.0,0,20,3780.0
5374.0,0.49999999999999994,0.0,0,20,3780.0
5375.0,0.49999999999999994,0.0,0,20,3780.0
5376.0,0.49999999999999994,0.0,0,20,3780.0
5377.0,0.49999999999999994,0.0,0,20,3780.0
5378.0,0.49999999999999994,0.0,0,20,3780.0
5379.0,0.49999999999999994,0.0,0,20,3780.0
5380.0,0.49999999999999994,0.0,0,20,3780.0
5381.0,0.49999999999999994,0.0,0,20,3780.0
5382.0,0.49999999999999994,0.0,0,20,3780.0
5383.0,0.49999999999999994,0.0,0,20,3780.0
5384.0,0.49999999999999994,0.0,0,20,3780.0
5385.0,0.49999999999999994,0.0,0,20,3780.0
5386.0,0.49999999999999994,0.0,0,20,3780.0
5387.0,0.49999999999999994,0.0,0,20,3780.0
5388.0,0.49999999999999994,0.0,0,20,3780.0
5389.0,0.49999999999999994,0.0,0,20,3780.0
5390.0,0.49999999999999994,0.0,0,20,3780.0
5391.0,0.49999999999999994,0.0,0,20,3780.0
5392.0,0.49999999999999994,0.0,0,20,3780.0
5393.0,0.49999999999999994,0.0,0,20,3780.0
5394.0,0.49999999999999994,0.0,0,20,3780.0
5395.0,0.49999999999999994,0.0,0,20,3780.0
5396.0,0.49999999999999994,0.0,0,20,3780.0
5397.0,0.49999999999999994,0.0,0,20,3780.0
5398.0,0.49999999999999994,0.0,0,20,3780.0
5399.0,0.49999999999999994,0.0,0,20,3780.0
5400.0,0.49999999999999994,0.0,0,20,3780.0
5401.0,0.49999999999999994,0.0,0,20,3780.0
5402.0,0.49999999999999994,0.0,0,20,3780.0
5403.0,0.49999999999999994,0.0,0,20,3780.0
5404.0,0.49999999999999994,0.0,0,20,3780.0
5405.0,0.49999999999999994,0.0,0,20,3780.0
5406.0,0.49999999999999994,0.0,0,20,3780.0
5407.0,0.49999999999999994,0.0,0,20,3780.0
5408.0,0.49999999999999994,0.0,0,20,3780.0
5409.0,0.49999999999999994,0.0,0,20,3780.0
5410.0,0.49999999999999994,0.0,0,20,3780.0
5411.0,0.49999999999999994,0.0,0,20,3780.0
5412.0,0.49999999999999994,0.0,0,20,3780.0
5413.0,0.49999999999999994,0.0,0,20,3780.0
5414.0,0.49999999999999994,0.0,0,20,3780.0
5415.0,0.49999999999999994,0.0,0,20,3780.0
5416.0,0.49999999999999994,0.0,0,20,3780.0
5417.0,0.49999999999999994,0.0,0,20,3780.0
5418.0,0.49999999999999994,0.0,0,20,3780.0
5419.0,0.49999999999999994,0.0,0,20,3780.0
5420.0,0.49999999999999994,0.0,0,20,3780.0
5421.0,0.49999999999999994,0.0,0,20,3780.0
5422.0,0.49999999999999994,0.0,0,20,3780.0
5423.0,0.49999999999999994,0.0,0,20,3780.0
5424.0,0.49999999999999994,0.0,0,20,3780.0
5425.0,0.49999999999999994,0.0,0,20,3780.0
5426.0,0.49999999999999994,0.0,0,20,3780.0
5427.0,0.49999999999999994,0.0,0,20,3780.0
5428.0,0.49999999999999994,0.0,0,20,3780.0
5429.0,0.49999999999999994,0.0,0,20,3780.0
5430.0,0.49999999999999994,0.0,0,20,3780.0
5431.0,0.49999999999999994,0.0,0,20,3780.0
5432.0,0.49999999999999994,0.0,0,20,3780.0
5433.0,0.49999999999999994,0.0,0,20,3780.0
5434.0,0.49999999999999994,0.0,0,20,3780.0
5435.0,0.49999999999999994,0.0,0,20,3780.0
5436.0,0.49999999999999994,0.0,0,20,3780.0
5437.0,0.49999999999999994,0.0,0,20,3780.0
5438.0,0.49999999999999994,0.0,0,20,3780.0
5439.0,0.49999999999999994,0.0,0,20,3780.0
5440.0,0.49999999999999994,0.0,0,20,3780.0
5441.0,0.49999999999999994,0.0,0,20,3780.0
5442.0,0.49999999999999994,0.0,0,20,3780.0
5443.0,0.49999999999999994,0.0,0,20,3780.0
5444.0,0.49999999999999994,0.0,0,20,3780.0
5445.0,0.49999999999999994,0.0,0,20,3780.0
5446.0,0.49999999999999994,0.0,0,20,3780.0
5447.0,0.49999999999999994,0.0,0,20,3780.0
5448.0,0.49999999999999994,0.0,0,20,3780.0
5449.0,0.49999999999999994,0.0,0,20,3780.0
5450.0,0.49999999999999994,0.0,0,20,3780.0
5451.0,0.49999999999999994,0.0,0,20,3780.0
5452.0,0.49999999999999994,0.0,0,20,3780.0
5453.0,0.49999999999999994,0.0,0,20,3780.0
5454.0,0.49999999999999994,0.0,0,20,3780.0
5455.0,0.49999999999999994,0.0,0,20,3780.0
5456.0,0.49999999999999994,0.0,0,20,3780.0
5457.0,0.49999999999999994,0.0,0,20,3780.0
5458.0,0.49999999999999994,0.0,0,20,3780.0
5459.0,0.49999999999999994,0.0,0,20,3780.0
5460.0,0.49999999999999994,0.0,0,20,3780.0
5461.0,0.49999999999999994,0.0,0,20,3780.0
5462.0,0.49999999999999994,0.0,0,20,3780.0
5463.0,0.49999999999999994,0.0,0,20,3780.0
5464.0,0.49999999999999994,0.0,0,20,3780.0
5465.0,0.49999999999999994,0.0,0,20,3780.0
5466.0,0.49999999999999994,0.0,0,20,3780.0
5467.0,0.49999999999999994,0.0,0,20,3780.0
5468.0,0.49999999999999994,0.0,0,20,3780.0
5469.0,0.49999999999999994,0.0,0,20,3780.0
5470.0,0.49999999999999994,0.0,0,20,3780.0
5471.0,0.49999999999999994,0.0,0,20,3780.0
5472.0,0.49999999999999994,0.0,0,20,3780.0
5473.0,0.49999999999999994,0.0,0,20,3780.0
5474.0,0.49999999999999994,0.0,0,20,3780.0
5475.0,0.49999999999999994,0.0,0,20,3780.0
5476.0,0.49999999999999994,0.0,0,20,3780.0
5477.0,0.49999999999999994,0.0,0,20,3780.0
5478.0,0.49999999999999994,0.0,0,20,3780.0
5479.0,0.49999999999999994,0.0,0,20,3780.0
5480.0,0.49999999999999994,0.0,0,20,3780.0
5481.0,0.49999999999999994,0.0,0,20,3780.0
5482.0,0.49999999999999994,0.0,0,20,3780.0
5483.0,0.49999999999999994,0.0,0,20,3780.0
5484.0,0.49999999999999994,0.0,0,20,3780.0
5485.0,0.49999999999999994,0.0,0,20,3780.0
5486.0,0.49999999999999994,0.0,0,20,3780.0
5487.0,0.49999999999999994,0.0,0,20,3780.0
5488.0,0.49999999999999994,0.0,0,20,3780.0
5489.0,0.49999999999999994,0.0,0,20,3780.0
5490.0,0.49999999999999994,0.0,0,20,3780.0
5491.0,0.49999999999999994,0.0,0,20,3780.0
5492.0,0.49999999999999994,0.0,0,20,3780.0
5493.0,0.49999999999999994,0.0,0,20,3780.0
5494.0,0.49999999999999994,0.0,0,20,3780.0
5495.0,0.49999999999999994,0.0,0,20,3780.0
5496.0,0.49999999999999994,0.0,0,20,3780.0
5497.0,0.49999999999999994,0.0,0,20,3780.0
5498.0,0.49999999999999994,0.0,0,20,3780.0
5499.0,0.49999999999999994,0.0,0,20,3780.0
5500.0,0.49999999999999994,0.0,0,20,3780.0
5501.0,0.49999999999999994,0.0,0,20,3780.0
5502.0,0.49999999999999994,0.0,0,20,3780.0
5503.0,0.49999999999999994,0.0,0,20,3780.0
5504.0,0.49999999999999994,0.0,0,20,3780.0
5505.0,0.49999999999999994,0.0,0,20,3780.0
5506.0,0.49999999999999994,0.0,0,20,3780.0
5507.0,0.49999999999999994,0.0,0,20,3780.0
5508.0,0.49999999999999994,0.0,0,20,3780.0
5509.0,0.49999999999999994,0.0,0,20,3780.0
5510.0,0.49999999999999994,0.0,0,20,3780.0
5511.0,0.49999999999999994,0.0,0,20,3780.0
5512.0,0.49999999999999994,0.0,0,20,3780.0
5513.0,0.49999999999999994,0.0,0,20,3780.0
5514.0,0.49999999999999994,0.0,0,20,3780.0
5515.0,0.49999999999999994,0.0,0,20,3780.0
5516.0,0.49999999999999994,0.0,0,20,3780.0
5517.0,0.49999999999999994,0.0,0,20,3780.0
5518.0,0.49999999999999994,0.0,0,20,3780.0
5519.0,0.49999999999999994,0.0,0,20,3780.0
5520.0,0.49999999999999994,0.0,0,20,3780.0
5521.0,0.49999999999999994,0.0,0,20,3780.0
5522.0,0.49999999999999994,0.0,0,20,3780.0
5523.0,0.49999999999999994,0.0,0,20,3780.0
5524.0,0.49999999999999994,0.0,0,20,3780.0
5525.0,0.49999999999999994,0.0,0,20,3780.0
5526.0,0.49999999999999994,0.0,0,20,3780.0
5527.0,0.49999999999999994,0.0,0,20,3780.0
5528.0,0.49999999999999994,0.0,0,20,3780.0
5529.0,0.49999999999999994,0.0,0,20,3780.0
5530.0,0.49999999999999994,0.0,0,20,3780.0
5531.0,0.49999999999999994,0.0,0,20,3780.0
5532.0,0.49999999999999994,0.0,0,20,3780.0
5533.0,0.49999999999999994,0.0,0,20,3780.0
5534.0,0.49999999999999994,0.0,0,20,3780.0
5535.0,0.49999999999999994,0.0,0,20,3780.0
5536.0,0.49999999999999994,0.0,0,20,3780.0
5537.0,0.49999999999999994,0.0,0,20,3780.0
5538.0,0.49999999999999994,0.0,0,20,3780.0
5539.0,0.49999999999999994,0.0,0,20,3780.0
5540.0,0.49999999999999994,0.0,0,20,3780.0
5541.0,0.49999999999999994,0.0,0,20,3780.0
5542.0,0.49999999999999994,0.0,0,20,3780.0
5543.0,0.49999999999999994,0.0,0,20,3780.0
5544.0,0.49999999999999994,0.0,0,20,3780.0
5545.0,0.49999999999999994,0.0,0,20,3780.0
5546.0,0.49999999999999994,0.0,0,20,3780.0
5547.0,0.49999999999999994,0.0,0,20,3780.0
5548.0,0.49999999999999994,0.0,0,20,3780.0
5549.0,0.49999999999999994,0.0,0,20,3780.0
5550.0,0.49999999999999994,0.0,0,20,3780.0
5551.0,0.49999999999999994,0.0,0,20,3780.0
5552.0,0.49999999999999994,0.0,0,20,3780.0
5553.0,0.49999999999999994,0.0,0,20,3780.0
5554.0,0.49999999999999994,0.0,0,20,3780.0
5555.0,0.49999999999999994,0.0,0,20,3780.0
5556.0,0.49999999999999994,0.0,0,20,3780.0
5557.0,0.49999999999999994,0.0,0,20,3780.0
5558.0,0.49999999999999994,0.0,0,20,3780.0
5559.0,0.49999999999999994,0.0,0,20,3780.0
5560.0,0.49999999999999994,0.0,0,20,3780.0
5561.0,0.49999999999999994,0.0,0,20,3780.0
5562.0,0.49999999999999994,0.0,0,20,3780.0
5563.0,0.49999999999999994,0.0,0,20,3780.0
5564.0,0.49999999999999994,0.0,0,20,3780.0
5565.0,0.49999999999999994,0.0,0,20,3780.0
5566.0,0.49999999999999994,0.0,0,20,3780.0
5567.0,0.49999999999999994,0.0,0,20,3780.0
5568.0,0.49999999999999994,0.0,0,20,3780.0
5569.0,0.49999999999999994,0.0,0,20,3780.0
5570.0,0.49999999999999994,0.0,0,20,3780.0
5571.0,0.49999999999999994,0.0,0,20,3780.0
5572.0,0.49999999999999994,0.0,0,20,3780.0
5573.0,0.49999999999999994,0.0,0,20,3780.0
5574.0,0.49999999999999994,0.0,0,20,3780.0
5575.0,0.49999999999999994,0.0,0,20,3780.0
5576.0,0.49999999999999994,0.0,0,20,3780.0
5577.0,0.49999999999999994,0.0,0,20,3780.0
5578.0,0.49999999999999994,0.0,0,20,3780.0
5579.0,0.49999999999999994,0.0,0,20,3780.0
5580.0,0.49999999999999994,0.0,0,20,3780.0
5581.0,0.49999999999999994,0.0,0,20,3780.0
5582.0,0.49999999999999994,0.0,0,20,3780.0
5583.0,0.49999999999999994,0.0,0,20,3780.0
5584.0,0.49999999999999994,0.0,0,20,3780.0
5585.0,0.49999999999999994,0.0,0,20,3780.0
5586.0,0.49999999999999994,0.0,0,20,3780.0
5587.0,0.49999999999999994,0.0,0,20,3780.0
5588.0,0.49999999999999994,0.0,0,20,3780.0
5589.0,0.49999999999999994,0.0,0,20,3780.0
5590.0,0.49999999999999994,0.0,0,20,3780.0
5591.0,0.49999999999999994,0.0,0,20,3780.0
5592.0,0.49999999999999994,0.0,0,20,3780.0
5593.0,0.49999999999999994,0.0,0,20,3780.0
5594.0,0.49999999999999994,0.0,0,20,3780.0
5595.0,0.49999999999999994,0.0,0,20,3780.0
5596.0,0.49999999999999994,0.0,0,20,3780.0
5597.0,0.49999999999999994,0.0,0,20,3780.0
5598.0,0.49999999999999994,0.0,0,20,3780.0
5599.0,0.49999999999999994,0.0,0,20,3780.0
5600.0,0.49999999999999994,0.0,0,20,3780.0
5601.0,0.49999999999999994,0.0,0,20,3780.0
5602.0,0.49999999999999994,0.0,0,20,3780.0
5603.0,0.49999999999999994,0.0,0,20,3780.0
5604.0,0.49999999999999994,0.0,0,20,3780.0
5605.0,0.49999999999999994,0.0,0,20,3780.0
5606.0,0.49999999999999994,0.0,0,20,3780.0
5607.0,0.49999999999999994,0.0,0,20,3780.0
5608.0,0.49999999999999994,0.0,0,20,3780.0
5609.0,0.49999999999999994,0.0,0,20,3780.0
5610.0,0.49999999999999994,0.0,0,20,3780.0
5611.0,0.49999999999999994,0.0,0,20,3780.0
5612.0,0.49999999999999994,0.0,0,20,3780.0
5613.0,0.49999999999999994,0.0,0,20,3780.0
5614.0,0.49999999999999994,0.0,0,20,3780.0
5615.0,0.49999999999999994,0.0,0,20,3780.0
5616.0,0.49999999999999994,0.0,0,20,3780.0
5617.0,0.49999999999999994,0.0,0,20,3780.0
5618.0,0.49999999999999994,0.0,0,20,3780.0
5619.0,0.49999999999999994,0.0,0,20,3780.0
5620.0,0.49999999999999994,0.0,0,20,3780.0
5621.0,0.49999999999999994,0.0,0,20,3780.0
5622.0,0.49999999999999994,0.0,0,20,3780.0
5623.0,0.49999999999999994,0.0,0,20,3780.0
5624.0,0.49999999999999994,0.0,0,20,3780.0
5625.0,0.49999999999999994,0.0,0,20,3780.0
5626.0,0.49999999999999994,0.0,0,20,3780.0
5627.0,0.49999999999999994,0.0,0,20,3780.0
5628.0,0.49999999999999994,0.0,0,20,3780.0
5629.0,0.49999999999999994,0.0,0,20,3780.0
5630.0,0.49999999999999994,0.0,0,20,3780.0
5631.0,0.49999999999999994,0.0,0,20,3780.0
5632.0,0.49999999999999994,0.0,0,20,3780.0
5633.0,0.49999999999999994,0.0,0,20,3780.0
5634.0,0.49999999999999994,0.0,0,20,3780.0
5635.0,0.49999999999999994,0.0,0,20,3780.0
5636.0,0.49999999999999994,0.0,0,20,3780.0
5637.0,0.49999999999999994,0.0,0,20,3780.0
5638.0,0.49999999999999994,0.0,0,20,3780.0
5639.0,0.49999999999999994,0.0,0,20,3780.0
5640.0,0.49999999999999994,0.0,0,20,3780.0
5641.0,0.49999999999999994,0.0,0,20,3780.0
5642.0,0.49999999999999994,0.0,0,20,3780.0
5643.0,0.49999999999999994,0.0,0,20,3780.0
5644.0,0.49999999999999994,0.0,0,20,3780.0
5645.0,0.49999999999999994,0.0,0,20,3780.0
5646.0,0.49999999999999994,0.0,0,20,3780.0
5647.0,0.49999999999999994,0.0,0,20,3780.0
5648.0,0.49999999999999994,0.0,0,20,3780.0
5649.0,0.49999999999999994,0.0,0,20,3780.0
5650.0,0.49999999999999994,0.0,0,20,3780.0
5651.0,0.49999999999999994,0.0,0,20,3780.0
5652.0,0.49999999999999994,0.0,0,20,3780.0
5653.0,0.49999999999999994,0.0,0,20,3780.0
5654.0,0.49999999999999994,0.0,0,20,3780.0
5655.0,0.49999999999999994,0.0,0,20,3780.0
5656.0,0.49999999999999994,0.0,0,20,3780.0
5657.0,0.49999999999999994,0.0,0,20,3780.0
5658.0,0.49999999999999994,0.0,0,20,3780.0
5659.0,0.49999999999999994,0.0,0,20,3780.0
5660.0,0.49999999999999994,0.0,0,20,3780.0
5661.0,0.49999999999999994,0.0,0,20,3780.0
5662.0,0.49999999999999994,0.0,0,20,3780.0
5663.0,0.49999999999999994,0.0,0,20,3780.0
5664.0,0.49999999999999994,0.0,0,20,3780.0
5665.0,0.49999999999999994,0.0,0,20,3780.0
5666.0,0.49999999999999994,0.0,0,20,3780.0
5667.0,0.49999999999999994,0.0,0,20,3780.0
5668.0,0.49999999999999994,0.0,0,20,3780.0
5669.0,0.49999999999999994,0.0,0,20,3780.0
5670.0,0.49999999999999994,0.0,0,20,3780.0
5671.0,0.49999999999999994,0.0,0,20,3780.0
5672.0,0.49999999999999994,0.0,0,20,3780.0
5673.0,0.49999999999999994,0.0,0,20,3780.0
5674.0,0.49999999999999994,0.0,0,20,3780.0
5675.0,0.49999999999999994,0.0,0,20,3780.0
5676.0,0.49999999999999994,0.0,0,20,3780.0
5677.0,0.49999999999999994,0.0,0,20,3780.0
5678.0,0.49999999999999994,0.0,0,20,3780.0
5679.0,0.49999999999999994,0.0,0,20,3780.0
5680.0,0.49999999999999994,0.0,0,20,3780.0
5681.0,0.49999999999999994,0.0,0,20,3780.0
5682.0,0.49999999999999994,0.0,0,20,3780.0
5683.0,0.49999999999999994,0.0,0,20,3780.0
5684.0,0.49999999999999994,0.0,0,20,3780.0
5685.0,0.49999999999999994,0.0,0,20,3780.0
5686.0,0.49999999999999994,0.0,0,20,3780.0
5687.0,0.49999999999999994,0.0,0,20,3780.0
5688.0,0.49999999999999994,0.0,0,20,3780.0
5689.0,0.49999999999999994,0.0,0,20,3780.0
5690.0,0.49999999999999994,0.0,0,20,3780.0
5691.0,0.49999999999999994,0.0,0,20,3780.0
5692.0,0.49999999999999994,0.0,0,20,3780.0
5693.0,0.49999999999999994,0.0,0,20,3780.0
5694.0,0.49999999999999994,0.0,0,20,3780.0
5695.0,0.49999999999999994,0.0,0,20,3780.0
5696.0,0.49999999999999994,0.0,0,20,3780.0
5697.0,0.49999999999999994,0.0,0,20,3780.0
5698.0,0.49999999999999994,0.0,0,20,3780.0
5699.0,0.49999999999999994,0.0,0,20,3780.0
5700.0,0.49999999999999994,0.0,0,20,3780.0
5701.0,0.49999999999999994,0.0,0,20,3780.0
5702.0,0.49999999999999994,0.0,0,20,3780.0
5703.0,0.49999999999999994,0.0,0,20,3780.0
5704.0,0.49999999999999994,0.0,0,20,3780.0
5705.0,0.49999999999999994,0.0,0,20,3780.0
5706.0,0.49999999999999994,0.0,0,20,3780.0
5707.0,0.49999999999999994,0.0,0,20,3780.0
5708.0,0.49999999999999994,0.0,0,20,3780.0
5709.0,0.49999999999999994,0.0,0,20,3780.0
5710.0,0.49999999999999994,0.0,0,20,3780.0
5711.0,0.49999999999999994,0.0,0,20,3780.0
5712.0,0.49999999999999994,0.0,0,20,3780.0
5713.0,0.49999999999999994,0.0,0,20,3780.0
5714.0,0.49999999999999994,0.0,0,20,3780.0
5715.0,0.49999999999999994,0.0,0,20,3780.0
5716.0,0.49999999999999994,0.0,0,20,3780.0
5717.0,0.49999999999999994,0.0,0,20,3780.0
5718.0,0.49999999999999994,0.0,0,20,3780.0
5719.0,0.49999999999999994,0.0,0,20,3780.0
5720.0,0.49999999999999994,0.0,0,20,3780.0
5721.0,0.49999999999999994,0.0,0,20,3780.0
5722.0,0.49999999999999994,0.0,0,20,3780.0
5723.0,0.49999999999999994,0.0,0,20,3780.0
5724.0,0.49999999999999994,0.0,0,20,3780.0
5725.0,0.49999999999999994,0.0,0,20,3780.0
5726.0,0.49999999999999994,0.0,0,20,3780.0
5727.0,0.49999999999999994,0.0,0,20,3780.0
5728.0,0.49999999999999994,0.0,0,20,3780.0
5729.0,0.49999999999999994,0.0,0,20,3780.0
5730.0,0.49999999999999994,0.0,0,20,3780.0
5731.0,0.49999999999999994,0.0,0,20,3780.0
5732.0,0.49999999999999994,0.0,0,20,3780.0
5733.0,0.49999999999999994,0.0,0,20,3780.0
5734.0,0.49999999999999994,0.0,0,20,3780.0
5735.0,0.49999999999999994,0.0,0,20,3780.0
5736.0,0.49999999999999994,0.0,0,20,3780.0
5737.0,0.49999999999999994,0.0,0,20,3780.0
5738.0,0.49999999999999994,0.0,0,20,3780.0
5739.0,0.49999999999999994,0.0,0,20,3780.0
5740.0,0.49999999999999994,0.0,0,20,3780.0
5741.0,0.49999999999999994,0.0,0,20,3780.0
5742.0,0.49999999999999994,0.0,0,20,3780.0
5743.0,0.49999999999999994,0.0,0,20,3780.0
5744.0,0.49999999999999994,0.0,0,20,3780.0
5745.0,0.49999999999999994,0.0,0,20,3780.0
5746.0,0.49999999999999994,0.0,0,20,3780.0
5747.0,0.49999999999999994,0.0,0,20,3780.0
5748.0,0.49999999999999994,0.0,0,20,3780.0
5749.0,0.49999999999999994,0.0,0,20,3780.0
5750.0,0.49999999999999994,0.0,0,20,3780.0
5751.0,0.49999999999999994,0.0,0,20,3780.0
5752.0,0.49999999999999994,0.0,0,20,3780.0
5753.0,0.49999999999999994,0.0,0,20,3780.0
5754.0,0.49999999999999994,0.0,0,20,3780.0
5755.0,0.49999999999999994,0.0,0,20,3780.0
5756.0,0.49999999999999994,0.0,0,20,3780.0
5757.0,0.49999999999999994,0.0,0,20,3780.0
5758.0,0.49999999999999994,0.0,0,20,3780.0
5759.0,0.49999999999999994,0.0,0,20,3780.0
5760.0,0.49999999999999994,0.0,0,20,3780.0
5761.0,0.49999999999999994,0.0,0,20,3780.0
5762.0,0.49999999999999994,0.0,0,20,3780.0
5763.0,0.49999999999999994,0.0,0,20,3780.0
5764.0,0.49999999999999994,0.0,0,20,3780.0
5765.0,0.49999999999999994,0.0,0,20,3780.0
5766.0,0.49999999999999994,0.0,0,20,3780.0
5767.0,0.49999999999999994,0.0,0,20,3780.0
5768.0,0.49999999999999994,0.0,0,20,3780.0
5769.0,0.49999999999999994,0.0,0,20,3780.0
5770.0,0.49999999999999994,0.0,0,20,3780.0
5771.0,0.49999999999999994,0.0,0,20,3780.0
5772.0,0.49999999999999994,0.0,0,20,3780.0
5773.0,0.49999999999999994,0.0,0,20,3780.0
5774.0,0.49999999999999994,0.0,0,20,3780.0
5775.0,0.49999999999999994,0.0,0,20,3780.0
5776.0,0.49999999999999994,0.0,0,20,3780.0
5777.0,0.49999999999999994,0.0,0,20,3780.0
5778.0,0.49999999999999994,0.0,0,20,3780.0
5779.0,0.49999999999999994,0.0,0,20,3780.0
5780.0,0.49999999999999994,0.0,0,20,3780.0
5781.0,0.49999999999999994,0.0,0,20,3780.0
5782.0,0.49999999999999994,0.0,0,20,3780.0
5783.0,0.49999999999999994,0.0,0,20,3780.0
5784.0,0.49999999999999994,0.0,0,20,3780.0
5785.0,0.49999999999999994,0.0,0,20,3780.0
5786.0,0.49999999999999994,0.0,0,20,3780.0
5787.0,0.49999999999999994,0.0,0,20,3780.0
5788.0,0.49999999999999994,0.0,0,20,3780.0
5789.0,0.49999999999999994,0.0,0,20,3780.0
5790.0,0.49999999999999994,0.0,0,20,3780.0
5791.0,0.49999999999999994,0.0,0,20,3780.0
5792.0,0.49999999999999994,0.0,0,20,3780.0
5793.0,0.49999999999999994,0.0,0,20,3780.0
5794.0,0.49999999999999994,0.0,0,20,3780.0
5795.0,0.49999999999999994,0.0,0,20,3780.0
5796.0,0.49999999999999994,0.0,0,20,3780.0
5797.0,0.49999999999999994,0.0,0,20,3780.0
5798.0,0.49999999999999994,0.0,0,20,3780.0
5799.0,0.49999999999999994,0.0,0,20,3780.0
5800.0,0.49999999999999994,0.0,0,20,3780.0
5801.0,0.49999999999999994,0.0,0,20,3780.0
5802.0,0.49999999999999994,0.0,0,20,3780.0
5803.0,0.49999999999999994,0.0,0,20,3780.0
5804.0,0.49999999999999994,0.0,0,20,3780.0
5805.0,0.49999999999999994,0.0,0,20,3780.0
5806.0,0.49999999999999994,0.0,0,20,3780.0
5807.0,0.49999999999999994,0.0,0,20,3780.0
5808.0,0.49999999999999994,0.0,0,20,3780.0
5809.0,0.49999999999999994,0.0,0,20,3780.0
5810.0,0.49999999999999994,0.0,0,20,3780.0
5811.0,0.49999999999999994,0.0,0,20,3780.0
5812.0,0.49999999999999994,0.0,0,20,3780.0
5813.0,0.49999999999999994,0.0,0,20,3780.0
5814.0,0.49999999999999994,0.0,0,20,3780.0
5815.0,0.49999999999999994,0.0,0,20,3780.0
5816.0,0.49999999999999994,0.0,0,20,3780.0
5817.0,0.49999999999999994,0.0,0,20,3780.0
5818.0,0.49999999999999994,0.0,0,20,3780.0
5819.0,0.49999999999999994,0.0,0,20,3780.0
5820.0,0.49999999999999994,0.0,0,20,3780.0
5821.0,0.49999999999999994,0.0,0,20,3780.0
5822.0,0.49999999999999994,0.0,0,20,3780.0
5823.0,0.49999999999999994,0.0,0,20,3780.0
5824.0,0.49999999999999994,0.0,0,20,3780.0
5825.0,0.49999999999999994,0.0,0,20,3780.0
5826.0,0.49999999999999994,0.0,0,20,3780.0
5827.0,0.49999999999999994,0.0,0,20,3780.0
5828.0,0.49999999999999994,0.0,0,20,3780.0
5829.0,0.49999999999999994,0.0,0,20,3780.0
5830.0,0.49999999999999994,0.0,0,20,3780.0
5831.0,0.49999999999999994,0.0,0,20,3780.0
5832.0,0.49999999999999994,0.0,0,20,3780.0
5833.0,0.49999999999999994,0.0,0,20,3780.0
5834.0,0.49999999999999994,0.0,0,20,3780.0
5835.0,0.49999999999999994,0.0,0,20,3780.0
5836.0,0.49999999999999994,0.0,0,20,3780.0
5837.0,0.49999999999999994,0.0,0,20,3780.0
5838.0,0.49999999999999994,0.0,0,20,3780.0
5839.0,0.49999999999999994,0.0,0,20,3780.0
5840.0,0.49999999999999994,0.0,0,20,3780.0
5841.0,0.49999999999999994,0.0,0,20,3780.0
5842.0,0.49999999999999994,0.0,0,20,3780.0
5843.0,0.49999999999999994,0.0,0,20,3780.0
5844.0,0.49999999999999994,0.0,0,20,3780.0
5845.0,0.49999999999999994,0.0,0,20,3780.0
5846.0,0.49999999999999994,0.0,0,20,3780.0
5847.0,0.49999999999999994,0.0,0,20,3780.0
5848.0,0.49999999999999994,0.0,0,20,3780.0
5849.0,0.49999999999999994,0.0,0,20,3780.0
5850.0,0.49999999999999994,0.0,0,20,3780.0
5851.0,0.49999999999999994,0.0,0,20,3780.0
5852.0,0.49999999999999994,0.0,0,20,3780.0
5853.0,0.49999999999999994,0.0,0,20,3780.0
5854.0,0.49999999999999994,0.0,0,20,3780.0
5855.0,0.49999999999999994,0.0,0,20,3780.0
5856.0,0.49999999999999994,0.0,0,20,3780.0
5857.0,0.49999999999999994,0.0,0,20,3780.0
5858.0,0.49999999999999994,0.0,0,20,3780.0
5859.0,0.49999999999999994,0.0,0,20,3780.0
5860.0,0.49999999999999994,0.0,0,20,3780.0
5861.0,0.49999999999999994,0.0,0,20,3780.0
5862.0,0.49999999999999994,0.0,0,20,3780.0
5863.0,0.49999999999999994,0.0,0,20,3780.0
5864.0,0.49999999999999994,0.0,0,20,3780.0
5865.0,0.49999999999999994,0.0,0,20,3780.0
5866.0,0.49999999999999994,0.0,0,20,3780.0
5867.0,0.49999999999999994,0.0,0,20,3780.0
5868.0,0.49999999999999994,0.0,0,20,3780.0
5869.0,0.49999999999999994,0.0,0,20,3780.0
5870.0,0.49999999999999994,0.0,0,20,3780.0
5871.0,0.49999999999999994,0.0,0,20,3780.0
5872.0,0.49999999999999994,0.0,0,20,3780.0
5873.0,0.49999999999999994,0.0,0,20,3780.0
5874.0,0.49999999999999994,0.0,0,20,3780.0
5875.0,0.49999999999999994,0.0,0,20,3780.0
5876.0,0.49999999999999994,0.0,0,20,3780.0
5877.0,0.49999999999999994,0.0,0,20,3780.0
5878.0,0.49999999999999994,0.0,0,20,3780.0
5879.0,0.49999999999999994,0.0,0,20,3780.0
5880.0,0.49999999999999994,0.0,0,20,3780.0
5881.0,0.49999999999999994,0.0,0,20,3780.0
5882.0,0.49999999999999994,0.0,0,20,3780.0
5883.0,0.49999999999999994,0.0,0,20,3780.0
5884.0,0.49999999999999994,0.0,0,20,3780.0
5885.0,0.49999999999999994,0.0,0,20,3780.0
5886.0,0.49999999999999994,0.0,0,20,3780.0
5887.0,0.49999999999999994,0.0,0,20,3780.0
5888.0,0.49999999999999994,0.0,0,20,3780.0
5889.0,0.49999999999999994,0.0,0,20,3780.0
5890.0,0.49999999999999994,0.0,0,20,3780.0
5891.0,0.49999999999999994,0.0,0,20,3780.0
5892.0,0.49999999999999994,0.0,0,20,3780.0
5893.0,0.49999999999999994,0.0,0,20,3780.0
5894.0,0.49999999999999994,0.0,0,20,3780.0
5895.0,0.49999999999999994,0.0,0,20,3780.0
5896.0,0.49999999999999994,0.0,0,20,3780.0
5897.0,0.49999999999999994,0.0,0,20,3780.0
5898.0,0.49999999999999994,0.0,0,20,3780.0
5899.0,0.49999999999999994,0.0,0,20,3780.0
5900.0,0.49999999999999994,0.0,0,20,3780.0
5901.0,0.49999999999999994,0.0,0,20,3780.0
5902.0,0.49999999999999994,0.0,0,20,3780.0
5903.0,0.49999999999999994,0.0,0,20,3780.0
5904.0,0.49999999999999994,0.0,0,20,3780.0
5905.0,0.49999999999999994,0.0,0,20,3780.0
5906.0,0.49999999999999994,0.0,0,20,3780.0
5907.0,0.49999999999999994,0.0,0,20,3780.0
5908.0,0.49999999999999994,0.0,0,20,3780.0
5909.0,0.49999999999999994,0.0,0,20,3780.0
5910.0,0.49999999999999994,0.0,0,20,3780.0
5911.0,0.49999999999999994,0.0,0,20,3780.0
5912.0,0.49999999999999994,0.0,0,20,3780.0
5913.0,0.49999999999999994,0.0,0,20,3780.0
5914.0,0.49999999999999994,0.0,0,20,3780.0
5915.0,0.49999999999999994,0.0,0,20,3780.0
5916.0,0.49999999999999994,0.0,0,20,3780.0
5917.0,0.49999999999999994,0.0,0,20,3780.0
5918.0,0.49999999999999994,0.0,0,20,3780.0
5919.0,0.49999999999999994,0.0,0,20,3780.0
5920.0,0.49999999999999994,0.0,0,20,3780.0
5921.0,0.49999999999999994,0.0,0,20,3780.0
5922.0,0.49999999999999994,0.0,0,20,3780.0
5923.0,0.49999999999999994,0.0,0,20,3780.0
5924.0,0.49999999999999994,0.0,0,20,3780.0
5925.0,0.49999999999999994,0.0,0,20,3780.0
5926.0,0.49999999999999994,0.0,0,20,3780.0
5927.0,0.49999999999999994,0.0,0,20,3780.0
5928.0,0.49999999999999994,0.0,0,20,3780.0
5929.0,0.49999999999999994,0.0,0,20,3780.0
5930.0,0.49999999999999994,0.0,0,20,3780.0
5931.0,0.49999999999999994,0.0,0,20,3780.0
5932.0,0.49999999999999994,0.0,0,20,3780.0
5933.0,0.49999999999999994,0.0,0,20,3780.0
5934.0,0.49999999999999994,0.0,0,20,3780.0
5935.0,0.49999999999999994,0.0,0,20,3780.0
5936.0,0.49999999999999994,0.0,0,20,3780.0
5937.0,0.49999999999999994,0.0,0,20,3780.0
5938.0,0.49999999999999994,0.0,0,20,3780.0
5939.0,0.49999999999999994,0.0,0,20,3780.0
5940.0,0.49999999999999994,0.0,0,20,3780.0
5941.0,0.49999999999999994,0.0,0,20,3780.0
5942.0,0.49999999999999994,0.0,0,20,3780.0
5943.0,0.49999999999999994,0.0,0,20,3780.0
5944.0,0.49999999999999994,0.0,0,20,3780.0
5945.0,0.49999999999999994,0.0,0,20,3780.0
5946.0,0.49999999999999994,0.0,0,20,3780.0
5947.0,0.49999999999999994,0.0,0,20,3780.0
5948.0,0.49999999999999994,0.0,0,20,3780.0
5949.0,0.49999999999999994,0.0,0,20,3780.0
5950.0,0.49999999999999994,0.0,0,20,3780.0
5951.0,0.49999999999999994,0.0,0,20,3780.0
5952.0,0.49999999999999994,0.0,0,20,3780.0
5953.0,0.49999999999999994,0.0,0,20,3780.0
5954.0,0.49999999999999994,0.0,0,20,3780.0
5955.0,0.49999999999999994,0.0,0,20,3780.0
5956.0,0.49999999999999994,0.0,0,20,3780.0
5957.0,0.49999999999999994,0.0,0,20,3780.0
5958.0,0.49999999999999994,0.0,0,20,3780.0
5959.0,0.49999999999999994,0.0,0,20,3780.0
5960.0,0.49999999999999994,0.0,0,20,3780.0
5961.0,0.49999999999999994,0.0,0,20,3780.0
5962.0,0.49999999999999994,0.0,0,20,3780.0
5963.0,0.49999999999999994,0.0,0,20,3780.0
5964.0,0.49999999999999994,0.0,0,20,3780.0
5965.0,0.49999999999999994,0.0,0,20,3780.0
5966.0,0.49999999999999994,0.0,0,20,3780.0
5967.0,0.49999999999999994,0.0,0,20,3780.0
5968.0,0.49999999999999994,0.0,0,20,3780.0
5969.0,0.49999999999999994,0.0,0,20,3780.0
5970.0,0.49999999999999994,0.0,0,20,3780.0
5971.0,0.49999999999999994,0.0,0,20,3780.0
5972.0,0.49999999999999994,0.0,0,20,3780.0
5973.0,0.49999999999999994,0.0,0,20,3780.0
5974.0,0.49999999999999994,0.0,0,20,3780.0
5975.0,0.49999999999999994,0.0,0,20,3780.0
5976.0,0.49999999999999994,0.0,0,20,3780.0
5977.0,0.49999999999999994,0.0,0,20,3780.0
5978.0,0.49999999999999994,0.0,0,20,3780.0
5979.0,0.49999999999999994,0.0,0,20,3780.0
5980.0,0.49999999999999994,0.0,0,20,3780.0
5981.0,0.49999999999999994,0.0,0,20,3780.0
5982.0,0.49999999999999994,0.0,0,20,3780.0
5983.0,0.49999999999999994,0.0,0,20,3780.0
5984.0,0.49999999999999994,0.0,0,20,3780.0
5985.0,0.49999999999999994,0.0,0,20,3780.0
5986.0,0.49999999999999994,0.0,0,20,3780.0
5987.0,0.49999999999999994,0.0,0,20,3780.0
5988.0,0.49999999999999994,0.0,0,20,3780.0
5989.0,0.49999999999999994,0.0,0,20,3780.0
5990.0,0.49999999999999994,0.0,0,20,3780.0
5991.0,0.49999999999999994,0.0,0,20,3780.0
5992.0,0.49999999999999994,0.0,0,20,3780.0
5993.0,0.49999999999999994,0.0,0,20,3780.0
5994.0,0.49999999999999994,0.0,0,20,3780.0
5995.0,0.49999999999999994,0.0,0,20,3780.0
5996.0,0.49999999999999994,0.0,0,20,3780.0
5997.0,0.49999999999999994,0.0,0,20,3780.0
5998.0,0.49999999999999994,0.0,0,20,3780.0
5999.0,0.49999999999999994,0.0,0,20,3780.0
6000.0,0.49999999999999994,0.0,0,20,3780.0
6001.0,0.49999999999999994,0.0,0,20,3780.0
6002.0,0.49999999999999994,0.0,0,20,3780.0
6003.0,0.49999999999999994,0.0,0,20,3780.0
6004.0,0.49999999999999994,0.0,0,20,3780.0
6005.0,0.49999999999999994,0.0,0,20,3780.0
6006.0,0.49999999999999994,0.0,0,20,3780.0
6007.0,0.49999999999999994,0.0,0,20,3780.0
6008.0,0.49999999999999994,0.0,0,20,3780.0
6009.0,0.49999999999999994,0.0,0,20,3780.0
6010.0,0.49999999999999994,0.0,0,20,3780.0
6011.0,0.49999999999999994,0.0,0,20,3780.0
6012.0,0.49999999999999994,0.0,0,20,3780.0
6013.0,0.49999999999999994,0.0,0,20,3780.0
6014.0,0.49999999999999994,0.0,0,20,3780.0
6015.0,0.49999999999999994,0.0,0,20,3780.0
6016.0,0.49999999999999994,0.0,0,20,3780.0
6017.0,0.49999999999999994,0.0,0,20,3780.0
6018.0,0.49999999999999994,0.0,0,20,3780.0
6019.0,0.49999999999999994,0.0,0,20,3780.0
6020.0,0.49999999999999994,0.0,0,20,3780.0
6021.0,0.49999999999999994,0.0,0,20,3780.0
6022.0,0.49999999999999994,0.0,0,20,3780.0
6023.0,0.49999999999999994,0.0,0,20,3780.0
6024.0,0.49999999999999994,0.0,0,20,3780.0
6025.0,0.49999999999999994,0.0,0,20,3780.0
6026.0,0.49999999999999994,0.0,0,20,3780.0
6027.0,0.49999999999999994,0.0,0,20,3780.0
6028.0,0.49999999999999994,0.0,0,20,3780.0
6029.0,0.49999999999999994,0.0,0,20,3780.0
6030.0,0.49999999999999994,0.0,0,20,3780.0
6031.0,0.49999999999999994,0.0,0,20,3780.0
6032.0,0.49999999999999994,0.0,0,20,3780.0
6033.0,0.49999999999999994,0.0,0,20,3780.0
6034.0,0.49999999999999994,0.0,0,20,3780.0
6035.0,0.49999999999999994,0.0,0,20,3780.0
6036.0,0.49999999999999994,0.0,0,20,3780.0
6037.0,0.49999999999999994,0.0,0,20,3780.0
6038.0,0.49999999999999994,0.0,0,20,3780.0
6039.0,0.49999999999999994,0.0,0,20,3780.0
6040.0,0.49999999999999994,0.0,0,20,3780.0
6041.0,0.49999999999999994,0.0,0,20,3780.0
6042.0,0.49999999999999994,0.0,0,20,3780.0
6043.0,0.49999999999999994,0.0,0,20,3780.0
6044.0,0.49999999999999994,0.0,0,20,3780.0
6045.0,0.49999999999999994,0.0,0,20,3780.0
6046.0,0.49999999999999994,0.0,0,20,3780.0
6047.0,0.49999999999999994,0.0,0,20,3780.0
6048.0,0.49999999999999994,0.0,0,20,3780.0
6049.0,0.49999999999999994,0.0,0,20,3780.0
6050.0,0.49999999999999994,0.0,0,20,3780.0
6051.0,0.49999999999999994,0.0,0,20,3780.0
6052.0,0.49999999999999994,0.0,0,20,3780.0
6053.0,0.49999999999999994,0.0,0,20,3780.0
6054.0,0.49999999999999994,0.0,0,20,3780.0
6055.0,0.49999999999999994,0.0,0,20,3780.0
6056.0,0.49999999999999994,0.0,0,20,3780.0
6057.0,0.49999999999999994,0.0,0,20,3780.0
6058.0,0.49999999999999994,0.0,0,20,3780.0
6059.0,0.49999999999999994,0.0,0,20,3780.0
6060.0,0.49999999999999994,0.0,0,20,3780.0
6061.0,0.49999999999999994,0.0,0,20,3780.0
6062.0,0.49999999999999994,0.0,0,20,3780.0
6063.0,0.49999999999999994,0.0,0,20,3780.0
6064.0,0.49999999999999994,0.0,0,20,3780.0
6065.0,0.49999999999999994,0.0,0,20,3780.0
6066.0,0.49999999999999994,0.0,0,20,3780.0
6067.0,0.49999999999999994,0.0,0,20,3780.0
6068.0,0.49999999999999994,0.0,0,20,3780.0
6069.0,0.49999999999999994,0.0,0,20,3780.0
6070.0,0.49999999999999994,0.0,0,20,3780.0
6071.0,0.49999999999999994,0.0,0,20,3780.0
6072.0,0.49999999999999994,0.0,0,20,3780.0
6073.0,0.49999999999999994,0.0,0,20,3780.0
6074.0,0.49999999999999994,0.0,0,20,3780.0
6075.0,0.49999999999999994,0.0,0,20,3780.0
6076.0,0.49999999999999994,0.0,0,20,3780.0
6077.0,0.49999999999999994,0.0,0,20,3780.0
6078.0,0.49999999999999994,0.0,0,20,3780.0
6079.0,0.49999999999999994,0.0,0,20,3780.0
6080.0,0.49999999999999994,0.0,0,20,3780.0
6081.0,0.49999999999999994,0.0,0,20,3780.0
6082.0,0.49999999999999994,0.0,0,20,3780.0
6083.0,0.49999999999999994,0.0,0,20,3780.0
6084.0,0.49999999999999994,0.0,0,20,3780.0
6085.0,0.49999999999999994,0.0,0,20,3780.0
6086.0,0.49999999999999994,0.0,0,20,3780.0
6087.0,0.49999999999999994,0.0,0,20,3780.0
6088.0,0.49999999999999994,0.0,0,20,3780.0
6089.0,0.49999999999999994,0.0,0,20,3780.0
6090.0,0.49999999999999994,0.0,0,20,3780.0
6091.0,0.49999999999999994,0.0,0,20,3780.0
6092.0,0.49999999999999994,0.0,0,20,3780.0
6093.0,0.49999999999999994,0.0,0,20,3780.0
6094.0,0.49999999999999994,0.0,0,20,3780.0
6095.0,0.49999999999999994,0.0,0,20,3780.0
6096.0,0.49999999999999994,0.0,0,20,3780.0
6097.0,0.49999999999999994,0.0,0,20,3780.0
6098.0,0.49999999999999994,0.0,0,20,3780.0
6099.0,0.49999999999999994,0.0,0,20,3780.0
6100.0,0.49999999999999994,0.0,0,20,3780.0
6101.0,0.49999999999999994,0.0,0,20,3780.0
6102.0,0.49999999999999994,0.0,0,20,3780.0
6103.0,0.49999999999999994,0.0,0,20,3780.0
6104.0,0.49999999999999994,0.0,0,20,3780.0
6105.0,0.49999999999999994,0.0,0,20,3780.0
6106.0,0.49999999999999994,0.0,0,20,3780.0
6107.0,0.49999999999999994,0.0,0,20,3780.0
6108.0,0.49999999999999994,0.0,0,20,3780.0
6109.0,0.49999999999999994,0.0,0,20,3780.0
6110.0,0.49999999999999994,0.0,0,20,3780.0
6111.0,0.49999999999999994,0.0,0,20,3780.0
6112.0,0.49999999999999994,0.0,0,20,3780.0
6113.0,0.49999999999999994,0.0,0,20,3780.0
6114.0,0.49999999999999994,0.0,0,20,3780.0
6115.0,0.49999999999999994,0.0,0,20,3780.0
6116.0,0.49999999999999994,0.0,0,20,3780.0
6117.0,0.49999999999999994,0.0,0,20,3780.0
6118.0,0.49999999999999994,0.0,0,20,3780.0
6119.0,0.49999999999999994,0.0,0,20,3780.0
6120.0,0.49999999999999994,0.0,0,20,3780.0
6121.0,0.49999999999999994,0.0,0,20,3780.0
6122.0,0.49999999999999994,0.0,0,20,3780.0
6123.0,0.49999999999999994,0.0,0,20,3780.0
6124.0,0.49999999999999994,0.0,0,20,3780.0
6125.0,0.49999999999999994,0.0,0,20,3780.0
6126.0,0.49999999999999994,0.0,0,20,3780.0
6127.0,0.49999999999999994,0.0,0,20,3780.0
6128.0,0.49999999999999994,0.0,0,20,3780.0
6129.0,0.49999999999999994,0.0,0,20,3780.0
6130.0,0.49999999999999994,0.0,0,20,3780.0
6131.0,0.49999999999999994,0.0,0,20,3780.0
6132.0,0.49999999999999994,0.0,0,20,3780.0
6133.0,0.49999999999999994,0.0,0,20,3780.0
6134.0,0.49999999999999994,0.0,0,20,3780.0
6135.0,0.49999999999999994,0.0,0,20,3780.0
6136.0,0.49999999999999994,0.0,0,20,3780.0
6137.0,0.49999999999999994,0.0,0,20,3780.0
6138.0,0.49999999999999994,0.0,0,20,3780.0
6139.0,0.49999999999999994,0.0,0,20,3780.0
6140.0,0.49999999999999994,0.0,0,20,3780.0
6141.0,0.49999999999999994,0.0,0,20,3780.0
6142.0,0.49999999999999994,0.0,0,20,3780.0
6143.0,0.49999999999999994,0.0,0,20,3780.0
6144.0,0.49999999999999994,0.0,0,20,3780.0
6145.0,0.49999999999999994,0.0,0,20,3780.0
6146.0,0.49999999999999994,0.0,0,20,3780.0
6147.0,0.49999999999999994,0.0,0,20,3780.0
6148.0,0.49999999999999994,0.0,0,20,3780.0
6149.0,0.49999999999999994,0.0,0,20,3780.0
6150.0,0.49999999999999994,0.0,0,20,3780.0
6151.0,0.49999999999999994,0.0,0,20,3780.0
6152.0,0.49999999999999994,0.0,0,20,3780.0
6153.0,0.49999999999999994,0.0,0,20,3780.0
6154.0,0.49999999999999994,0.0,0,20,3780.0
6155.0,0.49999999999999994,0.0,0,20,3780.0
6156.0,0.49999999999999994,0.0,0,20,3780.0
6157.0,0.49999999999999994,0.0,0,20,3780.0
6158.0,0.49999999999999994,0.0,0,20,3780.0
6159.0,0.49999999999999994,0.0,0,20,3780.0
6160.0,0.49999999999999994,0.0,0,20,3780.0
6161.0,0.49999999999999994,0.0,0,20,3780.0
6162.0,0.49999999999999994,0.0,0,20,3780.0
6163.0,0.49999999999999994,0.0,0,20,3780.0
6164.0,0.49999999999999994,0.0,0,20,3780.0
6165.0,0.49999999999999994,0.0,0,20,3780.0
6166.0,0.49999999999999994,0.0,0,20,3780.0
6167.0,0.49999999999999994,0.0,0,20,3780.0
6168.0,0.49999999999999994,0.0,0,20,3780.0
6169.0,0.49999999999999994,0.0,0,20,3780.0
6170.0,0.49999999999999994,0.0,0,20,3780.0
6171.0,0.49999999999999994,0.0,0,20,3780.0
6172.0,0.49999999999999994,0.0,0,20,3780.0
6173.0,0.49999999999999994,0.0,0,20,3780.0
6174.0,0.49999999999999994,0.0,0,20,3780.0
6175.0,0.49999999999999994,0.0,0,20,3780.0
6176.0,0.49999999999999994,0.0,0,20,3780.0
6177.0,0.49999999999999994,0.0,0,20,3780.0
6178.0,0.49999999999999994,0.0,0,20,3780.0
6179.0,0.49999999999999994,0.0,0,20,3780.0
6180.0,0.49999999999999994,0.0,0,20,3780.0
6181.0,0.49999999999999994,0.0,0,20,3780.0
6182.0,0.49999999999999994,0.0,0,20,3780.0
6183.0,0.49999999999999994,0.0,0,20,3780.0
6184.0,0.49999999999999994,0.0,0,20,3780.0
6185.0,0.49999999999999994,0.0,0,20,3780.0
6186.0,0.49999999999999994,0.0,0,20,3780.0
6187.0,0.49999999999999994,0.0,0,20,3780.0
6188.0,0.49999999999999994,0.0,0,20,3780.0
6189.0,0.49999999999999994,0.0,0,20,3780.0
6190.0,0.49999999999999994,0.0,0,20,3780.0
6191.0,0.49999999999999994,0.0,0,20,3780.0
6192.0,0.49999999999999994,0.0,0,20,3780.0
6193.0,0.49999999999999994,0.0,0,20,3780.0
6194.0,0.49999999999999994,0.0,0,20,3780.0
6195.0,0.49999999999999994,0.0,0,20,3780.0
6196.0,0.49999999999999994,0.0,0,20,3780.0
6197.0,0.49999999999999994,0.0,0,20,3780.0
6198.0,0.49999999999999994,0.0,0,20,3780.0
6199.0,0.49999999999999994,0.0,0,20,3780.0
6200.0,0.49999999999999994,0.0,0,20,3780.0
6201.0,0.49999999999999994,0.0,0,20,3780.0
6202.0,0.49999999999999994,0.0,0,20,3780.0
6203.0,0.49999999999999994,0.0,0,20,3780.0
6204.0,0.49999999999999994,0.0,0,20,3780.0
6205.0,0.49999999999999994,0.0,0,20,3780.0
6206.0,0.49999999999999994,0.0,0,20,3780.0
6207.0,0.49999999999999994,0.0,0,20,3780.0
6208.0,0.49999999999999994,0.0,0,20,3780.0
6209.0,0.49999999999999994,0.0,0,20,3780.0
6210.0,0.49999999999999994,0.0,0,20,3780.0
6211.0,0.49999999999999994,0.0,0,20,3780.0
6212.0,0.49999999999999994,0.0,0,20,3780.0
6213.0,0.49999999999999994,0.0,0,20,3780.0
6214.0,0.49999999999999994,0.0,0,20,3780.0
6215.0,0.49999999999999994,0.0,0,20,3780.0
6216.0,0.49999999999999994,0.0,0,20,3780.0
6217.0,0.49999999999999994,0.0,0,20,3780.0
6218.0,0.49999999999999994,0.0,0,20,3780.0
6219.0,0.49999999999999994,0.0,0,20,3780.0
6220.0,0.49999999999999994,0.0,0,20,3780.0
6221.0,0.49999999999999994,0.0,0,20,3780.0
6222.0,0.49999999999999994,0.0,0,20,3780.0
6223.0,0.49999999999999994,0.0,0,20,3780.0
6224.0,0.49999999999999994,0.0,0,20,3780.0
6225.0,0.49999999999999994,0.0,0,20,3780.0
6226.0,0.49999999999999994,0.0,0,20,3780.0
6227.0,0.49999999999999994,0.0,0,20,3780.0
6228.0,0.49999999999999994,0.0,0,20,3780.0
6229.0,0.49999999999999994,0.0,0,20,3780.0
6230.0,0.49999999999999994,0.0,0,20,3780.0
6231.0,0.49999999999999994,0.0,0,20,3780.0
6232.0,0.49999999999999994,0.0,0,20,3780.0
6233.0,0.49999999999999994,0.0,0,20,3780.0
6234.0,0.49999999999999994,0.0,0,20,3780.0
6235.0,0.49999999999999994,0.0,0,20,3780.0
6236.0,0.49999999999999994,0.0,0,20,3780.0
6237.0,0.49999999999999994,0.0,0,20,3780.0
6238.0,0.49999999999999994,0.0,0,20,3780.0
6239.0,0.49999999999999994,0.0,0,20,3780.0
6240.0,0.49999999999999994,0.0,0,20,3780.0
6241.0,0.49999999999999994,0.0,0,20,3780.0
6242.0,0.49999999999999994,0.0,0,20,3780.0
6243.0,0.49999999999999994,0.0,0,20,3780.0
6244.0,0.49999999999999994,0.0,0,20,3780.0
6245.0,0.49999999999999994,0.0,0,20,3780.0
6246.0,0.49999999999999994,0.0,0,20,3780.0
6247.0,0.49999999999999994,0.0,0,20,3780.0
6248.0,0.49999999999999994,0.0,0,20,3780.0
6249.0,0.49999999999999994,0.0,0,20,3780.0
6250.0,0.49999999999999994,0.0,0,20,3780.0
6251.0,0.49999999999999994,0.0,0,20,3780.0
6252.0,0.49999999999999994,0.0,0,20,3780.0
6253.0,0.49999999999999994,0.0,0,20,3780.0
6254.0,0.49999999999999994,0.0,0,20,3780.0
6255.0,0.49999999999999994,0.0,0,20,3780.0
6256.0,0.49999999999999994,0.0,0,20,3780.0
6257.0,0.49999999999999994,0.0,0,20,3780.0
6258.0,0.49999999999999994,0.0,0,20,3780.0
6259.0,0.49999999999999994,0.0,0,20,3780.0
6260.0,0.49999999999999994,0.0,0,20,3780.0
6261.0,0.49999999999999994,0.0,0,20,3780.0
6262.0,0.49999999999999994,0.0,0,20,3780.0
6263.0,0.49999999999999994,0.0,0,20,3780.0
6264.0,0.49999999999999994,0.0,0,20,3780.0
6265.0,0.49999999999999994,0.0,0,20,3780.0
6266.0,0.49999999999999994,0.0,0,20,3780.0
6267.0,0.49999999999999994,0.0,0,20,3780.0
6268.0,0.49999999999999994,0.0,0,20,3780.0
6269.0,0.49999999999999994,0.0,0,20,3780.0
6270.0,0.49999999999999994,0.0,0,20,3780.0
6271.0,0.49999999999999994,0.0,0,20,3780.0
6272.0,0.49999999999999994,0.0,0,20,3780.0
6273.0,0.49999999999999994,0.0,0,20,3780.0
6274.0,0.49999999999999994,0.0,0,20,3780.0
6275.0,0.49999999999999994,0.0,0,20,3780.0
6276.0,0.49999999999999994,0.0,0,20,3780.0
6277.0,0.49999999999999994,0.0,0,20,3780.0
6278.0,0.49999999999999994,0.0,0,20,3780.0
6279.0,0.49999999999999994,0.0,0,20,3780.0
6280.0,0.49999999999999994,0.0,0,20,3780.0
6281.0,0.49999999999999994,0.0,0,20,3780.0
6282.0,0.49999999999999994,0.0,0,20,3780.0
6283.0,0.49999999999999994,0.0,0,20,3780.0
6284.0,0.49999999999999994,0.0,0,20,3780.0
6285.0,0.49999999999999994,0.0,0,20,3780.0
6286.0,0.49999999999999994,0.0,0,20,3780.0
6287.0,0.49999999999999994,0.0,0,20,3780.0
6288.0,0.49999999999999994,0.0,0,20,3780.0
6289.0,0.49999999999999994,0.0,0,20,3780.0
6290.0,0.49999999999999994,0.0,0,20,3780.0
6291.0,0.49999999999999994,0.0,0,20,3780.0
6292.0,0.49999999999999994,0.0,0,20,3780.0
6293.0,0.49999999999999994,0.0,0,20,3780.0
6294.0,0.49999999999999994,0.0,0,20,3780.0
6295.0,0.49999999999999994,0.0,0,20,3780.0
6296.0,0.49999999999999994,0.0,0,20,3780.0
6297.0,0.49999999999999994,0.0,0,20,3780.0
6298.0,0.49999999999999994,0.0,0,20,3780.0
6299.0,0.49999999999999994,0.0,0,20,3780.0
6300.0,0.49999999999999994,0.0,0,20,3780.0
6301.0,0.49999999999999994,0.0,0,20,3780.0
6302.0,0.49999999999999994,0.0,0,20,3780.0
6303.0,0.49999999999999994,0.0,0,20,3780.0
6304.0,0.49999999999999994,0.0,0,20,3780.0
6305.0,0.49999999999999994,0.0,0,20,3780.0
6306.0,0.49999999999999994,0.0,0,20,3780.0
6307.0,0.49999999999999994,0.0,0,20,3780.0
6308.0,0.49999999999999994,0.0,0,20,3780.0
6309.0,0.49999999999999994,0.0,0,20,3780.0
6310.0,0.49999999999999994,0.0,0,20,3780.0
6311.0,0.49999999999999994,0.0,0,20,3780.0
6312.0,0.49999999999999994,0.0,0,20,3780.0
6313.0,0.49999999999999994,0.0,0,20,3780.0
6314.0,0.49999999999999994,0.0,0,20,3780.0
6315.0,0.49999999999999994,0.0,0,20,3780.0
6316.0,0.49999999999999994,0.0,0,20,3780.0
6317.0,0.49999999999999994,0.0,0,20,3780.0
6318.0,0.49999999999999994,0.0,0,20,3780.0
6319.0,0.49999999999999994,0.0,0,20,3780.0
6320.0,0.49999999999999994,0.0,0,20,3780.0
6321.0,0.49999999999999994,0.0,0,20,3780.0
6322.0,0.49999999999999994,0.0,0,20,3780.0
6323.0,0.49999999999999994,0.0,0,20,3780.0
6324.0,0.49999999999999994,0.0,0,20,3780.0
6325.0,0.49999999999999994,0.0,0,20,3780.0
6326.0,0.49999999999999994,0.0,0,20,3780.0
6327.0,0.49999999999999994,0.0,0,20,3780.0
6328.0,0.49999999999999994,0.0,0,20,3780.0
6329.0,0.49999999999999994,0.0,0,20,3780.0
6330.0,0.49999999999999994,0.0,0,20,3780.0
6331.0,0.49999999999999994,0.0,0,20,3780.0
6332.0,0.49999999999999994,0.0,0,20,3780.0
6333.0,0.49999999999999994,0.0,0,20,3780.0
6334.0,0.49999999999999994,0.0,0,20,3780.0
6335.0,0.49999999999999994,0.0,0,20,3780.0
6336.0,0.49999999999999994,0.0,0,20,3780.0
6337.0,0.49999999999999994,0.0,0,20,3780.0
6338.0,0.49999999999999994,0.0,0,20,3780.0
6339.0,0.49999999999999994,0.0,0,20,3780.0
6340.0,0.49999999999999994,0.0,0,20,3780.0
6341.0,0.49999999999999994,0.0,0,20,3780.0
6342.0,0.49999999999999994,0.0,0,20,3780.0
6343.0,0.49999999999999994,0.0,0,20,3780.0
6344.0,0.49999999999999994,0.0,0,20,3780.0
6345.0,0.49999999999999994,0.0,0,20,3780.0
6346.0,0.49999999999999994,0.0,0,20,3780.0
6347.0,0.49999999999999994,0.0,0,20,3780.0
6348.0,0.49999999999999994,0.0,0,20,3780.0
6349.0,0.49999999999999994,0.0,0,20,3780.0
6350.0,0.49999999999999994,0.0,0,20,3780.0
6351.0,0.49999999999999994,0.0,0,20,3780.0
6352.0,0.49999999999999994,0.0,0,20,3780.0
6353.0,0.49999999999999994,0.0,0,20,3780.0
6354.0,0.49999999999999994,0.0,0,20,3780.0
6355.0,0.49999999999999994,0.0,0,20,3780.0
6356.0,0.49999999999999994,0.0,0,20,3780.0
6357.0,0.49999999999999994,0.0,0,20,3780.0
6358.0,0.49999999999999994,0.0,0,20,3780.0
6359.0,0.49999999999999994,0.0,0,20,3780.0
6360.0,0.49999999999999994,0.0,0,20,3780.0
6361.0,0.49999999999999994,0.0,0,20,3780.0
6362.0,0.49999999999999994,0.0,0,20,3780.0
6363.0,0.49999999999999994,0.0,0,20,3780.0
6364.0,0.49999999999999994,0.0,0,20,3780.0
6365.0,0.49999999999999994,0.0,0,20,3780.0
6366.0,0.49999999999999994,0.0,0,20,3780.0
6367.0,0.49999999999999994,0.0,0,20,3780.0
6368.0,0.49999999999999994,0.0,0,20,3780.0
6369.0,0.49999999999999994,0.0,0,20,3780.0
6370.0,0.49999999999999994,0.0,0,20,3780.0
6371.0,0.49999999999999994,0.0,0,20,3780.0
6372.0,0.49999999999999994,0.0,0,20,3780.0
6373.0,0.49999999999999994,0.0,0,20,3780.0
6374.0,0.49999999999999994,0.0,0,20,3780.0
6375.0,0.49999999999999994,0.0,0,20,3780.0
6376.0,0.49999999999999994,0.0,0,20,3780.0
6377.0,0.49999999999999994,0.0,0,20,3780.0
6378.0,0.49999999999999994,0.0,0,20,3780.0
6379.0,0.49999999999999994,0.0,0,20,3780.0
6380.0,0.49999999999999994,0.0,0,20,3780.0
6381.0,0.49999999999999994,0.0,0,20,3780.0
6382.0,0.49999999999999994,0.0,0,20,3780.0
6383.0,0.49999999999999994,0.0,0,20,3780.0
6384.0,0.49999999999999994,0.0,0,20,3780.0
6385.0,0.49999999999999994,0.0,0,20,3780.0
6386.0,0.49999999999999994,0.0,0,20,3780.0
6387.0,0.49999999999999994,0.0,0,20,3780.0
6388.0,0.49999999999999994,0.0,0,20,3780.0
6389.0,0.49999999999999994,0.0,0,20,3780.0
6390.0,0.49999999999999994,0.0,0,20,3780.0
6391.0,0.49999999999999994,0.0,0,20,3780.0
6392.0,0.49999999999999994,0.0,0,20,3780.0
6393.0,0.49999999999999994,0.0,0,20,3780.0
6394.0,0.49999999999999994,0.0,0,20,3780.0
6395.0,0.49999999999999994,0.0,0,20,3780.0
6396.0,0.49999999999999994,0.0,0,20,3780.0
6397.0,0.49999999999999994,0.0,0,20,3780.0
6398.0,0.49999999999999994,0.0,0,20,3780.0
6399.0,0.49999999999999994,0.0,0,20,3780.0
6400.0,0.49999999999999994,0.0,0,20,3780.0
6401.0,0.49999999999999994,0.0,0,20,3780.0
6402.0,0.49999999999999994,0.0,0,20,3780.0
6403.0,0.49999999999999994,0.0,0,20,3780.0
6404.0,0.49999999999999994,0.0,0,20,3780.0
6405.0,0.49999999999999994,0.0,0,20,3780.0
6406.0,0.49999999999999994,0.0,0,20,3780.0
6407.0,0.49999999999999994,0.0,0,20,3780.0
6408.0,0.49999999999999994,0.0,0,20,3780.0
6409.0,0.49999999999999994,0.0,0,20,3780.0
6410.0,0.49999999999999994,0.0,0,20,3780.0
6411.0,0.49999999999999994,0.0,0,20,3780.0
6412.0,0.49999999999999994,0.0,0,20,3780.0
6413.0,0.49999999999999994,0.0,0,20,3780.0
6414.0,0.49999999999999994,0.0,0,20,3780.0
6415.0,0.49999999999999994,0.0,0,20,3780.0
6416.0,0.49999999999999994,0.0,0,20,3780.0
6417.0,0.49999999999999994,0.0,0,20,3780.0
6418.0,0.49999999999999994,0.0,0,20,3780.0
6419.0,0.49999999999999994,0.0,0,20,3780.0
6420.0,0.49999999999999994,0.0,0,20,3780.0
6421.0,0.49999999999999994,0.0,0,20,3780.0
6422.0,0.49999999999999994,0.0,0,20,3780.0
6423.0,0.49999999999999994,0.0,0,20,3780.0
6424.0,0.49999999999999994,0.0,0,20,3780.0
6425.0,0.49999999999999994,0.0,0,20,3780.0
6426.0,0.49999999999999994,0.0,0,20,3780.0
6427.0,0.49999999999999994,0.0,0,20,3780.0
6428.0,0.49999999999999994,0.0,0,20,3780.0
6429.0,0.49999999999999994,0.0,0,20,3780.0
6430.0,0.49999999999999994,0.0,0,20,3780.0
6431.0,0.49999999999999994,0.0,0,20,3780.0
6432.0,0.49999999999999994,0.0,0,20,3780.0
6433.0,0.49999999999999994,0.0,0,20,3780.0
6434.0,0.49999999999999994,0.0,0,20,3780.0
6435.0,0.49999999999999994,0.0,0,20,3780.0
6436.0,0.49999999999999994,0.0,0,20,3780.0
6437.0,0.49999999999999994,0.0,0,20,3780.0
6438.0,0.49999999999999994,0.0,0,20,3780.0
6439.0,0.49999999999999994,0.0,0,20,3780.0
6440.0,0.49999999999999994,0.0,0,20,3780.0
6441.0,0.49999999999999994,0.0,0,20,3780.0
6442.0,0.49999999999999994,0.0,0,20,3780.0
6443.0,0.49999999999999994,0.0,0,20,3780.0
6444.0,0.49999999999999994,0.0,0,20,3780.0
6445.0,0.49999999999999994,0.0,0,20,3780.0
6446.0,0.49999999999999994,0.0,0,20,3780.0
6447.0,0.49999999999999994,0.0,0,20,3780.0
6448.0,0.49999999999999994,0.0,0,20,3780.0
6449.0,0.49999999999999994,0.0,0,20,3780.0
6450.0,0.49999999999999994,0.0,0,20,3780.0
6451.0,0.49999999999999994,0.0,0,20,3780.0
6452.0,0.49999999999999994,0.0,0,20,3780.0
6453.0,0.49999999999999994,0.0,0,20,3780.0
6454.0,0.49999999999999994,0.0,0,20,3780.0
6455.0,0.49999999999999994,0.0,0,20,3780.0
6456.0,0.49999999999999994,0.0,0,20,3780.0
6457.0,0.49999999999999994,0.0,0,20,3780.0
6458.0,0.49999999999999994,0.0,0,20,3780.0
6459.0,0.49999999999999994,0.0,0,20,3780.0
6460.0,0.49999999999999994,0.0,0,20,3780.0
6461.0,0.49999999999999994,0.0,0,20,3780.0
6462.0,0.49999999999999994,0.0,0,20,3780.0
6463.0,0.49999999999999994,0.0,0,20,3780.0
6464.0,0.49999999999999994,0.0,0,20,3780.0
6465.0,0.49999999999999994,0.0,0,20,3780.0
6466.0,0.49999999999999994,0.0,0,20,3780.0
6467.0,0.49999999999999994,0.0,0,20,3780.0
6468.0,0.49999999999999994,0.0,0,20,3780.0
6469.0,0.49999999999999994,0.0,0,20,3780.0
6470.0,0.49999999999999994,0.0,0,20,3780.0
6471.0,0.49999999999999994,0.0,0,20,3780.0
6472.0,0.49999999999999994,0.0,0,20,3780.0
6473.0,0.49999999999999994,0.0,0,20,3780.0
6474.0,0.49999999999999994,0.0,0,20,3780.0
6475.0,0.49999999999999994,0.0,0,20,3780.0
6476.0,0.49999999999999994,0.0,0,20,3780.0
6477.0,0.49999999999999994,0.0,0,20,3780.0
6478.0,0.49999999999999994,0.0,0,20,3780.0
6479.0,0.49999999999999994,0.0,0,20,3780.0
6480.0,0.49999999999999994,0.0,0,20,3780.0
6481.0,0.49999999999999994,0.0,0,20,3780.0
6482.0,0.49999999999999994,0.0,0,20,3780.0
6483.0,0.49999999999999994,0.0,0,20,3780.0
6484.0,0.49999999999999994,0.0,0,20,3780.0
6485.0,0.49999999999999994,0.0,0,20,3780.0
6486.0,0.49999999999999994,0.0,0,20,3780.0
6487.0,0.49999999999999994,0.0,0,20,3780.0
6488.0,0.49999999999999994,0.0,0,20,3780.0
6489.0,0.49999999999999994,0.0,0,20,3780.0
6490.0,0.49999999999999994,0.0,0,20,3780.0
6491.0,0.49999999999999994,0.0,0,20,3780.0
6492.0,0.49999999999999994,0.0,0,20,3780.0
6493.0,0.49999999999999994,0.0,0,20,3780.0
6494.0,0.49999999999999994,0.0,0,20,3780.0
6495.0,0.49999999999999994,0.0,0,20,3780.0
6496.0,0.49999999999999994,0.0,0,20,3780.0
6497.0,0.49999999999999994,0.0,0,20,3780.0
6498.0,0.49999999999999994,0.0,0,20,3780.0
6499.0,0.49999999999999994,0.0,0,20,3780.0
6500.0,0.49999999999999994,0.0,0,20,3780.0
6501.0,0.49999999999999994,0.0,0,20,3780.0
6502.0,0.49999999999999994,0.0,0,20,3780.0
6503.0,0.49999999999999994,0.0,0,20,3780.0
6504.0,0.49999999999999994,0.0,0,20,3780.0
6505.0,0.49999999999999994,0.0,0,20,3780.0
6506.0,0.49999999999999994,0.0,0,20,3780.0
6507.0,0.49999999999999994,0.0,0,20,3780.0
6508.0,0.49999999999999994,0.0,0,20,3780.0
6509.0,0.49999999999999994,0.0,0,20,3780.0
6510.0,0.49999999999999994,0.0,0,20,3780.0
6511.0,0.49999999999999994,0.0,0,20,3780.0
6512.0,0.49999999999999994,0.0,0,20,3780.0
6513.0,0.49999999999999994,0.0,0,20,3780.0
6514.0,0.49999999999999994,0.0,0,20,3780.0
6515.0,0.49999999999999994,0.0,0,20,3780.0
6516.0,0.49999999999999994,0.0,0,20,3780.0
6517.0,0.49999999999999994,0.0,0,20,3780.0
6518.0,0.49999999999999994,0.0,0,20,3780.0
6519.0,0.49999999999999994,0.0,0,20,3780.0
6520.0,0.49999999999999994,0.0,0,20,3780.0
6521.0,0.49999999999999994,0.0,0,20,3780.0
6522.0,0.49999999999999994,0.0,0,20,3780.0
6523.0,0.49999999999999994,0.0,0,20,3780.0
6524.0,0.49999999999999994,0.0,0,20,3780.0
6525.0,0.49999999999999994,0.0,0,20,3780.0
6526.0,0.49999999999999994,0.0,0,20,3780.0
6527.0,0.49999999999999994,0.0,0,20,3780.0
6528.0,0.49999999999999994,0.0,0,20,3780.0
6529.0,0.49999999999999994,0.0,0,20,3780.0
6530.0,0.49999999999999994,0.0,0,20,3780.0
6531.0,0.49999999999999994,0.0,0,20,3780.0
6532.0,0.49999999999999994,0.0,0,20,3780.0
6533.0,0.49999999999999994,0.0,0,20,3780.0
6534.0,0.49999999999999994,0.0,0,20,3780.0
6535.0,0.49999999999999994,0.0,0,20,3780.0
6536.0,0.49999999999999994,0.0,0,20,3780.0
6537.0,0.49999999999999994,0.0,0,20,3780.0
6538.0,0.49999999999999994,0.0,0,20,3780.0
6539.0,0.49999999999999994,0.0,0,20,3780.0
6540.0,0.49999999999999994,0.0,0,20,3780.0
6541.0,0.49999999999999994,0.0,0,20,3780.0
6542.0,0.49999999999999994,0.0,0,20,3780.0
6543.0,0.49999999999999994,0.0,0,20,3780.0
6544.0,0.49999999999999994,0.0,0,20,3780.0
6545.0,0.49999999999999994,0.0,0,20,3780.0
6546.0,0.49999999999999994,0.0,0,20,3780.0
6547.0,0.49999999999999994,0.0,0,20,3780.0
6548.0,0.49999999999999994,0.0,0,20,3780.0
6549.0,0.49999999999999994,0.0,0,20,3780.0
6550.0,0.49999999999999994,0.0,0,20,3780.0
6551.0,0.49999999999999994,0.0,0,20,3780.0
6552.0,0.49999999999999994,0.0,0,20,3780.0
6553.0,0.49999999999999994,0.0,0,20,3780.0
6554.0,0.49999999999999994,0.0,0,20,3780.0
6555.0,0.49999999999999994,0.0,0,20,3780.0
6556.0,0.49999999999999994,0.0,0,20,3780.0
6557.0,0.49999999999999994,0.0,0,20,3780.0
6558.0,0.49999999999999994,0.0,0,20,3780.0
6559.0,0.49999999999999994,0.0,0,20,3780.0
6560.0,0.49999999999999994,0.0,0,20,3780.0
6561.0,0.49999999999999994,0.0,0,20,3780.0
6562.0,0.49999999999999994,0.0,0,20,3780.0
6563.0,0.49999999999999994,0.0,0,20,3780.0
6564.0,0.49999999999999994,0.0,0,20,3780.0
6565.0,0.49999999999999994,0.0,0,20,3780.0
6566.0,0.49999999999999994,0.0,0,20,3780.0
6567.0,0.49999999999999994,0.0,0,20,3780.0
6568.0,0.49999999999999994,0.0,0,20,3780.0
6569.0,0.49999999999999994,0.0,0,20,3780.0
6570.0,0.49999999999999994,0.0,0,20,3780.0
6571.0,0.49999999999999994,0.0,0,20,3780.0
6572.0,0.49999999999999994,0.0,0,20,3780.0
6573.0,0.49999999999999994,0.0,0,20,3780.0
6574.0,0.49999999999999994,0.0,0,20,3780.0
6575.0,0.49999999999999994,0.0,0,20,3780.0
6576.0,0.49999999999999994,0.0,0,20,3780.0
6577.0,0.49999999999999994,0.0,0,20,3780.0
6578.0,0.49999999999999994,0.0,0,20,3780.0
6579.0,0.49999999999999994,0.0,0,20,3780.0
6580.0,0.49999999999999994,0.0,0,20,3780.0
6581.0,0.49999999999999994,0.0,0,20,3780.0
6582.0,0.49999999999999994,0.0,0,20,3780.0
6583.0,0.49999999999999994,0.0,0,20,3780.0
6584.0,0.49999999999999994,0.0,0,20,3780.0
6585.0,0.49999999999999994,0.0,0,20,3780.0
6586.0,0.49999999999999994,0.0,0,20,3780.0
6587.0,0.49999999999999994,0.0,0,20,3780.0
6588.0,0.49999999999999994,0.0,0,20,3780.0
6589.0,0.49999999999999994,0.0,0,20,3780.0
6590.0,0.49999999999999994,0.0,0,20,3780.0
6591.0,0.49999999999999994,0.0,0,20,3780.0
6592.0,0.49999999999999994,0.0,0,20,3780.0
6593.0,0.49999999999999994,0.0,0,20,3780.0
6594.0,0.49999999999999994,0.0,0,20,3780.0
6595.0,0.49999999999999994,0.0,0,20,3780.0
6596.0,0.49999999999999994,0.0,0,20,3780.0
6597.0,0.49999999999999994,0.0,0,20,3780.0
6598.0,0.49999999999999994,0.0,0,20,3780.0
6599.0,0.49999999999999994,0.0,0,20,3780.0
6600.0,0.49999999999999994,0.0,0,20,3780.0
6601.0,0.49999999999999994,0.0,0,20,3780.0
6602.0,0.49999999999999994,0.0,0,20,3780.0
6603.0,0.49999999999999994,0.0,0,20,3780.0
6604.0,0.49999999999999994,0.0,0,20,3780.0
6605.0,0.49999999999999994,0.0,0,20,3780.0
6606.0,0.49999999999999994,0.0,0,20,3780.0
6607.0,0.49999999999999994,0.0,0,20,3780.0
6608.0,0.49999999999999994,0.0,0,20,3780.0
6609.0,0.49999999999999994,0.0,0,20,3780.0
6610.0,0.49999999999999994,0.0,0,20,3780.0
6611.0,0.49999999999999994,0.0,0,20,3780.0
6612.0,0.49999999999999994,0.0,0,20,3780.0
6613.0,0.49999999999999994,0.0,0,20,3780.0
6614.0,0.49999999999999994,0.0,0,20,3780.0
6615.0,0.49999999999999994,0.0,0,20,3780.0
6616.0,0.49999999999999994,0.0,0,20,3780.0
6617.0,0.49999999999999994,0.0,0,20,3780.0
6618.0,0.49999999999999994,0.0,0,20,3780.0
6619.0,0.49999999999999994,0.0,0,20,3780.0
6620.0,0.49999999999999994,0.0,0,20,3780.0
6621.0,0.49999999999999994,0.0,0,20,3780.0
6622.0,0.49999999999999994,0.0,0,20,3780.0
6623.0,0.49999999999999994,0.0,0,20,3780.0
6624.0,0.49999999999999994,0.0,0,20,3780.0
6625.0,0.49999999999999994,0.0,0,20,3780.0
6626.0,0.49999999999999994,0.0,0,20,3780.0
6627.0,0.49999999999999994,0.0,0,20,3780.0
6628.0,0.49999999999999994,0.0,0,20,3780.0
6629.0,0.49999999999999994,0.0,0,20,3780.0
6630.0,0.49999999999999994,0.0,0,20,3780.0
6631.0,0.49999999999999994,0.0,0,20,3780.0
6632.0,0.49999999999999994,0.0,0,20,3780.0
6633.0,0.49999999999999994,0.0,0,20,3780.0
6634.0,0.49999999999999994,0.0,0,20,3780.0
6635.0,0.49999999999999994,0.0,0,20,3780.0
6636.0,0.49999999999999994,0.0,0,20,3780.0
6637.0,0.49999999999999994,0.0,0,20,3780.0
6638.0,0.49999999999999994,0.0,0,20,3780.0
6639.0,0.49999999999999994,0.0,0,20,3780.0
6640.0,0.49999999999999994,0.0,0,20,3780.0
6641.0,0.49999999999999994,0.0,0,20,3780.0
6642.0,0.49999999999999994,0.0,0,20,3780.0
6643.0,0.49999999999999994,0.0,0,20,3780.0
6644.0,0.49999999999999994,0.0,0,20,3780.0
6645.0,0.49999999999999994,0.0,0,20,3780.0
6646.0,0.49999999999999994,0.0,0,20,3780.0
6647.0,0.49999999999999994,0.0,0,20,3780.0
6648.0,0.49999999999999994,0.0,0,20,3780.0
6649.0,0.49999999999999994,0.0,0,20,3780.0
6650.0,0.49999999999999994,0.0,0,20,3780.0
6651.0,0.49999999999999994,0.0,0,20,3780.0
6652.0,0.49999999999999994,0.0,0,20,3780.0
6653.0,0.49999999999999994,0.0,0,20,3780.0
6654.0,0.49999999999999994,0.0,0,20,3780.0
6655.0,0.49999999999999994,0.0,0,20,3780.0
6656.0,0.49999999999999994,0.0,0,20,3780.0
6657.0,0.49999999999999994,0.0,0,20,3780.0
6658.0,0.49999999999999994,0.0,0,20,3780.0
6659.0,0.49999999999999994,0.0,0,20,3780.0
6660.0,0.49999999999999994,0.0,0,20,3780.0
6661.0,0.49999999999999994,0.0,0,20,3780.0
6662.0,0.49999999999999994,0.0,0,20,3780.0
6663.0,0.49999999999999994,0.0,0,20,3780.0
6664.0,0.49999999999999994,0.0,0,20,3780.0
6665.0,0.49999999999999994,0.0,0,20,3780.0
6666.0,0.49999999999999994,0.0,0,20,3780.0
6667.0,0.49999999999999994,0.0,0,20,3780.0
6668.0,0.49999999999999994,0.0,0,20,3780.0
6669.0,0.49999999999999994,0.0,0,20,3780.0
6670.0,0.49999999999999994,0.0,0,20,3780.0
6671.0,0.49999999999999994,0.0,0,20,3780.0
6672.0,0.49999999999999994,0.0,0,20,3780.0
6673.0,0.49999999999999994,0.0,0,20,3780.0
6674.0,0.49999999999999994,0.0,0,20,3780.0
6675.0,0.49999999999999994,0.0,0,20,3780.0
6676.0,0.49999999999999994,0.0,0,20,3780.0
6677.0,0.49999999999999994,0.0,0,20,3780.0
6678.0,0.49999999999999994,0.0,0,20,3780.0
6679.0,0.49999999999999994,0.0,0,20,3780.0
6680.0,0.49999999999999994,0.0,0,20,3780.0
6681.0,0.49999999999999994,0.0,0,20,3780.0
6682.0,0.49999999999999994,0.0,0,20,3780.0
6683.0,0.49999999999999994,0.0,0,20,3780.0
6684.0,0.49999999999999994,0.0,0,20,3780.0
6685.0,0.49999999999999994,0.0,0,20,3780.0
6686.0,0.49999999999999994,0.0,0,20,3780.0
6687.0,0.49999999999999994,0.0,0,20,3780.0
6688.0,0.49999999999999994,0.0,0,20,3780.0
6689.0,0.49999999999999994,0.0,0,20,3780.0
6690.0,0.49999999999999994,0.0,0,20,3780.0
6691.0,0.49999999999999994,0.0,0,20,3780.0
6692.0,0.49999999999999994,0.0,0,20,3780.0
6693.0,0.49999999999999994,0.0,0,20,3780.0
6694.0,0.49999999999999994,0.0,0,20,3780.0
6695.0,0.49999999999999994,0.0,0,20,3780.0
6696.0,0.49999999999999994,0.0,0,20,3780.0
6697.0,0.49999999999999994,0.0,0,20,3780.0
6698.0,0.49999999999999994,0.0,0,20,3780.0
6699.0,0.49999999999999994,0.0,0,20,3780.0
6700.0,0.49999999999999994,0.0,0,20,3780.0
6701.0,0.49999999999999994,0.0,0,20,3780.0
6702.0,0.49999999999999994,0.0,0,20,3780.0
6703.0,0.49999999999999994,0.0,0,20,3780.0
6704.0,0.49999999999999994,0.0,0,20,3780.0
6705.0,0.49999999999999994,0.0,0,20,3780.0
6706.0,0.49999999999999994,0.0,0,20,3780.0
6707.0,0.49999999999999994,0.0,0,20,3780.0
6708.0,0.49999999999999994,0.0,0,20,3780.0
6709.0,0.49999999999999994,0.0,0,20,3780.0
6710.0,0.49999999999999994,0.0,0,20,3780.0
6711.0,0.49999999999999994,0.0,0,20,3780.0
6712.0,0.49999999999999994,0.0,0,20,3780.0
6713.0,0.49999999999999994,0.0,0,20,3780.0
6714.0,0.49999999999999994,0.0,0,20,3780.0
6715.0,0.49999999999999994,0.0,0,20,3780.0
6716.0,0.49999999999999994,0.0,0,20,3780.0
6717.0,0.49999999999999994,0.0,0,20,3780.0
6718.0,0.49999999999999994,0.0,0,20,3780.0
6719.0,0.49999999999999994,0.0,0,20,3780.0
6720.0,0.49999999999999994,0.0,0,20,3780.0
6721.0,0.49999999999999994,0.0,0,20,3780.0
6722.0,0.49999999999999994,0.0,0,20,3780.0
6723.0,0.49999999999999994,0.0,0,20,3780.0
6724.0,0.49999999999999994,0.0,0,20,3780.0
6725.0,0.49999999999999994,0.0,0,20,3780.0
6726.0,0.49999999999999994,0.0,0,20,3780.0
6727.0,0.49999999999999994,0.0,0,20,3780.0
6728.0,0.49999999999999994,0.0,0,20,3780.0
6729.0,0.49999999999999994,0.0,0,20,3780.0
6730.0,0.49999999999999994,0.0,0,20,3780.0
6731.0,0.49999999999999994,0.0,0,20,3780.0
6732.0,0.49999999999999994,0.0,0,20,3780.0
6733.0,0.49999999999999994,0.0,0,20,3780.0
6734.0,0.49999999999999994,0.0,0,20,3780.0
6735.0,0.49999999999999994,0.0,0,20,3780.0
6736.0,0.49999999999999994,0.0,0,20,3780.0
6737.0,0.49999999999999994,0.0,0,20,3780.0
6738.0,0.49999999999999994,0.0,0,20,3780.0
6739.0,0.49999999999999994,0.0,0,20,3780.0
6740.0,0.49999999999999994,0.0,0,20,3780.0
6741.0,0.49999999999999994,0.0,0,20,3780.0
6742.0,0.49999999999999994,0.0,0,20,3780.0
6743.0,0.49999999999999994,0.0,0,20,3780.0
6744.0,0.49999999999999994,0.0,0,20,3780.0
6745.0,0.49999999999999994,0.0,0,20,3780.0
6746.0,0.49999999999999994,0.0,0,20,3780.0
6747.0,0.49999999999999994,0.0,0,20,3780.0
6748.0,0.49999999999999994,0.0,0,20,3780.0
6749.0,0.49999999999999994,0.0,0,20,3780.0
6750.0,0.49999999999999994,0.0,0,20,3780.0
6751.0,0.49999999999999994,0.0,0,20,3780.0
6752.0,0.49999999999999994,0.0,0,20,3780.0
6753.0,0.49999999999999994,0.0,0,20,3780.0
6754.0,0.49999999999999994,0.0,0,20,3780.0
6755.0,0.49999999999999994,0.0,0,20,3780.0
6756.0,0.49999999999999994,0.0,0,20,3780.0
6757.0,0.49999999999999994,0.0,0,20,3780.0
6758.0,0.49999999999999994,0.0,0,20,3780.0
6759.0,0.49999999999999994,0.0,0,20,3780.0
6760.0,0.49999999999999994,0.0,0,20,3780.0
6761.0,0.49999999999999994,0.0,0,20,3780.0
6762.0,0.49999999999999994,0.0,0,20,3780.0
6763.0,0.49999999999999994,0.0,0,20,3780.0
6764.0,0.49999999999999994,0.0,0,20,3780.0
6765.0,0.49999999999999994,0.0,0,20,3780.0
6766.0,0.49999999999999994,0.0,0,20,3780.0
6767.0,0.49999999999999994,0.0,0,20,3780.0
6768.0,0.49999999999999994,0.0,0,20,3780.0
6769.0,0.49999999999999994,0.0,0,20,3780.0
6770.0,0.49999999999999994,0.0,0,20,3780.0
6771.0,0.49999999999999994,0.0,0,20,3780.0
6772.0,0.49999999999999994,0.0,0,20,3780.0
6773.0,0.49999999999999994,0.0,0,20,3780.0
6774.0,0.49999999999999994,0.0,0,20,3780.0
6775.0,0.49999999999999994,0.0,0,20,3780.0
6776.0,0.49999999999999994,0.0,0,20,3780.0
6777.0,0.49999999999999994,0.0,0,20,3780.0
6778.0,0.49999999999999994,0.0,0,20,3780.0
6779.0,0.49999999999999994,0.0,0,20,3780.0
6780.0,0.49999999999999994,0.0,0,20,3780.0
6781.0,0.49999999999999994,0.0,0,20,3780.0
6782.0,0.49999999999999994,0.0,0,20,3780.0
6783.0,0.49999999999999994,0.0,0,20,3780.0
6784.0,0.49999999999999994,0.0,0,20,3780.0
6785.0,0.49999999999999994,0.0,0,20,3780.0
6786.0,0.49999999999999994,0.0,0,20,3780.0
6787.0,0.49999999999999994,0.0,0,20,3780.0
6788.0,0.49999999999999994,0.0,0,20,3780.0
6789.0,0.49999999999999994,0.0,0,20,3780.0
6790.0,0.49999999999999994,0.0,0,20,3780.0
6791.0,0.49999999999999994,0.0,0,20,3780.0
6792.0,0.49999999999999994,0.0,0,20,3780.0
6793.0,0.49999999999999994,0.0,0,20,3780.0
6794.0,0.49999999999999994,0.0,0,20,3780.0
6795.0,0.49999999999999994,0.0,0,20,3780.0
6796.0,0.49999999999999994,0.0,0,20,3780.0
6797.0,0.49999999999999994,0.0,0,20,3780.0
6798.0,0.49999999999999994,0.0,0,20,3780.0
6799.0,0.49999999999999994,0.0,0,20,3780.0
6800.0,0.49999999999999994,0.0,0,20,3780.0
6801.0,0.49999999999999994,0.0,0,20,3780.0
6802.0,0.49999999999999994,0.0,0,20,3780.0
6803.0,0.49999999999999994,0.0,0,20,3780.0
6804.0,0.49999999999999994,0.0,0,20,3780.0
6805.0,0.49999999999999994,0.0,0,20,3780.0
6806.0,0.49999999999999994,0.0,0,20,3780.0
6807.0,0.49999999999999994,0.0,0,20,3780.0
6808.0,0.49999999999999994,0.0,0,20,3780.0
6809.0,0.49999999999999994,0.0,0,20,3780.0
6810.0,0.49999999999999994,0.0,0,20,3780.0
6811.0,0.49999999999999994,0.0,0,20,3780.0
6812.0,0.49999999999999994,0.0,0,20,3780.0
6813.0,0.49999999999999994,0.0,0,20,3780.0
6814.0,0.49999999999999994,0.0,0,20,3780.0
6815.0,0.49999999999999994,0.0,0,20,3780.0
6816.0,0.49999999999999994,0.0,0,20,3780.0
6817.0,0.49999999999999994,0.0,0,20,3780.0
6818.0,0.49999999999999994,0.0,0,20,3780.0
6819.0,0.49999999999999994,0.0,0,20,3780.0
6820.0,0.49999999999999994,0.0,0,20,3780.0
6821.0,0.49999999999999994,0.0,0,20,3780.0
6822.0,0.49999999999999994,0.0,0,20,3780.0
6823.0,0.49999999999999994,0.0,0,20,3780.0
6824.0,0.49999999999999994,0.0,0,20,3780.0
6825.0,0.49999999999999994,0.0,0,20,3780.0
6826.0,0.49999999999999994,0.0,0,20,3780.0
6827.0,0.49999999999999994,0.0,0,20,3780.0
6828.0,0.49999999999999994,0.0,0,20,3780.0
6829.0,0.49999999999999994,0.0,0,20,3780.0
6830.0,0.49999999999999994,0.0,0,20,3780.0
6831.0,0.49999999999999994,0.0,0,20,3780.0
6832.0,0.49999999999999994,0.0,0,20,3780.0
6833.0,0.49999999999999994,0.0,0,20,3780.0
6834.0,0.49999999999999994,0.0,0,20,3780.0
6835.0,0.49999999999999994,0.0,0,20,3780.0
6836.0,0.49999999999999994,0.0,0,20,3780.0
6837.0,0.49999999999999994,0.0,0,20,3780.0
6838.0,0.49999999999999994,0.0,0,20,3780.0
6839.0,0.49999999999999994,0.0,0,20,3780.0
6840.0,0.49999999999999994,0.0,0,20,3780.0
6841.0,0.49999999999999994,0.0,0,20,3780.0
6842.0,0.49999999999999994,0.0,0,20,3780.0
6843.0,0.49999999999999994,0.0,0,20,3780.0
6844.0,0.49999999999999994,0.0,0,20,3780.0
6845.0,0.49999999999999994,0.0,0,20,3780.0
6846.0,0.49999999999999994,0.0,0,20,3780.0
6847.0,0.49999999999999994,0.0,0,20,3780.0
6848.0,0.49999999999999994,0.0,0,20,3780.0
6849.0,0.49999999999999994,0.0,0,20,3780.0
6850.0,0.49999999999999994,0.0,0,20,3780.0
6851.0,0.49999999999999994,0.0,0,20,3780.0
6852.0,0.49999999999999994,0.0,0,20,3780.0
6853.0,0.49999999999999994,0.0,0,20,3780.0
6854.0,0.49999999999999994,0.0,0,20,3780.0
6855.0,0.49999999999999994,0.0,0,20,3780.0
6856.0,0.49999999999999994,0.0,0,20,3780.0
6857.0,0.49999999999999994,0.0,0,20,3780.0
6858.0,0.49999999999999994,0.0,0,20,3780.0
6859.0,0.49999999999999994,0.0,0,20,3780.0
6860.0,0.49999999999999994,0.0,0,20,3780.0
6861.0,0.49999999999999994,0.0,0,20,3780.0
6862.0,0.49999999999999994,0.0,0,20,3780.0
6863.0,0.49999999999999994,0.0,0,20,3780.0
6864.0,0.49999999999999994,0.0,0,20,3780.0
6865.0,0.49999999999999994,0.0,0,20,3780.0
6866.0,0.49999999999999994,0.0,0,20,3780.0
6867.0,0.49999999999999994,0.0,0,20,3780.0
6868.0,0.49999999999999994,0.0,0,20,3780.0
6869.0,0.49999999999999994,0.0,0,20,3780.0
6870.0,0.49999999999999994,0.0,0,20,3780.0
6871.0,0.49999999999999994,0.0,0,20,3780.0
6872.0,0.49999999999999994,0.0,0,20,3780.0
6873.0,0.49999999999999994,0.0,0,20,3780.0
6874.0,0.49999999999999994,0.0,0,20,3780.0
6875.0,0.49999999999999994,0.0,0,20,3780.0
6876.0,0.49999999999999994,0.0,0,20,3780.0
6877.0,0.49999999999999994,0.0,0,20,3780.0
6878.0,0.49999999999999994,0.0,0,20,3780.0
6879.0,0.49999999999999994,0.0,0,20,3780.0
6880.0,0.49999999999999994,0.0,0,20,3780.0
6881.0,0.49999999999999994,0.0,0,20,3780.0
6882.0,0.49999999999999994,0.0,0,20,3780.0
6883.0,0.49999999999999994,0.0,0,20,3780.0
6884.0,0.49999999999999994,0.0,0,20,3780.0
6885.0,0.49999999999999994,0.0,0,20,3780.0
6886.0,0.49999999999999994,0.0,0,20,3780.0
6887.0,0.49999999999999994,0.0,0,20,3780.0
6888.0,0.49999999999999994,0.0,0,20,3780.0
6889.0,0.49999999999999994,0.0,0,20,3780.0
6890.0,0.49999999999999994,0.0,0,20,3780.0
6891.0,0.49999999999999994,0.0,0,20,3780.0
6892.0,0.49999999999999994,0.0,0,20,3780.0
6893.0,0.49999999999999994,0.0,0,20,3780.0
6894.0,0.49999999999999994,0.0,0,20,3780.0
6895.0,0.49999999999999994,0.0,0,20,3780.0
6896.0,0.49999999999999994,0.0,0,20,3780.0
6897.0,0.49999999999999994,0.0,0,20,3780.0
6898.0,0.49999999999999994,0.0,0,20,3780.0
6899.0,0.49999999999999994,0.0,0,20,3780.0
6900.0,0.49999999999999994,0.0,0,20,3780.0
6901.0,0.49999999999999994,0.0,0,20,3780.0
6902.0,0.49999999999999994,0.0,0,20,3780.0
6903.0,0.49999999999999994,0.0,0,20,3780.0
6904.0,0.49999999999999994,0.0,0,20,3780.0
6905.0,0.49999999999999994,0.0,0,20,3780.0
6906.0,0.49999999999999994,0.0,0,20,3780.0
6907.0,0.49999999999999994,0.0,0,20,3780.0
6908.0,0.49999999999999994,0.0,0,20,3780.0
6909.0,0.49999999999999994,0.0,0,20,3780.0
6910.0,0.49999999999999994,0.0,0,20,3780.0
6911.0,0.49999999999999994,0.0,0,20,3780.0
6912.0,0.49999999999999994,0.0,0,20,3780.0
6913.0,0.49999999999999994,0.0,0,20,3780.0
6914.0,0.49999999999999994,0.0,0,20,3780.0
6915.0,0.49999999999999994,0.0,0,20,3780.0
6916.0,0.49999999999999994,0.0,0,20,3780.0
6917.0,0.49999999999999994,0.0,0,20,3780.0
6918.0,0.49999999999999994,0.0,0,20,3780.0
6919.0,0.49999999999999994,0.0,0,20,3780.0
6920.0,0.49999999999999994,0.0,0,20,3780.0
6921.0,0.49999999999999994,0.0,0,20,3780.0
6922.0,0.49999999999999994,0.0,0,20,3780.0
6923.0,0.49999999999999994,0.0,0,20,3780.0
6924.0,0.49999999999999994,0.0,0,20,3780.0
6925.0,0.49999999999999994,0.0,0,20,3780.0
6926.0,0.49999999999999994,0.0,0,20,3780.0
6927.0,0.49999999999999994,0.0,0,20,3780.0
6928.0,0.49999999999999994,0.0,0,20,3780.0
6929.0,0.49999999999999994,0.0,0,20,3780.0
6930.0,0.49999999999999994,0.0,0,20,3780.0
6931.0,0.49999999999999994,0.0,0,20,3780.0
6932.0,0.49999999999999994,0.0,0,20,3780.0
6933.0,0.49999999999999994,0.0,0,20,3780.0
6934.0,0.49999999999999994,0.0,0,20,3780.0
6935.0,0.49999999999999994,0.0,0,20,3780.0
6936.0,0.49999999999999994,0.0,0,20,3780.0
6937.0,0.49999999999999994,0.0,0,20,3780.0
6938.0,0.49999999999999994,0.0,0,20,3780.0
6939.0,0.49999999999999994,0.0,0,20,3780.0
6940.0,0.49999999999999994,0.0,0,20,3780.0
6941.0,0.49999999999999994,0.0,0,20,3780.0
6942.0,0.49999999999999994,0.0,0,20,3780.0
6943.0,0.49999999999999994,0.0,0,20,3780.0
6944.0,0.49999999999999994,0.0,0,20,3780.0
6945.0,0.49999999999999994,0.0,0,20,3780.0
6946.0,0.49999999999999994,0.0,0,20,3780.0
6947.0,0.49999999999999994,0.0,0,20,3780.0
6948.0,0.49999999999999994,0.0,0,20,3780.0
6949.0,0.49999999999999994,0.0,0,20,3780.0
6950.0,0.49999999999999994,0.0,0,20,3780.0
6951.0,0.49999999999999994,0.0,0,20,3780.0
6952.0,0.49999999999999994,0.0,0,20,3780.0
6953.0,0.49999999999999994,0.0,0,20,3780.0
6954.0,0.49999999999999994,0.0,0,20,3780.0
6955.0,0.49999999999999994,0.0,0,20,3780.0
6956.0,0.49999999999999994,0.0,0,20,3780.0
6957.0,0.49999999999999994,0.0,0,20,3780.0
6958.0,0.49999999999999994,0.0,0,20,3780.0
6959.0,0.49999999999999994,0.0,0,20,3780.0
6960.0,0.49999999999999994,0.0,0,20,3780.0
6961.0,0.49999999999999994,0.0,0,20,3780.0
6962.0,0.49999999999999994,0.0,0,20,3780.0
6963.0,0.49999999999999994,0.0,0,20,3780.0
6964.0,0.49999999999999994,0.0,0,20,3780.0
6965.0,0.49999999999999994,0.0,0,20,3780.0
6966.0,0.49999999999999994,0.0,0,20,3780.0
6967.0,0.49999999999999994,0.0,0,20,3780.0
6968.0,0.49999999999999994,0.0,0,20,3780.0
6969.0,0.49999999999999994,0.0,0,20,3780.0
6970.0,0.49999999999999994,0.0,0,20,3780.0
6971.0,0.49999999999999994,0.0,0,20,3780.0
6972.0,0.49999999999999994,0.0,0,20,3780.0
6973.0,0.49999999999999994,0.0,0,20,3780.0
6974.0,0.49999999999999994,0.0,0,20,3780.0
6975.0,0.49999999999999994,0.0,0,20,3780.0
6976.0,0.49999999999999994,0.0,0,20,3780.0
6977.0,0.49999999999999994,0.0,0,20,3780.0
6978.0,0.49999999999999994,0.0,0,20,3780.0
6979.0,0.49999999999999994,0.0,0,20,3780.0
6980.0,0.49999999999999994,0.0,0,20,3780.0
6981.0,0.49999999999999994,0.0,0,20,3780.0
6982.0,0.49999999999999994,0.0,0,20,3780.0
6983.0,0.49999999999999994,0.0,0,20,3780.0
6984.0,0.49999999999999994,0.0,0,20,3780.0
6985.0,0.49999999999999994,0.0,0,20,3780.0
6986.0,0.49999999999999994,0.0,0,20,3780.0
6987.0,0.49999999999999994,0.0,0,20,3780.0
6988.0,0.49999999999999994,0.0,0,20,3780.0
6989.0,0.49999999999999994,0.0,0,20,3780.0
6990.0,0.49999999999999994,0.0,0,20,3780.0
6991.0,0.49999999999999994,0.0,0,20,3780.0
6992.0,0.49999999999999994,0.0,0,20,3780.0
6993.0,0.49999999999999994,0.0,0,20,3780.0
6994.0,0.49999999999999994,0.0,0,20,3780.0
6995.0,0.49999999999999994,0.0,0,20,3780.0
6996.0,0.49999999999999994,0.0,0,20,3780.0
6997.0,0.49999999999999994,0.0,0,20,3780.0
6998.0,0.49999999999999994,0.0,0,20,3780.0
6999.0,0.49999999999999994,0.0,0,20,3780.0
7000.0,0.49999999999999994,0.0,0,20,3780.0
7001.0,0.49999999999999994,0.0,0,20,3780.0
7002.0,0.49999999999999994,0.0,0,20,3780.0
7003.0,0.49999999999999994,0.0,0,20,3780.0
7004.0,0.49999999999999994,0.0,0,20,3780.0
7005.0,0.49999999999999994,0.0,0,20,3780.0
7006.0,0.49999999999999994,0.0,0,20,3780.0
7007.0,0.49999999999999994,0.0,0,20,3780.0
7008.0,0.49999999999999994,0.0,0,20,3780.0
7009.0,0.49999999999999994,0.0,0,20,3780.0
7010.0,0.49999999999999994,0.0,0,20,3780.0
7011.0,0.49999999999999994,0.0,0,20,3780.0
7012.0,0.49999999999999994,0.0,0,20,3780.0
7013.0,0.49999999999999994,0.0,0,20,3780.0
7014.0,0.49999999999999994,0.0,0,20,3780.0
7015.0,0.49999999999999994,0.0,0,20,3780.0
7016.0,0.49999999999999994,0.0,0,20,3780.0
7017.0,0.49999999999999994,0.0,0,20,3780.0
7018.0,0.49999999999999994,0.0,0,20,3780.0
7019.0,0.49999999999999994,0.0,0,20,3780.0
7020.0,0.49999999999999994,0.0,0,20,3780.0
7021.0,0.49999999999999994,0.0,0,20,3780.0
7022.0,0.49999999999999994,0.0,0,20,3780.0
7023.0,0.49999999999999994,0.0,0,20,3780.0
7024.0,0.49999999999999994,0.0,0,20,3780.0
7025.0,0.49999999999999994,0.0,0,20,3780.0
7026.0,0.49999999999999994,0.0,0,20,3780.0
7027.0,0.49999999999999994,0.0,0,20,3780.0
7028.0,0.49999999999999994,0.0,0,20,3780.0
7029.0,0.49999999999999994,0.0,0,20,3780.0
7030.0,0.49999999999999994,0.0,0,20,3780.0
7031.0,0.49999999999999994,0.0,0,20,3780.0
7032.0,0.49999999999999994,0.0,0,20,3780.0
7033.0,0.49999999999999994,0.0,0,20,3780.0
7034.0,0.49999999999999994,0.0,0,20,3780.0
7035.0,0.49999999999999994,0.0,0,20,3780.0
7036.0,0.49999999999999994,0.0,0,20,3780.0
7037.0,0.49999999999999994,0.0,0,20,3780.0
7038.0,0.49999999999999994,0.0,0,20,3780.0
7039.0,0.49999999999999994,0.0,0,20,3780.0
7040.0,0.49999999999999994,0.0,0,20,3780.0
7041.0,0.49999999999999994,0.0,0,20,3780.0
7042.0,0.49999999999999994,0.0,0,20,3780.0
7043.0,0.49999999999999994,0.0,0,20,3780.0
7044.0,0.49999999999999994,0.0,0,20,3780.0
7045.0,0.49999999999999994,0.0,0,20,3780.0
7046.0,0.49999999999999994,0.0,0,20,3780.0
7047.0,0.49999999999999994,0.0,0,20,3780.0
7048.0,0.49999999999999994,0.0,0,20,3780.0
7049.0,0.49999999999999994,0.0,0,20,3780.0
7050.0,0.49999999999999994,0.0,0,20,3780.0
7051.0,0.49999999999999994,0.0,0,20,3780.0
7052.0,0.49999999999999994,0.0,0,20,3780.0
7053.0,0.49999999999999994,0.0,0,20,3780.0
7054.0,0.49999999999999994,0.0,0,20,3780.0
7055.0,0.49999999999999994,0.0,0,20,3780.0
7056.0,0.49999999999999994,0.0,0,20,3780.0
7057.0,0.49999999999999994,0.0,0,20,3780.0
7058.0,0.49999999999999994,0.0,0,20,3780.0
7059.0,0.49999999999999994,0.0,0,20,3780.0
7060.0,0.49999999999999994,0.0,0,20,3780.0
7061.0,0.49999999999999994,0.0,0,20,3780.0
7062.0,0.49999999999999994,0.0,0,20,3780.0
7063.0,0.49999999999999994,0.0,0,20,3780.0
7064.0,0.49999999999999994,0.0,0,20,3780.0
7065.0,0.49999999999999994,0.0,0,20,3780.0
7066.0,0.49999999999999994,0.0,0,20,3780.0
7067.0,0.49999999999999994,0.0,0,20,3780.0
7068.0,0.49999999999999994,0.0,0,20,3780.0
7069.0,0.49999999999999994,0.0,0,20,3780.0
7070.0,0.49999999999999994,0.0,0,20,3780.0
7071.0,0.49999999999999994,0.0,0,20,3780.0
7072.0,0.49999999999999994,0.0,0,20,3780.0
7073.0,0.49999999999999994,0.0,0,20,3780.0
7074.0,0.49999999999999994,0.0,0,20,3780.0
7075.0,0.49999999999999994,0.0,0,20,3780.0
7076.0,0.49999999999999994,0.0,0,20,3780.0
7077.0,0.49999999999999994,0.0,0,20,3780.0
7078.0,0.49999999999999994,0.0,0,20,3780.0
7079.0,0.49999999999999994,0.0,0,20,3780.0
7080.0,0.49999999999999994,0.0,0,20,3780.0
7081.0,0.49999999999999994,0.0,0,20,3780.0
7082.0,0.49999999999999994,0.0,0,20,3780.0
7083.0,0.49999999999999994,0.0,0,20,3780.0
7084.0,0.49999999999999994,0.0,0,20,3780.0
7085.0,0.49999999999999994,0.0,0,20,3780.0
7086.0,0.49999999999999994,0.0,0,20,3780.0
7087.0,0.49999999999999994,0.0,0,20,3780.0
7088.0,0.49999999999999994,0.0,0,20,3780.0
7089.0,0.49999999999999994,0.0,0,20,3780.0
7090.0,0.49999999999999994,0.0,0,20,3780.0
7091.0,0.49999999999999994,0.0,0,20,3780.0
7092.0,0.49999999999999994,0.0,0,20,3780.0
7093.0,0.49999999999999994,0.0,0,20,3780.0
7094.0,0.49999999999999994,0.0,0,20,3780.0
7095.0,0.49999999999999994,0.0,0,20,3780.0
7096.0,0.49999999999999994,0.0,0,20,3780.0
7097.0,0.49999999999999994,0.0,0,20,3780.0
7098.0,0.49999999999999994,0.0,0,20,3780.0
7099.0,0.49999999999999994,0.0,0,20,3780.0
7100.0,0.49999999999999994,0.0,0,20,3780.0
7101.0,0.49999999999999994,0.0,0,20,3780.0
7102.0,0.49999999999999994,0.0,0,20,3780.0
7103.0,0.49999999999999994,0.0,0,20,3780.0
7104.0,0.49999999999999994,0.0,0,20,3780.0
7105.0,0.49999999999999994,0.0,0,20,3780.0
7106.0,0.49999999999999994,0.0,0,20,3780.0
7107.0,0.49999999999999994,0.0,0,20,3780.0
7108.0,0.49999999999999994,0.0,0,20,3780.0
7109.0,0.49999999999999994,0.0,0,20,3780.0
7110.0,0.49999999999999994,0.0,0,20,3780.0
7111.0,0.49999999999999994,0.0,0,20,3780.0
7112.0,0.49999999999999994,0.0,0,20,3780.0
7113.0,0.49999999999999994,0.0,0,20,3780.0
7114.0,0.49999999999999994,0.0,0,20,3780.0
7115.0,0.49999999999999994,0.0,0,20,3780.0
7116.0,0.49999999999999994,0.0,0,20,3780.0
7117.0,0.49999999999999994,0.0,0,20,3780.0
7118.0,0.49999999999999994,0.0,0,20,3780.0
7119.0,0.49999999999999994,0.0,0,20,3780.0
7120.0,0.49999999999999994,0.0,0,20,3780.0
7121.0,0.49999999999999994,0.0,0,20,3780.0
7122.0,0.49999999999999994,0.0,0,20,3780.0
7123.0,0.49999999999999994,0.0,0,20,3780.0
7124.0,0.49999999999999994,0.0,0,20,3780.0
7125.0,0.49999999999999994,0.0,0,20,3780.0
7126.0,0.49999999999999994,0.0,0,20,3780.0
7127.0,0.49999999999999994,0.0,0,20,3780.0
7128.0,0.49999999999999994,0.0,0,20,3780.0
7129.0,0.49999999999999994,0.0,0,20,3780.0
7130.0,0.49999999999999994,0.0,0,20,3780.0
7131.0,0.49999999999999994,0.0,0,20,3780.0
7132.0,0.49999999999999994,0.0,0,20,3780.0
7133.0,0.49999999999999994,0.0,0,20,3780.0
7134.0,0.49999999999999994,0.0,0,20,3780.0
7135.0,0.49999999999999994,0.0,0,20,3780.0
7136.0,0.49999999999999994,0.0,0,20,3780.0
7137.0,0.49999999999999994,0.0,0,20,3780.0
7138.0,0.49999999999999994,0.0,0,20,3780.0
7139.0,0.49999999999999994,0.0,0,20,3780.0
7140.0,0.49999999999999994,0.0,0,20,3780.0
7141.0,0.49999999999999994,0.0,0,20,3780.0
7142.0,0.49999999999999994,0.0,0,20,3780.0
7143.0,0.49999999999999994,0.0,0,20,3780.0
7144.0,0.49999999999999994,0.0,0,20,3780.0
7145.0,0.49999999999999994,0.0,0,20,3780.0
7146.0,0.49999999999999994,0.0,0,20,3780.0
7147.0,0.49999999999999994,0.0,0,20,3780.0
7148.0,0.49999999999999994,0.0,0,20,3780.0
7149.0,0.49999999999999994,0.0,0,20,3780.0
7150.0,0.49999999999999994,0.0,0,20,3780.0
7151.0,0.49999999999999994,0.0,0,20,3780.0
7152.0,0.49999999999999994,0.0,0,20,3780.0
7153.0,0.49999999999999994,0.0,0,20,3780.0
7154.0,0.49999999999999994,0.0,0,20,3780.0
7155.0,0.49999999999999994,0.0,0,20,3780.0
7156.0,0.49999999999999994,0.0,0,20,3780.0
7157.0,0.49999999999999994,0.0,0,20,3780.0
7158.0,0.49999999999999994,0.0,0,20,3780.0
7159.0,0.49999999999999994,0.0,0,20,3780.0
7160.0,0.49999999999999994,0.0,0,20,3780.0
7161.0,0.49999999999999994,0.0,0,20,3780.0
7162.0,0.49999999999999994,0.0,0,20,3780.0
7163.0,0.49999999999999994,0.0,0,20,3780.0
7164.0,0.49999999999999994,0.0,0,20,3780.0
7165.0,0.49999999999999994,0.0,0,20,3780.0
7166.0,0.49999999999999994,0.0,0,20,3780.0
7167.0,0.49999999999999994,0.0,0,20,3780.0
7168.0,0.49999999999999994,0.0,0,20,3780.0
7169.0,0.49999999999999994,0.0,0,20,3780.0
7170.0,0.49999999999999994,0.0,0,20,3780.0
7171.0,0.49999999999999994,0.0,0,20,3780.0
7172.0,0.49999999999999994,0.0,0,20,3780.0
7173.0,0.49999999999999994,0.0,0,20,3780.0
7174.0,0.49999999999999994,0.0,0,20,3780.0
7175.0,0.49999999999999994,0.0,0,20,3780.0
7176.0,0.49999999999999994,0.0,0,20,3780.0
7177.0,0.49999999999999994,0.0,0,20,3780.0
7178.0,0.49999999999999994,0.0,0,20,3780.0
7179.0,0.49999999999999994,0.0,0,20,3780.0
7180.0,0.49999999999999994,0.0,0,20,3780.0
7181.0,0.49999999999999994,0.0,0,20,3780.0
7182.0,0.49999999999999994,0.0,0,20,3780.0
7183.0,0.49999999999999994,0.0,0,20,3780.0
7184.0,0.49999999999999994,0.0,0,20,3780.0
7185.0,0.49999999999999994,0.0,0,20,3780.0
7186.0,0.49999999999999994,0.0,0,20,3780.0
7187.0,0.49999999999999994,0.0,0,20,3780.0
7188.0,0.49999999999999994,0.0,0,20,3780.0
7189.0,0.49999999999999994,0.0,0,20,3780.0
7190.0,0.49999999999999994,0.0,0,20,3780.0
7191.0,0.49999999999999994,0.0,0,20,3780.0
7192.0,0.49999999999999994,0.0,0,20,3780.0
7193.0,0.49999999999999994,0.0,0,20,3780.0
7194.0,0.49999999999999994,0.0,0,20,3780.0
7195.0,0.49999999999999994,0.0,0,20,3780.0
7196.0,0.49999999999999994,0.0,0,20,3780.0
7197.0,0.49999999999999994,0.0,0,20,3780.0
7198.0,0.49999999999999994,0.0,0,20,3780.0
7199.0,0.49999999999999994,0.0,0,20,3780.0
7200.0,0.49999999999999994,0.0,0,20,3780.0
7201.0,0.49999999999999994,0.0,0,20,3780.0
7202.0,0.49999999999999994,0.0,0,20,3780.0
7203.0,0.49999999999999994,0.0,0,20,3780.0
7204.0,0.49999999999999994,0.0,0,20,3780.0
7205.0,0.49999999999999994,0.0,0,20,3780.0
7206.0,0.49999999999999994,0.0,0,20,3780.0
7207.0,0.49999999999999994,0.0,0,20,3780.0
7208.0,0.49999999999999994,0.0,0,20,3780.0
7209.0,0.49999999999999994,0.0,0,20,3780.0
7210.0,0.49999999999999994,0.0,0,20,3780.0
7211.0,0.49999999999999994,0.0,0,20,3780.0
7212.0,0.49999999999999994,0.0,0,20,3780.0
7213.0,0.49999999999999994,0.0,0,20,3780.0
7214.0,0.49999999999999994,0.0,0,20,3780.0
7215.0,0.49999999999999994,0.0,0,20,3780.0
7216.0,0.49999999999999994,0.0,0,20,3780.0
7217.0,0.49999999999999994,0.0,0,20,3780.0
7218.0,0.49999999999999994,0.0,0,20,3780.0
7219.0,0.49999999999999994,0.0,0,20,3780.0
7220.0,0.49999999999999994,0.0,0,20,3780.0
7221.0,0.49999999999999994,0.0,0,20,3780.0
7222.0,0.49999999999999994,0.0,0,20,3780.0
7223.0,0.49999999999999994,0.0,0,20,3780.0
7224.0,0.49999999999999994,0.0,0,20,3780.0
7225.0,0.49999999999999994,0.0,0,20,3780.0
7226.0,0.49999999999999994,0.0,0,20,3780.0
7227.0,0.49999999999999994,0.0,0,20,3780.0
7228.0,0.49999999999999994,0.0,0,20,3780.0
7229.0,0.49999999999999994,0.0,0,20,3780.0
7230.0,0.49999999999999994,0.0,0,20,3780.0
7231.0,0.49999999999999994,0.0,0,20,3780.0
7232.0,0.49999999999999994,0.0,0,20,3780.0
7233.0,0.49999999999999994,0.0,0,20,3780.0
7234.0,0.49999999999999994,0.0,0,20,3780.0
7235.0,0.49999999999999994,0.0,0,20,3780.0
7236.0,0.49999999999999994,0.0,0,20,3780.0
7237.0,0.49999999999999994,0.0,0,20,3780.0
7238.0,0.49999999999999994,0.0,0,20,3780.0
7239.0,0.49999999999999994,0.0,0,20,3780.0
7240.0,0.49999999999999994,0.0,0,20,3780.0
7241.0,0.49999999999999994,0.0,0,20,3780.0
7242.0,0.49999999999999994,0.0,0,20,3780.0
7243.0,0.49999999999999994,0.0,0,20,3780.0
7244.0,0.49999999999999994,0.0,0,20,3780.0
7245.0,0.49999999999999994,0.0,0,20,3780.0
7246.0,0.49999999999999994,0.0,0,20,3780.0
7247.0,0.49999999999999994,0.0,0,20,3780.0
7248.0,0.49999999999999994,0.0,0,20,3780.0
7249.0,0.49999999999999994,0.0,0,20,3780.0
7250.0,0.49999999999999994,0.0,0,20,3780.0
7251.0,0.49999999999999994,0.0,0,20,3780.0
7252.0,0.49999999999999994,0.0,0,20,3780.0
7253.0,0.49999999999999994,0.0,0,20,3780.0
7254.0,0.49999999999999994,0.0,0,20,3780.0
7255.0,0.49999999999999994,0.0,0,20,3780.0
7256.0,0.49999999999999994,0.0,0,20,3780.0
7257.0,0.49999999999999994,0.0,0,20,3780.0
7258.0,0.49999999999999994,0.0,0,20,3780.0
7259.0,0.49999999999999994,0.0,0,20,3780.0
7260.0,0.49999999999999994,0.0,0,20,3780.0
7261.0,0.49999999999999994,0.0,0,20,3780.0
7262.0,0.49999999999999994,0.0,0,20,3780.0
7263.0,0.49999999999999994,0.0,0,20,3780.0
7264.0,0.49999999999999994,0.0,0,20,3780.0
7265.0,0.49999999999999994,0.0,0,20,3780.0
7266.0,0.49999999999999994,0.0,0,20,3780.0
7267.0,0.49999999999999994,0.0,0,20,3780.0
7268.0,0.49999999999999994,0.0,0,20,3780.0
7269.0,0.49999999999999994,0.0,0,20,3780.0
7270.0,0.49999999999999994,0.0,0,20,3780.0
7271.0,0.49999999999999994,0.0,0,20,3780.0
7272.0,0.49999999999999994,0.0,0,20,3780.0
7273.0,0.49999999999999994,0.0,0,20,3780.0
7274.0,0.49999999999999994,0.0,0,20,3780.0
7275.0,0.49999999999999994,0.0,0,20,3780.0
7276.0,0.49999999999999994,0.0,0,20,3780.0
7277.0,0.49999999999999994,0.0,0,20,3780.0
7278.0,0.49999999999999994,0.0,0,20,3780.0
7279.0,0.49999999999999994,0.0,0,20,3780.0
7280.0,0.49999999999999994,0.0,0,20,3780.0
7281.0,0.49999999999999994,0.0,0,20,3780.0
7282.0,0.49999999999999994,0.0,0,20,3780.0
7283.0,0.49999999999999994,0.0,0,20,3780.0
7284.0,0.49999999999999994,0.0,0,20,3780.0
7285.0,0.49999999999999994,0.0,0,20,3780.0
7286.0,0.49999999999999994,0.0,0,20,3780.0
7287.0,0.49999999999999994,0.0,0,20,3780.0
7288.0,0.49999999999999994,0.0,0,20,3780.0
7289.0,0.49999999999999994,0.0,0,20,3780.0
7290.0,0.49999999999999994,0.0,0,20,3780.0
7291.0,0.49999999999999994,0.0,0,20,3780.0
7292.0,0.49999999999999994,0.0,0,20,3780.0
7293.0,0.49999999999999994,0.0,0,20,3780.0
7294.0,0.49999999999999994,0.0,0,20,3780.0
7295.0,0.49999999999999994,0.0,0,20,3780.0
7296.0,0.49999999999999994,0.0,0,20,3780.0
7297.0,0.49999999999999994,0.0,0,20,3780.0
7298.0,0.49999999999999994,0.0,0,20,3780.0
7299.0,0.49999999999999994,0.0,0,20,3780.0
7300.0,0.49999999999999994,0.0,0,20,3780.0
7301.0,0.49999999999999994,0.0,0,20,3780.0
7302.0,0.49999999999999994,0.0,0,20,3780.0
7303.0,0.49999999999999994,0.0,0,20,3780.0
7304.0,0.49999999999999994,0.0,0,20,3780.0
7305.0,0.49999999999999994,0.0,0,20,3780.0
7306.0,0.49999999999999994,0.0,0,20,3780.0
7307.0,0.49999999999999994,0.0,0,20,3780.0
7308.0,0.49999999999999994,0.0,0,20,3780.0
7309.0,0.49999999999999994,0.0,0,20,3780.0
7310.0,0.49999999999999994,0.0,0,20,3780.0
7311.0,0.49999999999999994,0.0,0,20,3780.0
7312.0,0.49999999999999994,0.0,0,20,3780.0
7313.0,0.49999999999999994,0.0,0,20,3780.0
7314.0,0.49999999999999994,0.0,0,20,3780.0
7315.0,0.49999999999999994,0.0,0,20,3780.0
7316.0,0.49999999999999994,0.0,0,20,3780.0
7317.0,0.49999999999999994,0.0,0,20,3780.0
7318.0,0.49999999999999994,0.0,0,20,3780.0
7319.0,0.49999999999999994,0.0,0,20,3780.0
7320.0,0.49999999999999994,0.0,0,20,3780.0
7321.0,0.49999999999999994,0.0,0,20,3780.0
7322.0,0.49999999999999994,0.0,0,20,3780.0
7323.0,0.49999999999999994,0.0,0,20,3780.0
7324.0,0.49999999999999994,0.0,0,20,3780.0
7325.0,0.49999999999999994,0.0,0,20,3780.0
7326.0,0.49999999999999994,0.0,0,20,3780.0
7327.0,0.49999999999999994,0.0,0,20,3780.0
7328.0,0.49999999999999994,0.0,0,20,3780.0
7329.0,0.49999999999999994,0.0,0,20,3780.0
7330.0,0.49999999999999994,0.0,0,20,3780.0
7331.0,0.49999999999999994,0.0,0,20,3780.0
7332.0,0.49999999999999994,0.0,0,20,3780.0
7333.0,0.49999999999999994,0.0,0,20,3780.0
7334.0,0.49999999999999994,0.0,0,20,3780.0
7335.0,0.49999999999999994,0.0,0,20,3780.0
7336.0,0.49999999999999994,0.0,0,20,3780.0
7337.0,0.49999999999999994,0.0,0,20,3780.0
7338.0,0.49999999999999994,0.0,0,20,3780.0
7339.0,0.49999999999999994,0.0,0,20,3780.0
7340.0,0.49999999999999994,0.0,0,20,3780.0
7341.0,0.49999999999999994,0.0,0,20,3780.0
7342.0,0.49999999999999994,0.0,0,20,3780.0
7343.0,0.49999999999999994,0.0,0,20,3780.0
7344.0,0.49999999999999994,0.0,0,20,3780.0
7345.0,0.49999999999999994,0.0,0,20,3780.0
7346.0,0.49999999999999994,0.0,0,20,3780.0
7347.0,0.49999999999999994,0.0,0,20,3780.0
7348.0,0.49999999999999994,0.0,0,20,3780.0
7349.0,0.49999999999999994,0.0,0,20,3780.0
7350.0,0.49999999999999994,0.0,0,20,3780.0
7351.0,0.49999999999999994,0.0,0,20,3780.0
7352.0,0.49999999999999994,0.0,0,20,3780.0
7353.0,0.49999999999999994,0.0,0,20,3780.0
7354.0,0.49999999999999994,0.0,0,20,3780.0
7355.0,0.49999999999999994,0.0,0,20,3780.0
7356.0,0.49999999999999994,0.0,0,20,3780.0
7357.0,0.49999999999999994,0.0,0,20,3780.0
7358.0,0.49999999999999994,0.0,0,20,3780.0
7359.0,0.49999999999999994,0.0,0,20,3780.0
7360.0,0.49999999999999994,0.0,0,20,3780.0
7361.0,0.49999999999999994,0.0,0,20,3780.0
7362.0,0.49999999999999994,0.0,0,20,3780.0
7363.0,0.49999999999999994,0.0,0,20,3780.0
7364.0,0.49999999999999994,0.0,0,20,3780.0
7365.0,0.49999999999999994,0.0,0,20,3780.0
7366.0,0.49999999999999994,0.0,0,20,3780.0
7367.0,0.49999999999999994,0.0,0,20,3780.0
7368.0,0.49999999999999994,0.0,0,20,3780.0
7369.0,0.49999999999999994,0.0,0,20,3780.0
7370.0,0.49999999999999994,0.0,0,20,3780.0
7371.0,0.49999999999999994,0.0,0,20,3780.0
7372.0,0.49999999999999994,0.0,0,20,3780.0
7373.0,0.49999999999999994,0.0,0,20,3780.0
7374.0,0.49999999999999994,0.0,0,20,3780.0
7375.0,0.49999999999999994,0.0,0,20,3780.0
7376.0,0.49999999999999994,0.0,0,20,3780.0
7377.0,0.49999999999999994,0.0,0,20,3780.0
7378.0,0.49999999999999994,0.0,0,20,3780.0
7379.0,0.49999999999999994,0.0,0,20,3780.0
7380.0,0.49999999999999994,0.0,0,20,3780.0
7381.0,0.49999999999999994,0.0,0,20,3780.0
7382.0,0.49999999999999994,0.0,0,20,3780.0
7383.0,0.49999999999999994,0.0,0,20,3780.0
7384.0,0.49999999999999994,0.0,0,20,3780.0
7385.0,0.49999999999999994,0.0,0,20,3780.0
7386.0,0.49999999999999994,0.0,0,20,3780.0
7387.0,0.49999999999999994,0.0,0,20,3780.0
7388.0,0.49999999999999994,0.0,0,20,3780.0
7389.0,0.49999999999999994,0.0,0,20,3780.0
7390.0,0.49999999999999994,0.0,0,20,3780.0
7391.0,0.49999999999999994,0.0,0,20,3780.0
7392.0,0.49999999999999994,0.0,0,20,3780.0
7393.0,0.49999999999999994,0.0,0,20,3780.0
7394.0,0.49999999999999994,0.0,0,20,3780.0
7395.0,0.49999999999999994,0.0,0,20,3780.0
7396.0,0.49999999999999994,0.0,0,20,3780.0
7397.0,0.49999999999999994,0.0,0,20,3780.0
7398.0,0.49999999999999994,0.0,0,20,3780.0
7399.0,0.49999999999999994,0.0,0,20,3780.0
7400.0,0.49999999999999994,0.0,0,20,3780.0
7401.0,0.49999999999999994,0.0,0,20,3780.0
7402.0,0.49999999999999994,0.0,0,20,3780.0
7403.0,0.49999999999999994,0.0,0,20,3780.0
7404.0,0.49999999999999994,0.0,0,20,3780.0
7405.0,0.49999999999999994,0.0,0,20,3780.0
7406.0,0.49999999999999994,0.0,0,20,3780.0
7407.0,0.49999999999999994,0.0,0,20,3780.0
7408.0,0.49999999999999994,0.0,0,20,3780.0
7409.0,0.49999999999999994,0.0,0,20,3780.0
7410.0,0.49999999999999994,0.0,0,20,3780.0
7411.0,0.49999999999999994,0.0,0,20,3780.0
7412.0,0.49999999999999994,0.0,0,20,3780.0
7413.0,0.49999999999999994,0.0,0,20,3780.0
7414.0,0.49999999999999994,0.0,0,20,3780.0
7415.0,0.49999999999999994,0.0,0,20,3780.0
7416.0,0.49999999999999994,0.0,0,20,3780.0
7417.0,0.49999999999999994,0.0,0,20,3780.0
7418.0,0.49999999999999994,0.0,0,20,3780.0
7419.0,0.49999999999999994,0.0,0,20,3780.0
7420.0,0.49999999999999994,0.0,0,20,3780.0
7421.0,0.49999999999999994,0.0,0,20,3780.0
7422.0,0.49999999999999994,0.0,0,20,3780.0
7423.0,0.49999999999999994,0.0,0,20,3780.0
7424.0,0.49999999999999994,0.0,0,20,3780.0
7425.0,0.49999999999999994,0.0,0,20,3780.0
7426.0,0.49999999999999994,0.0,0,20,3780.0
7427.0,0.49999999999999994,0.0,0,20,3780.0
7428.0,0.49999999999999994,0.0,0,20,3780.0
7429.0,0.49999999999999994,0.0,0,20,3780.0
7430.0,0.49999999999999994,0.0,0,20,3780.0
7431.0,0.49999999999999994,0.0,0,20,3780.0
7432.0,0.49999999999999994,0.0,0,20,3780.0
7433.0,0.49999999999999994,0.0,0,20,3780.0
7434.0,0.49999999999999994,0.0,0,20,3780.0
7435.0,0.49999999999999994,0.0,0,20,3780.0
7436.0,0.49999999999999994,0.0,0,20,3780.0
7437.0,0.49999999999999994,0.0,0,20,3780.0
7438.0,0.49999999999999994,0.0,0,20,3780.0
7439.0,0.49999999999999994,0.0,0,20,3780.0
7440.0,0.49999999999999994,0.0,0,20,3780.0
7441.0,0.49999999999999994,0.0,0,20,3780.0
7442.0,0.49999999999999994,0.0,0,20,3780.0
7443.0,0.49999999999999994,0.0,0,20,3780.0
7444.0,0.49999999999999994,0.0,0,20,3780.0
7445.0,0.49999999999999994,0.0,0,20,3780.0
7446.0,0.49999999999999994,0.0,0,20,3780.0
7447.0,0.49999999999999994,0.0,0,20,3780.0
7448.0,0.49999999999999994,0.0,0,20,3780.0
7449.0,0.49999999999999994,0.0,0,20,3780.0
7450.0,0.49999999999999994,0.0,0,20,3780.0
7451.0,0.49999999999999994,0.0,0,20,3780.0
7452.0,0.49999999999999994,0.0,0,20,3780.0
7453.0,0.49999999999999994,0.0,0,20,3780.0
7454.0,0.49999999999999994,0.0,0,20,3780.0
7455.0,0.49999999999999994,0.0,0,20,3780.0
7456.0,0.49999999999999994,0.0,0,20,3780.0
7457.0,0.49999999999999994,0.0,0,20,3780.0
7458.0,0.49999999999999994,0.0,0,20,3780.0
7459.0,0.49999999999999994,0.0,0,20,3780.0
7460.0,0.49999999999999994,0.0,0,20,3780.0
7461.0,0.49999999999999994,0.0,0,20,3780.0
7462.0,0.49999999999999994,0.0,0,20,3780.0
7463.0,0.49999999999999994,0.0,0,20,3780.0
7464.0,0.49999999999999994,0.0,0,20,3780.0
7465.0,0.49999999999999994,0.0,0,20,3780.0
7466.0,0.49999999999999994,0.0,0,20,3780.0
7467.0,0.49999999999999994,0.0,0,20,3780.0
7468.0,0.49999999999999994,0.0,0,20,3780.0
7469.0,0.49999999999999994,0.0,0,20,3780.0
7470.0,0.49999999999999994,0.0,0,20,3780.0
7471.0,0.49999999999999994,0.0,0,20,3780.0
7472.0,0.49999999999999994,0.0,0,20,3780.0
7473.0,0.49999999999999994,0.0,0,20,3780.0
7474.0,0.49999999999999994,0.0,0,20,3780.0
7475.0,0.49999999999999994,0.0,0,20,3780.0
7476.0,0.49999999999999994,0.0,0,20,3780.0
7477.0,0.49999999999999994,0.0,0,20,3780.0
7478.0,0.49999999999999994,0.0,0,20,3780.0
7479.0,0.49999999999999994,0.0,0,20,3780.0
7480.0,0.49999999999999994,0.0,0,20,3780.0
7481.0,0.49999999999999994,0.0,0,20,3780.0
7482.0,0.49999999999999994,0.0,0,20,3780.0
7483.0,0.49999999999999994,0.0,0,20,3780.0
7484.0,0.49999999999999994,0.0,0,20,3780.0
7485.0,0.49999999999999994,0.0,0,20,3780.0
7486.0,0.49999999999999994,0.0,0,20,3780.0
7487.0,0.49999999999999994,0.0,0,20,3780.0
7488.0,0.49999999999999994,0.0,0,20,3780.0
7489.0,0.49999999999999994,0.0,0,20,3780.0
7490.0,0.49999999999999994,0.0,0,20,3780.0
7491.0,0.49999999999999994,0.0,0,20,3780.0
7492.0,0.49999999999999994,0.0,0,20,3780.0
7493.0,0.49999999999999994,0.0,0,20,3780.0
7494.0,0.49999999999999994,0.0,0,20,3780.0
7495.0,0.49999999999999994,0.0,0,20,3780.0
7496.0,0.49999999999999994,0.0,0,20,3780.0
7497.0,0.49999999999999994,0.0,0,20,3780.0
7498.0,0.49999999999999994,0.0,0,20,3780.0
7499.0,0.49999999999999994,0.0,0,20,3780.0
7500.0,0.49999999999999994,0.0,0,20,3780.0
7501.0,0.49999999999999994,0.0,0,20,3780.0
7502.0,0.49999999999999994,0.0,0,20,3780.0
7503.0,0.49999999999999994,0.0,0,20,3780.0
7504.0,0.49999999999999994,0.0,0,20,3780.0
7505.0,0.49999999999999994,0.0,0,20,3780.0
7506.0,0.49999999999999994,0.0,0,20,3780.0
7507.0,0.49999999999999994,0.0,0,20,3780.0
7508.0,0.49999999999999994,0.0,0,20,3780.0
7509.0,0.49999999999999994,0.0,0,20,3780.0
7510.0,0.49999999999999994,0.0,0,20,3780.0
7511.0,0.49999999999999994,0.0,0,20,3780.0
7512.0,0.49999999999999994,0.0,0,20,3780.0
7513.0,0.49999999999999994,0.0,0,20,3780.0
7514.0,0.49999999999999994,0.0,0,20,3780.0
7515.0,0.49999999999999994,0.0,0,20,3780.0
7516.0,0.49999999999999994,0.0,0,20,3780.0
7517.0,0.49999999999999994,0.0,0,20,3780.0
7518.0,0.49999999999999994,0.0,0,20,3780.0
7519.0,0.49999999999999994,0.0,0,20,3780.0
7520.0,0.49999999999999994,0.0,0,20,3780.0
7521.0,0.49999999999999994,0.0,0,20,3780.0
7522.0,0.49999999999999994,0.0,0,20,3780.0
7523.0,0.49999999999999994,0.0,0,20,3780.0
7524.0,0.49999999999999994,0.0,0,20,3780.0
7525.0,0.49999999999999994,0.0,0,20,3780.0
7526.0,0.49999999999999994,0.0,0,20,3780.0
7527.0,0.49999999999999994,0.0,0,20,3780.0
7528.0,0.49999999999999994,0.0,0,20,3780.0
7529.0,0.49999999999999994,0.0,0,20,3780.0
7530.0,0.49999999999999994,0.0,0,20,3780.0
7531.0,0.49999999999999994,0.0,0,20,3780.0
7532.0,0.49999999999999994,0.0,0,20,3780.0
7533.0,0.49999999999999994,0.0,0,20,3780.0
7534.0,0.49999999999999994,0.0,0,20,3780.0
7535.0,0.49999999999999994,0.0,0,20,3780.0
7536.0,0.49999999999999994,0.0,0,20,3780.0
7537.0,0.49999999999999994,0.0,0,20,3780.0
7538.0,0.49999999999999994,0.0,0,20,3780.0
7539.0,0.49999999999999994,0.0,0,20,3780.0
7540.0,0.49999999999999994,0.0,0,20,3780.0
7541.0,0.49999999999999994,0.0,0,20,3780.0
7542.0,0.49999999999999994,0.0,0,20,3780.0
7543.0,0.49999999999999994,0.0,0,20,3780.0
7544.0,0.49999999999999994,0.0,0,20,3780.0
7545.0,0.49999999999999994,0.0,0,20,3780.0
7546.0,0.49999999999999994,0.0,0,20,3780.0
7547.0,0.49999999999999994,0.0,0,20,3780.0
7548.0,0.49999999999999994,0.0,0,20,3780.0
7549.0,0.49999999999999994,0.0,0,20,3780.0
7550.0,0.49999999999999994,0.0,0,20,3780.0
7551.0,0.49999999999999994,0.0,0,20,3780.0
7552.0,0.49999999999999994,0.0,0,20,3780.0
7553.0,0.49999999999999994,0.0,0,20,3780.0
7554.0,0.49999999999999994,0.0,0,20,3780.0
7555.0,0.49999999999999994,0.0,0,20,3780.0
7556.0,0.49999999999999994,0.0,0,20,3780.0
7557.0,0.49999999999999994,0.0,0,20,3780.0
7558.0,0.49999999999999994,0.0,0,20,3780.0
7559.0,0.49999999999999994,0.0,0,20,3780.0
7560.0,0.49999999999999994,0.0,0,20,3780.0
7561.0,0.49999999999999994,0.0,0,20,3780.0
7562.0,0.49999999999999994,0.0,0,20,3780.0
7563.0,0.49999999999999994,0.0,0,20,3780.0
7564.0,0.49999999999999994,0.0,0,20,3780.0
7565.0,0.49999999999999994,0.0,0,20,3780.0
7566.0,0.49999999999999994,0.0,0,20,3780.0
7567.0,0.49999999999999994,0.0,0,20,3780.0
7568.0,0.49999999999999994,0.0,0,20,3780.0
7569.0,0.49999999999999994,0.0,0,20,3780.0
7570.0,0.49999999999999994,0.0,0,20,3780.0
7571.0,0.49999999999999994,0.0,0,20,3780.0
7572.0,0.49999999999999994,0.0,0,20,3780.0
7573.0,0.49999999999999994,0.0,0,20,3780.0
7574.0,0.49999999999999994,0.0,0,20,3780.0
7575.0,0.49999999999999994,0.0,0,20,3780.0
7576.0,0.49999999999999994,0.0,0,20,3780.0
7577.0,0.49999999999999994,0.0,0,20,3780.0
7578.0,0.49999999999999994,0.0,0,20,3780.0
7579.0,0.49999999999999994,0.0,0,20,3780.0
7580.0,0.49999999999999994,0.0,0,20,3780.0
7581.0,0.49999999999999994,0.0,0,20,3780.0
7582.0,0.49999999999999994,0.0,0,20,3780.0
7583.0,0.49999999999999994,0.0,0,20,3780.0
7584.0,0.49999999999999994,0.0,0,20,3780.0
7585.0,0.49999999999999994,0.0,0,20,3780.0
7586.0,0.49999999999999994,0.0,0,20,3780.0
7587.0,0.49999999999999994,0.0,0,20,3780.0
7588.0,0.49999999999999994,0.0,0,20,3780.0
7589.0,0.49999999999999994,0.0,0,20,3780.0
7590.0,0.49999999999999994,0.0,0,20,3780.0
7591.0,0.49999999999999994,0.0,0,20,3780.0
7592.0,0.49999999999999994,0.0,0,20,3780.0
7593.0,0.49999999999999994,0.0,0,20,3780.0
7594.0,0.49999999999999994,0.0,0,20,3780.0
7595.0,0.49999999999999994,0.0,0,20,3780.0
7596.0,0.49999999999999994,0.0,0,20,3780.0
7597.0,0.49999999999999994,0.0,0,20,3780.0
7598.0,0.49999999999999994,0.0,0,20,3780.0
7599.0,0.49999999999999994,0.0,0,20,3780.0
7600.0,0.49999999999999994,0.0,0,20,3780.0
7601.0,0.49999999999999994,0.0,0,20,3780.0
7602.0,0.49999999999999994,0.0,0,20,3780.0
7603.0,0.49999999999999994,0.0,0,20,3780.0
7604.0,0.49999999999999994,0.0,0,20,3780.0
7605.0,0.49999999999999994,0.0,0,20,3780.0
7606.0,0.49999999999999994,0.0,0,20,3780.0
7607.0,0.49999999999999994,0.0,0,20,3780.0
7608.0,0.49999999999999994,0.0,0,20,3780.0
7609.0,0.49999999999999994,0.0,0,20,3780.0
7610.0,0.49999999999999994,0.0,0,20,3780.0
7611.0,0.49999999999999994,0.0,0,20,3780.0
7612.0,0.49999999999999994,0.0,0,20,3780.0
7613.0,0.49999999999999994,0.0,0,20,3780.0
7614.0,0.49999999999999994,0.0,0,20,3780.0
7615.0,0.49999999999999994,0.0,0,20,3780.0
7616.0,0.49999999999999994,0.0,0,20,3780.0
7617.0,0.49999999999999994,0.0,0,20,3780.0
7618.0,0.49999999999999994,0.0,0,20,3780.0
7619.0,0.49999999999999994,0.0,0,20,3780.0
7620.0,0.49999999999999994,0.0,0,20,3780.0
7621.0,0.49999999999999994,0.0,0,20,3780.0
7622.0,0.49999999999999994,0.0,0,20,3780.0
7623.0,0.49999999999999994,0.0,0,20,3780.0
7624.0,0.49999999999999994,0.0,0,20,3780.0
7625.0,0.49999999999999994,0.0,0,20,3780.0
7626.0,0.49999999999999994,0.0,0,20,3780.0
7627.0,0.49999999999999994,0.0,0,20,3780.0
7628.0,0.49999999999999994,0.0,0,20,3780.0
7629.0,0.49999999999999994,0.0,0,20,3780.0
7630.0,0.49999999999999994,0.0,0,20,3780.0
7631.0,0.49999999999999994,0.0,0,20,3780.0
7632.0,0.49999999999999994,0.0,0,20,3780.0
7633.0,0.49999999999999994,0.0,0,20,3780.0
7634.0,0.49999999999999994,0.0,0,20,3780.0
7635.0,0.49999999999999994,0.0,0,20,3780.0
7636.0,0.49999999999999994,0.0,0,20,3780.0
7637.0,0.49999999999999994,0.0,0,20,3780.0
7638.0,0.49999999999999994,0.0,0,20,3780.0
7639.0,0.49999999999999994,0.0,0,20,3780.0
7640.0,0.49999999999999994,0.0,0,20,3780.0
7641.0,0.49999999999999994,0.0,0,20,3780.0
7642.0,0.49999999999999994,0.0,0,20,3780.0
7643.0,0.49999999999999994,0.0,0,20,3780.0
7644.0,0.49999999999999994,0.0,0,20,3780.0
7645.0,0.49999999999999994,0.0,0,20,3780.0
7646.0,0.49999999999999994,0.0,0,20,3780.0
7647.0,0.49999999999999994,0.0,0,20,3780.0
7648.0,0.49999999999999994,0.0,0,20,3780.0
7649.0,0.49999999999999994,0.0,0,20,3780.0
7650.0,0.49999999999999994,0.0,0,20,3780.0
7651.0,0.49999999999999994,0.0,0,20,3780.0
7652.0,0.49999999999999994,0.0,0,20,3780.0
7653.0,0.49999999999999994,0.0,0,20,3780.0
7654.0,0.49999999999999994,0.0,0,20,3780.0
7655.0,0.49999999999999994,0.0,0,20,3780.0
7656.0,0.49999999999999994,0.0,0,20,3780.0
7657.0,0.49999999999999994,0.0,0,20,3780.0
7658.0,0.49999999999999994,0.0,0,20,3780.0
7659.0,0.49999999999999994,0.0,0,20,3780.0
7660.0,0.49999999999999994,0.0,0,20,3780.0
7661.0,0.49999999999999994,0.0,0,20,3780.0
7662.0,0.49999999999999994,0.0,0,20,3780.0
7663.0,0.49999999999999994,0.0,0,20,3780.0
7664.0,0.49999999999999994,0.0,0,20,3780.0
7665.0,0.49999999999999994,0.0,0,20,3780.0
7666.0,0.49999999999999994,0.0,0,20,3780.0
7667.0,0.49999999999999994,0.0,0,20,3780.0
7668.0,0.49999999999999994,0.0,0,20,3780.0
7669.0,0.49999999999999994,0.0,0,20,3780.0
7670.0,0.49999999999999994,0.0,0,20,3780.0
7671.0,0.49999999999999994,0.0,0,20,3780.0
7672.0,0.49999999999999994,0.0,0,20,3780.0
7673.0,0.49999999999999994,0.0,0,20,3780.0
7674.0,0.49999999999999994,0.0,0,20,3780.0
7675.0,0.49999999999999994,0.0,0,20,3780.0
7676.0,0.49999999999999994,0.0,0,20,3780.0
7677.0,0.49999999999999994,0.0,0,20,3780.0
7678.0,0.49999999999999994,0.0,0,20,3780.0
7679.0,0.49999999999999994,0.0,0,20,3780.0
7680.0,0.49999999999999994,0.0,0,20,3780.0
7681.0,0.49999999999999994,0.0,0,20,3780.0
7682.0,0.49999999999999994,0.0,0,20,3780.0
7683.0,0.49999999999999994,0.0,0,20,3780.0
7684.0,0.49999999999999994,0.0,0,20,3780.0
7685.0,0.49999999999999994,0.0,0,20,3780.0
7686.0,0.49999999999999994,0.0,0,20,3780.0
7687.0,0.49999999999999994,0.0,0,20,3780.0
7688.0,0.49999999999999994,0.0,0,20,3780.0
7689.0,0.49999999999999994,0.0,0,20,3780.0
7690.0,0.49999999999999994,0.0,0,20,3780.0
7691.0,0.49999999999999994,0.0,0,20,3780.0
7692.0,0.49999999999999994,0.0,0,20,3780.0
7693.0,0.49999999999999994,0.0,0,20,3780.0
7694.0,0.49999999999999994,0.0,0,20,3780.0
7695.0,0.49999999999999994,0.0,0,20,3780.0
7696.0,0.49999999999999994,0.0,0,20,3780.0
7697.0,0.49999999999999994,0.0,0,20,3780.0
7698.0,0.49999999999999994,0.0,0,20,3780.0
7699.0,0.49999999999999994,0.0,0,20,3780.0
7700.0,0.49999999999999994,0.0,0,20,3780.0
7701.0,0.49999999999999994,0.0,0,20,3780.0
7702.0,0.49999999999999994,0.0,0,20,3780.0
7703.0,0.49999999999999994,0.0,0,20,3780.0
7704.0,0.49999999999999994,0.0,0,20,3780.0
7705.0,0.49999999999999994,0.0,0,20,3780.0
7706.0,0.49999999999999994,0.0,0,20,3780.0
7707.0,0.49999999999999994,0.0,0,20,3780.0
7708.0,0.49999999999999994,0.0,0,20,3780.0
7709.0,0.49999999999999994,0.0,0,20,3780.0
7710.0,0.49999999999999994,0.0,0,20,3780.0
7711.0,0.49999999999999994,0.0,0,20,3780.0
7712.0,0.49999999999999994,0.0,0,20,3780.0
7713.0,0.49999999999999994,0.0,0,20,3780.0
7714.0,0.49999999999999994,0.0,0,20,3780.0
7715.0,0.49999999999999994,0.0,0,20,3780.0
7716.0,0.49999999999999994,0.0,0,20,3780.0
7717.0,0.49999999999999994,0.0,0,20,3780.0
7718.0,0.49999999999999994,0.0,0,20,3780.0
7719.0,0.49999999999999994,0.0,0,20,3780.0
7720.0,0.49999999999999994,0.0,0,20,3780.0
7721.0,0.49999999999999994,0.0,0,20,3780.0
7722.0,0.49999999999999994,0.0,0,20,3780.0
7723.0,0.49999999999999994,0.0,0,20,3780.0
7724.0,0.49999999999999994,0.0,0,20,3780.0
7725.0,0.49999999999999994,0.0,0,20,3780.0
7726.0,0.49999999999999994,0.0,0,20,3780.0
7727.0,0.49999999999999994,0.0,0,20,3780.0
7728.0,0.49999999999999994,0.0,0,20,3780.0
7729.0,0.49999999999999994,0.0,0,20,3780.0
7730.0,0.49999999999999994,0.0,0,20,3780.0
7731.0,0.49999999999999994,0.0,0,20,3780.0
7732.0,0.49999999999999994,0.0,0,20,3780.0
7733.0,0.49999999999999994,0.0,0,20,3780.0
7734.0,0.49999999999999994,0.0,0,20,3780.0
7735.0,0.49999999999999994,0.0,0,20,3780.0
7736.0,0.49999999999999994,0.0,0,20,3780.0
7737.0,0.49999999999999994,0.0,0,20,3780.0
7738.0,0.49999999999999994,0.0,0,20,3780.0
7739.0,0.49999999999999994,0.0,0,20,3780.0
7740.0,0.49999999999999994,0.0,0,20,3780.0
7741.0,0.49999999999999994,0.0,0,20,3780.0
7742.0,0.49999999999999994,0.0,0,20,3780.0
7743.0,0.49999999999999994,0.0,0,20,3780.0
7744.0,0.49999999999999994,0.0,0,20,3780.0
7745.0,0.49999999999999994,0.0,0,20,3780.0
7746.0,0.49999999999999994,0.0,0,20,3780.0
7747.0,0.49999999999999994,0.0,0,20,3780.0
7748.0,0.49999999999999994,0.0,0,20,3780.0
7749.0,0.49999999999999994,0.0,0,20,3780.0
7750.0,0.49999999999999994,0.0,0,20,3780.0
7751.0,0.49999999999999994,0.0,0,20,3780.0
7752.0,0.49999999999999994,0.0,0,20,3780.0
7753.0,0.49999999999999994,0.0,0,20,3780.0
7754.0,0.49999999999999994,0.0,0,20,3780.0
7755.0,0.49999999999999994,0.0,0,20,3780.0
7756.0,0.49999999999999994,0.0,0,20,3780.0
7757.0,0.49999999999999994,0.0,0,20,3780.0
7758.0,0.49999999999999994,0.0,0,20,3780.0
7759.0,0.49999999999999994,0.0,0,20,3780.0
7760.0,0.49999999999999994,0.0,0,20,3780.0
7761.0,0.49999999999999994,0.0,0,20,3780.0
7762.0,0.49999999999999994,0.0,0,20,3780.0
7763.0,0.49999999999999994,0.0,0,20,3780.0
7764.0,0.49999999999999994,0.0,0,20,3780.0
7765.0,0.49999999999999994,0.0,0,20,3780.0
7766.0,0.49999999999999994,0.0,0,20,3780.0
7767.0,0.49999999999999994,0.0,0,20,3780.0
7768.0,0.49999999999999994,0.0,0,20,3780.0
7769.0,0.49999999999999994,0.0,0,20,3780.0
7770.0,0.49999999999999994,0.0,0,20,3780.0
7771.0,0.49999999999999994,0.0,0,20,3780.0
7772.0,0.49999999999999994,0.0,0,20,3780.0
7773.0,0.49999999999999994,0.0,0,20,3780.0
7774.0,0.49999999999999994,0.0,0,20,3780.0
7775.0,0.49999999999999994,0.0,0,20,3780.0
7776.0,0.49999999999999994,0.0,0,20,3780.0
7777.0,0.49999999999999994,0.0,0,20,3780.0
7778.0,0.49999999999999994,0.0,0,20,3780.0
7779.0,0.49999999999999994,0.0,0,20,3780.0
7780.0,0.49999999999999994,0.0,0,20,3780.0
7781.0,0.49999999999999994,0.0,0,20,3780.0
7782.0,0.49999999999999994,0.0,0,20,3780.0
7783.0,0.49999999999999994,0.0,0,20,3780.0
7784.0,0.49999999999999994,0.0,0,20,3780.0
7785.0,0.49999999999999994,0.0,0,20,3780.0
7786.0,0.49999999999999994,0.0,0,20,3780.0
7787.0,0.49999999999999994,0.0,0,20,3780.0
7788.0,0.49999999999999994,0.0,0,20,3780.0
7789.0,0.49999999999999994,0.0,0,20,3780.0
7790.0,0.49999999999999994,0.0,0,20,3780.0
7791.0,0.49999999999999994,0.0,0,20,3780.0
7792.0,0.49999999999999994,0.0,0,20,3780.0
7793.0,0.49999999999999994,0.0,0,20,3780.0
7794.0,0.49999999999999994,0.0,0,20,3780.0
7795.0,0.49999999999999994,0.0,0,20,3780.0
7796.0,0.49999999999999994,0.0,0,20,3780.0
7797.0,0.49999999999999994,0.0,0,20,3780.0
7798.0,0.49999999999999994,0.0,0,20,3780.0
7799.0,0.49999999999999994,0.0,0,20,3780.0
7800.0,0.49999999999999994,0.0,0,20,3780.0
7801.0,0.49999999999999994,0.0,0,20,3780.0
7802.0,0.49999999999999994,0.0,0,20,3780.0
7803.0,0.49999999999999994,0.0,0,20,3780.0
7804.0,0.49999999999999994,0.0,0,20,3780.0
7805.0,0.49999999999999994,0.0,0,20,3780.0
7806.0,0.49999999999999994,0.0,0,20,3780.0
7807.0,0.49999999999999994,0.0,0,20,3780.0
7808.0,0.49999999999999994,0.0,0,20,3780.0
7809.0,0.49999999999999994,0.0,0,20,3780.0
7810.0,0.49999999999999994,0.0,0,20,3780.0
7811.0,0.49999999999999994,0.0,0,20,3780.0
7812.0,0.49999999999999994,0.0,0,20,3780.0
7813.0,0.49999999999999994,0.0,0,20,3780.0
7814.0,0.49999999999999994,0.0,0,20,3780.0
7815.0,0.49999999999999994,0.0,0,20,3780.0
7816.0,0.49999999999999994,0.0,0,20,3780.0
7817.0,0.49999999999999994,0.0,0,20,3780.0
7818.0,0.49999999999999994,0.0,0,20,3780.0
7819.0,0.49999999999999994,0.0,0,20,3780.0
7820.0,0.49999999999999994,0.0,0,20,3780.0
7821.0,0.49999999999999994,0.0,0,20,3780.0
7822.0,0.49999999999999994,0.0,0,20,3780.0
7823.0,0.49999999999999994,0.0,0,20,3780.0
7824.0,0.49999999999999994,0.0,0,20,3780.0
7825.0,0.49999999999999994,0.0,0,20,3780.0
7826.0,0.49999999999999994,0.0,0,20,3780.0
7827.0,0.49999999999999994,0.0,0,20,3780.0
7828.0,0.49999999999999994,0.0,0,20,3780.0
7829.0,0.49999999999999994,0.0,0,20,3780.0
7830.0,0.49999999999999994,0.0,0,20,3780.0
7831.0,0.49999999999999994,0.0,0,20,3780.0
7832.0,0.49999999999999994,0.0,0,20,3780.0
7833.0,0.49999999999999994,0.0,0,20,3780.0
7834.0,0.49999999999999994,0.0,0,20,3780.0
7835.0,0.49999999999999994,0.0,0,20,3780.0
7836.0,0.49999999999999994,0.0,0,20,3780.0
7837.0,0.49999999999999994,0.0,0,20,3780.0
7838.0,0.49999999999999994,0.0,0,20,3780.0
7839.0,0.49999999999999994,0.0,0,20,3780.0
7840.0,0.49999999999999994,0.0,0,20,3780.0
7841.0,0.49999999999999994,0.0,0,20,3780.0
7842.0,0.49999999999999994,0.0,0,20,3780.0
7843.0,0.49999999999999994,0.0,0,20,3780.0
7844.0,0.49999999999999994,0.0,0,20,3780.0
7845.0,0.49999999999999994,0.0,0,20,3780.0
7846.0,0.49999999999999994,0.0,0,20,3780.0
7847.0,0.49999999999999994,0.0,0,20,3780.0
7848.0,0.49999999999999994,0.0,0,20,3780.0
7849.0,0.49999999999999994,0.0,0,20,3780.0
7850.0,0.49999999999999994,0.0,0,20,3780.0
7851.0,0.49999999999999994,0.0,0,20,3780.0
7852.0,0.49999999999999994,0.0,0,20,3780.0
7853.0,0.49999999999999994,0.0,0,20,3780.0
7854.0,0.49999999999999994,0.0,0,20,3780.0
7855.0,0.49999999999999994,0.0,0,20,3780.0
7856.0,0.49999999999999994,0.0,0,20,3780.0
7857.0,0.49999999999999994,0.0,0,20,3780.0
7858.0,0.49999999999999994,0.0,0,20,3780.0
7859.0,0.49999999999999994,0.0,0,20,3780.0
7860.0,0.49999999999999994,0.0,0,20,3780.0
7861.0,0.49999999999999994,0.0,0,20,3780.0
7862.0,0.49999999999999994,0.0,0,20,3780.0
7863.0,0.49999999999999994,0.0,0,20,3780.0
7864.0,0.49999999999999994,0.0,0,20,3780.0
7865.0,0.49999999999999994,0.0,0,20,3780.0
7866.0,0.49999999999999994,0.0,0,20,3780.0
7867.0,0.49999999999999994,0.0,0,20,3780.0
7868.0,0.49999999999999994,0.0,0,20,3780.0
7869.0,0.49999999999999994,0.0,0,20,3780.0
7870.0,0.49999999999999994,0.0,0,20,3780.0
7871.0,0.49999999999999994,0.0,0,20,3780.0
7872.0,0.49999999999999994,0.0,0,20,3780.0
7873.0,0.49999999999999994,0.0,0,20,3780.0
7874.0,0.49999999999999994,0.0,0,20,3780.0
7875.0,0.49999999999999994,0.0,0,20,3780.0
7876.0,0.49999999999999994,0.0,0,20,3780.0
7877.0,0.49999999999999994,0.0,0,20,3780.0
7878.0,0.49999999999999994,0.0,0,20,3780.0
7879.0,0.49999999999999994,0.0,0,20,3780.0
7880.0,0.49999999999999994,0.0,0,20,3780.0
7881.0,0.49999999999999994,0.0,0,20,3780.0
7882.0,0.49999999999999994,0.0,0,20,3780.0
7883.0,0.49999999999999994,0.0,0,20,3780.0
7884.0,0.49999999999999994,0.0,0,20,3780.0
7885.0,0.49999999999999994,0.0,0,20,3780.0
7886.0,0.49999999999999994,0.0,0,20,3780.0
7887.0,0.49999999999999994,0.0,0,20,3780.0
7888.0,0.49999999999999994,0.0,0,20,3780.0
7889.0,0.49999999999999994,0.0,0,20,3780.0
7890.0,0.49999999999999994,0.0,0,20,3780.0
7891.0,0.49999999999999994,0.0,0,20,3780.0
7892.0,0.49999999999999994,0.0,0,20,3780.0
7893.0,0.49999999999999994,0.0,0,20,3780.0
7894.0,0.49999999999999994,0.0,0,20,3780.0
7895.0,0.49999999999999994,0.0,0,20,3780.0
7896.0,0.49999999999999994,0.0,0,20,3780.0
7897.0,0.49999999999999994,0.0,0,20,3780.0
7898.0,0.49999999999999994,0.0,0,20,3780.0
7899.0,0.49999999999999994,0.0,0,20,3780.0
7900.0,0.49999999999999994,0.0,0,20,3780.0
7901.0,0.49999999999999994,0.0,0,20,3780.0
7902.0,0.49999999999999994,0.0,0,20,3780.0
7903.0,0.49999999999999994,0.0,0,20,3780.0
7904.0,0.49999999999999994,0.0,0,20,3780.0
7905.0,0.49999999999999994,0.0,0,20,3780.0
7906.0,0.49999999999999994,0.0,0,20,3780.0
7907.0,0.49999999999999994,0.0,0,20,3780.0
7908.0,0.49999999999999994,0.0,0,20,3780.0
7909.0,0.49999999999999994,0.0,0,20,3780.0
7910.0,0.49999999999999994,0.0,0,20,3780.0
7911.0,0.49999999999999994,0.0,0,20,3780.0
7912.0,0.49999999999999994,0.0,0,20,3780.0
7913.0,0.49999999999999994,0.0,0,20,3780.0
7914.0,0.49999999999999994,0.0,0,20,3780.0
7915.0,0.49999999999999994,0.0,0,20,3780.0
7916.0,0.49999999999999994,0.0,0,20,3780.0
7917.0,0.49999999999999994,0.0,0,20,3780.0
7918.0,0.49999999999999994,0.0,0,20,3780.0
7919.0,0.49999999999999994,0.0,0,20,3780.0
7920.0,0.49999999999999994,0.0,0,20,3780.0
7921.0,0.49999999999999994,0.0,0,20,3780.0
7922.0,0.49999999999999994,0.0,0,20,3780.0
7923.0,0.49999999999999994,0.0,0,20,3780.0
7924.0,0.49999999999999994,0.0,0,20,3780.0
7925.0,0.49999999999999994,0.0,0,20,3780.0
7926.0,0.49999999999999994,0.0,0,20,3780.0
7927.0,0.49999999999999994,0.0,0,20,3780.0
7928.0,0.49999999999999994,0.0,0,20,3780.0
7929.0,0.49999999999999994,0.0,0,20,3780.0
7930.0,0.49999999999999994,0.0,0,20,3780.0
7931.0,0.49999999999999994,0.0,0,20,3780.0
7932.0,0.49999999999999994,0.0,0,20,3780.0
7933.0,0.49999999999999994,0.0,0,20,3780.0
7934.0,0.49999999999999994,0.0,0,20,3780.0
7935.0,0.49999999999999994,0.0,0,20,3780.0
7936.0,0.49999999999999994,0.0,0,20,3780.0
7937.0,0.49999999999999994,0.0,0,20,3780.0
7938.0,0.49999999999999994,0.0,0,20,3780.0
7939.0,0.49999999999999994,0.0,0,20,3780.0
7940.0,0.49999999999999994,0.0,0,20,3780.0
7941.0,0.49999999999999994,0.0,0,20,3780.0
7942.0,0.49999999999999994,0.0,0,20,3780.0
7943.0,0.49999999999999994,0.0,0,20,3780.0
7944.0,0.49999999999999994,0.0,0,20,3780.0
7945.0,0.49999999999999994,0.0,0,20,3780.0
7946.0,0.49999999999999994,0.0,0,20,3780.0
7947.0,0.49999999999999994,0.0,0,20,3780.0
7948.0,0.49999999999999994,0.0,0,20,3780.0
7949.0,0.49999999999999994,0.0,0,20,3780.0
7950.0,0.49999999999999994,0.0,0,20,3780.0
7951.0,0.49999999999999994,0.0,0,20,3780.0
7952.0,0.49999999999999994,0.0,0,20,3780.0
7953.0,0.49999999999999994,0.0,0,20,3780.0
7954.0,0.49999999999999994,0.0,0,20,3780.0
7955.0,0.49999999999999994,0.0,0,20,3780.0
7956.0,0.49999999999999994,0.0,0,20,3780.0
7957.0,0.49999999999999994,0.0,0,20,3780.0
7958.0,0.49999999999999994,0.0,0,20,3780.0
7959.0,0.49999999999999994,0.0,0,20,3780.0
7960.0,0.49999999999999994,0.0,0,20,3780.0
7961.0,0.49999999999999994,0.0,0,20,3780.0
7962.0,0.49999999999999994,0.0,0,20,3780.0
7963.0,0.49999999999999994,0.0,0,20,3780.0
7964.0,0.49999999999999994,0.0,0,20,3780.0
7965.0,0.49999999999999994,0.0,0,20,3780.0
7966.0,0.49999999999999994,0.0,0,20,3780.0
7967.0,0.49999999999999994,0.0,0,20,3780.0
7968.0,0.49999999999999994,0.0,0,20,3780.0
7969.0,0.49999999999999994,0.0,0,20,3780.0
7970.0,0.49999999999999994,0.0,0,20,3780.0
7971.0,0.49999999999999994,0.0,0,20,3780.0
7972.0,0.49999999999999994,0.0,0,20,3780.0
7973.0,0.49999999999999994,0.0,0,20,3780.0
7974.0,0.49999999999999994,0.0,0,20,3780.0
7975.0,0.49999999999999994,0.0,0,20,3780.0
7976.0,0.49999999999999994,0.0,0,20,3780.0
7977.0,0.49999999999999994,0.0,0,20,3780.0
7978.0,0.49999999999999994,0.0,0,20,3780.0
7979.0,0.49999999999999994,0.0,0,20,3780.0
7980.0,0.49999999999999994,0.0,0,20,3780.0
7981.0,0.49999999999999994,0.0,0,20,3780.0
7982.0,0.49999999999999994,0.0,0,20,3780.0
7983.0,0.49999999999999994,0.0,0,20,3780.0
7984.0,0.49999999999999994,0.0,0,20,3780.0
7985.0,0.49999999999999994,0.0,0,20,3780.0
7986.0,0.49999999999999994,0.0,0,20,3780.0
7987.0,0.49999999999999994,0.0,0,20,3780.0
7988.0,0.49999999999999994,0.0,0,20,3780.0
7989.0,0.49999999999999994,0.0,0,20,3780.0
7990.0,0.49999999999999994,0.0,0,20,3780.0
7991.0,0.49999999999999994,0.0,0,20,3780.0
7992.0,0.49999999999999994,0.0,0,20,3780.0
7993.0,0.49999999999999994,0.0,0,20,3780.0
7994.0,0.49999999999999994,0.0,0,20,3780.0
7995.0,0.49999999999999994,0.0,0,20,3780.0
7996.0,0.49999999999999994,0.0,0,20,3780.0
7997.0,0.49999999999999994,0.0,0,20,3780.0
7998.0,0.49999999999999994,0.0,0,20,3780.0
7999.0,0.49999999999999994,0.0,0,20,3780.0
8000.0,0.49999999999999994,0.0,0,20,3780.0
8001.0,0.49999999999999994,0.0,0,20,3780.0
8002.0,0.49999999999999994,0.0,0,20,3780.0
8003.0,0.49999999999999994,0.0,0,20,3780.0
8004.0,0.49999999999999994,0.0,0,20,3780.0
8005.0,0.49999999999999994,0.0,0,20,3780.0
8006.0,0.49999999999999994,0.0,0,20,3780.0
8007.0,0.49999999999999994,0.0,0,20,3780.0
8008.0,0.49999999999999994,0.0,0,20,3780.0
8009.0,0.49999999999999994,0.0,0,20,3780.0
8010.0,0.49999999999999994,0.0,0,20,3780.0
8011.0,0.49999999999999994,0.0,0,20,3780.0
8012.0,0.49999999999999994,0.0,0,20,3780.0
8013.0,0.49999999999999994,0.0,0,20,3780.0
8014.0,0.49999999999999994,0.0,0,20,3780.0
8015.0,0.49999999999999994,0.0,0,20,3780.0
8016.0,0.49999999999999994,0.0,0,20,3780.0
8017.0,0.49999999999999994,0.0,0,20,3780.0
8018.0,0.49999999999999994,0.0,0,20,3780.0
8019.0,0.49999999999999994,0.0,0,20,3780.0
8020.0,0.49999999999999994,0.0,0,20,3780.0
8021.0,0.49999999999999994,0.0,0,20,3780.0
8022.0,0.49999999999999994,0.0,0,20,3780.0
8023.0,0.49999999999999994,0.0,0,20,3780.0
8024.0,0.49999999999999994,0.0,0,20,3780.0
8025.0,0.49999999999999994,0.0,0,20,3780.0
8026.0,0.49999999999999994,0.0,0,20,3780.0
8027.0,0.49999999999999994,0.0,0,20,3780.0
8028.0,0.49999999999999994,0.0,0,20,3780.0
8029.0,0.49999999999999994,0.0,0,20,3780.0
8030.0,0.49999999999999994,0.0,0,20,3780.0
8031.0,0.49999999999999994,0.0,0,20,3780.0
8032.0,0.49999999999999994,0.0,0,20,3780.0
8033.0,0.49999999999999994,0.0,0,20,3780.0
8034.0,0.49999999999999994,0.0,0,20,3780.0
8035.0,0.49999999999999994,0.0,0,20,3780.0
8036.0,0.49999999999999994,0.0,0,20,3780.0
8037.0,0.49999999999999994,0.0,0,20,3780.0
8038.0,0.49999999999999994,0.0,0,20,3780.0
8039.0,0.49999999999999994,0.0,0,20,3780.0
8040.0,0.49999999999999994,0.0,0,20,3780.0
8041.0,0.49999999999999994,0.0,0,20,3780.0
8042.0,0.49999999999999994,0.0,0,20,3780.0
8043.0,0.49999999999999994,0.0,0,20,3780.0
8044.0,0.49999999999999994,0.0,0,20,3780.0
8045.0,0.49999999999999994,0.0,0,20,3780.0
8046.0,0.49999999999999994,0.0,0,20,3780.0
8047.0,0.49999999999999994,0.0,0,20,3780.0
8048.0,0.49999999999999994,0.0,0,20,3780.0
8049.0,0.49999999999999994,0.0,0,20,3780.0
8050.0,0.49999999999999994,0.0,0,20,3780.0
8051.0,0.49999999999999994,0.0,0,20,3780.0
8052.0,0.49999999999999994,0.0,0,20,3780.0
8053.0,0.49999999999999994,0.0,0,20,3780.0
8054.0,0.49999999999999994,0.0,0,20,3780.0
8055.0,0.49999999999999994,0.0,0,20,3780.0
8056.0,0.49999999999999994,0.0,0,20,3780.0
8057.0,0.49999999999999994,0.0,0,20,3780.0
8058.0,0.49999999999999994,0.0,0,20,3780.0
8059.0,0.49999999999999994,0.0,0,20,3780.0
8060.0,0.49999999999999994,0.0,0,20,3780.0
8061.0,0.49999999999999994,0.0,0,20,3780.0
8062.0,0.49999999999999994,0.0,0,20,3780.0
8063.0,0.49999999999999994,0.0,0,20,3780.0
8064.0,0.49999999999999994,0.0,0,20,3780.0
8065.0,0.49999999999999994,0.0,0,20,3780.0
8066.0,0.49999999999999994,0.0,0,20,3780.0
8067.0,0.49999999999999994,0.0,0,20,3780.0
8068.0,0.49999999999999994,0.0,0,20,3780.0
8069.0,0.49999999999999994,0.0,0,20,3780.0
8070.0,0.49999999999999994,0.0,0,20,3780.0
8071.0,0.49999999999999994,0.0,0,20,3780.0
8072.0,0.49999999999999994,0.0,0,20,3780.0
8073.0,0.49999999999999994,0.0,0,20,3780.0
8074.0,0.49999999999999994,0.0,0,20,3780.0
8075.0,0.49999999999999994,0.0,0,20,3780.0
8076.0,0.49999999999999994,0.0,0,20,3780.0
8077.0,0.49999999999999994,0.0,0,20,3780.0
8078.0,0.49999999999999994,0.0,0,20,3780.0
8079.0,0.49999999999999994,0.0,0,20,3780.0
8080.0,0.49999999999999994,0.0,0,20,3780.0
8081.0,0.49999999999999994,0.0,0,20,3780.0
8082.0,0.49999999999999994,0.0,0,20,3780.0
8083.0,0.49999999999999994,0.0,0,20,3780.0
8084.0,0.49999999999999994,0.0,0,20,3780.0
8085.0,0.49999999999999994,0.0,0,20,3780.0
8086.0,0.49999999999999994,0.0,0,20,3780.0
8087.0,0.49999999999999994,0.0,0,20,3780.0
8088.0,0.49999999999999994,0.0,0,20,3780.0
8089.0,0.49999999999999994,0.0,0,20,3780.0
8090.0,0.49999999999999994,0.0,0,20,3780.0
8091.0,0.49999999999999994,0.0,0,20,3780.0
8092.0,0.49999999999999994,0.0,0,20,3780.0
8093.0,0.49999999999999994,0.0,0,20,3780.0
8094.0,0.49999999999999994,0.0,0,20,3780.0
8095.0,0.49999999999999994,0.0,0,20,3780.0
8096.0,0.49999999999999994,0.0,0,20,3780.0
8097.0,0.49999999999999994,0.0,0,20,3780.0
8098.0,0.49999999999999994,0.0,0,20,3780.0
8099.0,0.49999999999999994,0.0,0,20,3780.0
8100.0,0.49999999999999994,0.0,0,20,3780.0
8101.0,0.49999999999999994,0.0,0,20,3780.0
8102.0,0.49999999999999994,0.0,0,20,3780.0
8103.0,0.49999999999999994,0.0,0,20,3780.0
8104.0,0.49999999999999994,0.0,0,20,3780.0
8105.0,0.49999999999999994,0.0,0,20,3780.0
8106.0,0.49999999999999994,0.0,0,20,3780.0
8107.0,0.49999999999999994,0.0,0,20,3780.0
8108.0,0.49999999999999994,0.0,0,20,3780.0
8109.0,0.49999999999999994,0.0,0,20,3780.0
8110.0,0.49999999999999994,0.0,0,20,3780.0
8111.0,0.49999999999999994,0.0,0,20,3780.0
8112.0,0.49999999999999994,0.0,0,20,3780.0
8113.0,0.49999999999999994,0.0,0,20,3780.0
8114.0,0.49999999999999994,0.0,0,20,3780.0
8115.0,0.49999999999999994,0.0,0,20,3780.0
8116.0,0.49999999999999994,0.0,0,20,3780.0
8117.0,0.49999999999999994,0.0,0,20,3780.0
8118.0,0.49999999999999994,0.0,0,20,3780.0
8119.0,0.49999999999999994,0.0,0,20,3780.0
8120.0,0.49999999999999994,0.0,0,20,3780.0
8121.0,0.49999999999999994,0.0,0,20,3780.0
8122.0,0.49999999999999994,0.0,0,20,3780.0
8123.0,0.49999999999999994,0.0,0,20,3780.0
8124.0,0.49999999999999994,0.0,0,20,3780.0
8125.0,0.49999999999999994,0.0,0,20,3780.0
8126.0,0.49999999999999994,0.0,0,20,3780.0
8127.0,0.49999999999999994,0.0,0,20,3780.0
8128.0,0.49999999999999994,0.0,0,20,3780.0
8129.0,0.49999999999999994,0.0,0,20,3780.0
8130.0,0.49999999999999994,0.0,0,20,3780.0
8131.0,0.49999999999999994,0.0,0,20,3780.0
8132.0,0.49999999999999994,0.0,0,20,3780.0
8133.0,0.49999999999999994,0.0,0,20,3780.0
8134.0,0.49999999999999994,0.0,0,20,3780.0
8135.0,0.49999999999999994,0.0,0,20,3780.0
8136.0,0.49999999999999994,0.0,0,20,3780.0
8137.0,0.49999999999999994,0.0,0,20,3780.0
8138.0,0.49999999999999994,0.0,0,20,3780.0
8139.0,0.49999999999999994,0.0,0,20,3780.0
8140.0,0.49999999999999994,0.0,0,20,3780.0
8141.0,0.49999999999999994,0.0,0,20,3780.0
8142.0,0.49999999999999994,0.0,0,20,3780.0
8143.0,0.49999999999999994,0.0,0,20,3780.0
8144.0,0.49999999999999994,0.0,0,20,3780.0
8145.0,0.49999999999999994,0.0,0,20,3780.0
8146.0,0.49999999999999994,0.0,0,20,3780.0
8147.0,0.49999999999999994,0.0,0,20,3780.0
8148.0,0.49999999999999994,0.0,0,20,3780.0
8149.0,0.49999999999999994,0.0,0,20,3780.0
8150.0,0.49999999999999994,0.0,0,20,3780.0
8151.0,0.49999999999999994,0.0,0,20,3780.0
8152.0,0.49999999999999994,0.0,0,20,3780.0
8153.0,0.49999999999999994,0.0,0,20,3780.0
8154.0,0.49999999999999994,0.0,0,20,3780.0
8155.0,0.49999999999999994,0.0,0,20,3780.0
8156.0,0.49999999999999994,0.0,0,20,3780.0
8157.0,0.49999999999999994,0.0,0,20,3780.0
8158.0,0.49999999999999994,0.0,0,20,3780.0
8159.0,0.49999999999999994,0.0,0,20,3780.0
8160.0,0.49999999999999994,0.0,0,20,3780.0
8161.0,0.49999999999999994,0.0,0,20,3780.0
8162.0,0.49999999999999994,0.0,0,20,3780.0
8163.0,0.49999999999999994,0.0,0,20,3780.0
8164.0,0.49999999999999994,0.0,0,20,3780.0
8165.0,0.49999999999999994,0.0,0,20,3780.0
8166.0,0.49999999999999994,0.0,0,20,3780.0
8167.0,0.49999999999999994,0.0,0,20,3780.0
8168.0,0.49999999999999994,0.0,0,20,3780.0
8169.0,0.49999999999999994,0.0,0,20,3780.0
8170.0,0.49999999999999994,0.0,0,20,3780.0
8171.0,0.49999999999999994,0.0,0,20,3780.0
8172.0,0.49999999999999994,0.0,0,20,3780.0
8173.0,0.49999999999999994,0.0,0,20,3780.0
8174.0,0.49999999999999994,0.0,0,20,3780.0
8175.0,0.49999999999999994,0.0,0,20,3780.0
8176.0,0.49999999999999994,0.0,0,20,3780.0
8177.0,0.49999999999999994,0.0,0,20,3780.0
8178.0,0.49999999999999994,0.0,0,20,3780.0
8179.0,0.49999999999999994,0.0,0,20,3780.0
8180.0,0.49999999999999994,0.0,0,20,3780.0
8181.0,0.49999999999999994,0.0,0,20,3780.0
8182.0,0.49999999999999994,0.0,0,20,3780.0
8183.0,0.49999999999999994,0.0,0,20,3780.0
8184.0,0.49999999999999994,0.0,0,20,3780.0
8185.0,0.49999999999999994,0.0,0,20,3780.0
8186.0,0.49999999999999994,0.0,0,20,3780.0
8187.0,0.49999999999999994,0.0,0,20,3780.0
8188.0,0.49999999999999994,0.0,0,20,3780.0
8189.0,0.49999999999999994,0.0,0,20,3780.0
8190.0,0.49999999999999994,0.0,0,20,3780.0
8191.0,0.49999999999999994,0.0,0,20,3780.0
8192.0,0.49999999999999994,0.0,0,20,3780.0
8193.0,0.49999999999999994,0.0,0,20,3780.0
8194.0,0.49999999999999994,0.0,0,20,3780.0
8195.0,0.49999999999999994,0.0,0,20,3780.0
8196.0,0.49999999999999994,0.0,0,20,3780.0
8197.0,0.49999999999999994,0.0,0,20,3780.0
8198.0,0.49999999999999994,0.0,0,20,3780.0
8199.0,0.49999999999999994,0.0,0,20,3780.0
8200.0,0.49999999999999994,0.0,0,20,3780.0
8201.0,0.49999999999999994,0.0,0,20,3780.0
8202.0,0.49999999999999994,0.0,0,20,3780.0
8203.0,0.49999999999999994,0.0,0,20,3780.0
8204.0,0.49999999999999994,0.0,0,20,3780.0
8205.0,0.49999999999999994,0.0,0,20,3780.0
8206.0,0.49999999999999994,0.0,0,20,3780.0
8207.0,0.49999999999999994,0.0,0,20,3780.0
8208.0,0.49999999999999994,0.0,0,20,3780.0
8209.0,0.49999999999999994,0.0,0,20,3780.0
8210.0,0.49999999999999994,0.0,0,20,3780.0
8211.0,0.49999999999999994,0.0,0,20,3780.0
8212.0,0.49999999999999994,0.0,0,20,3780.0
8213.0,0.49999999999999994,0.0,0,20,3780.0
8214.0,0.49999999999999994,0.0,0,20,3780.0
8215.0,0.49999999999999994,0.0,0,20,3780.0
8216.0,0.49999999999999994,0.0,0,20,3780.0
8217.0,0.49999999999999994,0.0,0,20,3780.0
8218.0,0.49999999999999994,0.0,0,20,3780.0
8219.0,0.49999999999999994,0.0,0,20,3780.0
8220.0,0.49999999999999994,0.0,0,20,3780.0
8221.0,0.49999999999999994,0.0,0,20,3780.0
8222.0,0.49999999999999994,0.0,0,20,3780.0
8223.0,0.49999999999999994,0.0,0,20,3780.0
8224.0,0.49999999999999994,0.0,0,20,3780.0
8225.0,0.49999999999999994,0.0,0,20,3780.0
8226.0,0.49999999999999994,0.0,0,20,3780.0
8227.0,0.49999999999999994,0.0,0,20,3780.0
8228.0,0.49999999999999994,0.0,0,20,3780.0
8229.0,0.49999999999999994,0.0,0,20,3780.0
8230.0,0.49999999999999994,0.0,0,20,3780.0
8231.0,0.49999999999999994,0.0,0,20,3780.0
8232.0,0.49999999999999994,0.0,0,20,3780.0
8233.0,0.49999999999999994,0.0,0,20,3780.0
8234.0,0.49999999999999994,0.0,0,20,3780.0
8235.0,0.49999999999999994,0.0,0,20,3780.0
8236.0,0.49999999999999994,0.0,0,20,3780.0
8237.0,0.49999999999999994,0.0,0,20,3780.0
8238.0,0.49999999999999994,0.0,0,20,3780.0
8239.0,0.49999999999999994,0.0,0,20,3780.0
8240.0,0.49999999999999994,0.0,0,20,3780.0
8241.0,0.49999999999999994,0.0,0,20,3780.0
8242.0,0.49999999999999994,0.0,0,20,3780.0
8243.0,0.49999999999999994,0.0,0,20,3780.0
8244.0,0.49999999999999994,0.0,0,20,3780.0
8245.0,0.49999999999999994,0.0,0,20,3780.0
8246.0,0.49999999999999994,0.0,0,20,3780.0
8247.0,0.49999999999999994,0.0,0,20,3780.0
8248.0,0.49999999999999994,0.0,0,20,3780.0
8249.0,0.49999999999999994,0.0,0,20,3780.0
8250.0,0.49999999999999994,0.0,0,20,3780.0
8251.0,0.49999999999999994,0.0,0,20,3780.0
8252.0,0.49999999999999994,0.0,0,20,3780.0
8253.0,0.49999999999999994,0.0,0,20,3780.0
8254.0,0.49999999999999994,0.0,0,20,3780.0
8255.0,0.49999999999999994,0.0,0,20,3780.0
8256.0,0.49999999999999994,0.0,0,20,3780.0
8257.0,0.49999999999999994,0.0,0,20,3780.0
8258.0,0.49999999999999994,0.0,0,20,3780.0
8259.0,0.49999999999999994,0.0,0,20,3780.0
8260.0,0.49999999999999994,0.0,0,20,3780.0
8261.0,0.49999999999999994,0.0,0,20,3780.0
8262.0,0.49999999999999994,0.0,0,20,3780.0
8263.0,0.49999999999999994,0.0,0,20,3780.0
8264.0,0.49999999999999994,0.0,0,20,3780.0
8265.0,0.49999999999999994,0.0,0,20,3780.0
8266.0,0.49999999999999994,0.0,0,20,3780.0
8267.0,0.49999999999999994,0.0,0,20,3780.0
8268.0,0.49999999999999994,0.0,0,20,3780.0
8269.0,0.49999999999999994,0.0,0,20,3780.0
8270.0,0.49999999999999994,0.0,0,20,3780.0
8271.0,0.49999999999999994,0.0,0,20,3780.0
8272.0,0.49999999999999994,0.0,0,20,3780.0
8273.0,0.49999999999999994,0.0,0,20,3780.0
8274.0,0.49999999999999994,0.0,0,20,3780.0
8275.0,0.49999999999999994,0.0,0,20,3780.0
8276.0,0.49999999999999994,0.0,0,20,3780.0
8277.0,0.49999999999999994,0.0,0,20,3780.0
8278.0,0.49999999999999994,0.0,0,20,3780.0
8279.0,0.49999999999999994,0.0,0,20,3780.0
8280.0,0.49999999999999994,0.0,0,20,3780.0
8281.0,0.49999999999999994,0.0,0,20,3780.0
8282.0,0.49999999999999994,0.0,0,20,3780.0
8283.0,0.49999999999999994,0.0,0,20,3780.0
8284.0,0.49999999999999994,0.0,0,20,3780.0
8285.0,0.49999999999999994,0.0,0,20,3780.0
8286.0,0.49999999999999994,0.0,0,20,3780.0
8287.0,0.49999999999999994,0.0,0,20,3780.0
8288.0,0.49999999999999994,0.0,0,20,3780.0
8289.0,0.49999999999999994,0.0,0,20,3780.0
8290.0,0.49999999999999994,0.0,0,20,3780.0
8291.0,0.49999999999999994,0.0,0,20,3780.0
8292.0,0.49999999999999994,0.0,0,20,3780.0
8293.0,0.49999999999999994,0.0,0,20,3780.0
8294.0,0.49999999999999994,0.0,0,20,3780.0
8295.0,0.49999999999999994,0.0,0,20,3780.0
8296.0,0.49999999999999994,0.0,0,20,3780.0
8297.0,0.49999999999999994,0.0,0,20,3780.0
8298.0,0.49999999999999994,0.0,0,20,3780.0
8299.0,0.49999999999999994,0.0,0,20,3780.0
8300.0,0.49999999999999994,0.0,0,20,3780.0
8301.0,0.49999999999999994,0.0,0,20,3780.0
8302.0,0.49999999999999994,0.0,0,20,3780.0
8303.0,0.49999999999999994,0.0,0,20,3780.0
8304.0,0.49999999999999994,0.0,0,20,3780.0
8305.0,0.49999999999999994,0.0,0,20,3780.0
8306.0,0.49999999999999994,0.0,0,20,3780.0
8307.0,0.49999999999999994,0.0,0,20,3780.0
8308.0,0.49999999999999994,0.0,0,20,3780.0
8309.0,0.49999999999999994,0.0,0,20,3780.0
8310.0,0.49999999999999994,0.0,0,20,3780.0
8311.0,0.49999999999999994,0.0,0,20,3780.0
8312.0,0.49999999999999994,0.0,0,20,3780.0
8313.0,0.49999999999999994,0.0,0,20,3780.0
8314.0,0.49999999999999994,0.0,0,20,3780.0
8315.0,0.49999999999999994,0.0,0,20,3780.0
8316.0,0.49999999999999994,0.0,0,20,3780.0
8317.0,0.49999999999999994,0.0,0,20,3780.0
8318.0,0.49999999999999994,0.0,0,20,3780.0
8319.0,0.49999999999999994,0.0,0,20,3780.0
8320.0,0.49999999999999994,0.0,0,20,3780.0
8321.0,0.49999999999999994,0.0,0,20,3780.0
8322.0,0.49999999999999994,0.0,0,20,3780.0
8323.0,0.49999999999999994,0.0,0,20,3780.0
8324.0,0.49999999999999994,0.0,0,20,3780.0
8325.0,0.49999999999999994,0.0,0,20,3780.0
8326.0,0.49999999999999994,0.0,0,20,3780.0
8327.0,0.49999999999999994,0.0,0,20,3780.0
8328.0,0.49999999999999994,0.0,0,20,3780.0
8329.0,0.49999999999999994,0.0,0,20,3780.0
8330.0,0.49999999999999994,0.0,0,20,3780.0
8331.0,0.49999999999999994,0.0,0,20,3780.0
8332.0,0.49999999999999994,0.0,0,20,3780.0
8333.0,0.49999999999999994,0.0,0,20,3780.0
8334.0,0.49999999999999994,0.0,0,20,3780.0
8335.0,0.49999999999999994,0.0,0,20,3780.0
8336.0,0.49999999999999994,0.0,0,20,3780.0
8337.0,0.49999999999999994,0.0,0,20,3780.0
8338.0,0.49999999999999994,0.0,0,20,3780.0
8339.0,0.49999999999999994,0.0,0,20,3780.0
8340.0,0.49999999999999994,0.0,0,20,3780.0
8341.0,0.49999999999999994,0.0,0,20,3780.0
8342.0,0.49999999999999994,0.0,0,20,3780.0
8343.0,0.49999999999999994,0.0,0,20,3780.0
8344.0,0.49999999999999994,0.0,0,20,3780.0
8345.0,0.49999999999999994,0.0,0,20,3780.0
8346.0,0.49999999999999994,0.0,0,20,3780.0
8347.0,0.49999999999999994,0.0,0,20,3780.0
8348.0,0.49999999999999994,0.0,0,20,3780.0
8349.0,0.49999999999999994,0.0,0,20,3780.0
8350.0,0.49999999999999994,0.0,0,20,3780.0
8351.0,0.49999999999999994,0.0,0,20,3780.0
8352.0,0.49999999999999994,0.0,0,20,3780.0
8353.0,0.49999999999999994,0.0,0,20,3780.0
8354.0,0.49999999999999994,0.0,0,20,3780.0
8355.0,0.49999999999999994,0.0,0,20,3780.0
8356.0,0.49999999999999994,0.0,0,20,3780.0
8357.0,0.49999999999999994,0.0,0,20,3780.0
8358.0,0.49999999999999994,0.0,0,20,3780.0
8359.0,0.49999999999999994,0.0,0,20,3780.0
8360.0,0.49999999999999994,0.0,0,20,3780.0
8361.0,0.49999999999999994,0.0,0,20,3780.0
8362.0,0.49999999999999994,0.0,0,20,3780.0
8363.0,0.49999999999999994,0.0,0,20,3780.0
8364.0,0.49999999999999994,0.0,0,20,3780.0
8365.0,0.49999999999999994,0.0,0,20,3780.0
8366.0,0.49999999999999994,0.0,0,20,3780.0
8367.0,0.49999999999999994,0.0,0,20,3780.0
8368.0,0.49999999999999994,0.0,0,20,3780.0
8369.0,0.49999999999999994,0.0,0,20,3780.0
8370.0,0.49999999999999994,0.0,0,20,3780.0
8371.0,0.49999999999999994,0.0,0,20,3780.0
8372.0,0.49999999999999994,0.0,0,20,3780.0
8373.0,0.49999999999999994,0.0,0,20,3780.0
8374.0,0.49999999999999994,0.0,0,20,3780.0
8375.0,0.49999999999999994,0.0,0,20,3780.0
8376.0,0.49999999999999994,0.0,0,20,3780.0
8377.0,0.49999999999999994,0.0,0,20,3780.0
8378.0,0.49999999999999994,0.0,0,20,3780.0
8379.0,0.49999999999999994,0.0,0,20,3780.0
8380.0,0.49999999999999994,0.0,0,20,3780.0
8381.0,0.49999999999999994,0.0,0,20,3780.0
8382.0,0.49999999999999994,0.0,0,20,3780.0
8383.0,0.49999999999999994,0.0,0,20,3780.0
8384.0,0.49999999999999994,0.0,0,20,3780.0
8385.0,0.49999999999999994,0.0,0,20,3780.0
8386.0,0.49999999999999994,0.0,0,20,3780.0
8387.0,0.49999999999999994,0.0,0,20,3780.0
8388.0,0.49999999999999994,0.0,0,20,3780.0
8389.0,0.49999999999999994,0.0,0,20,3780.0
8390.0,0.49999999999999994,0.0,0,20,3780.0
8391.0,0.49999999999999994,0.0,0,20,3780.0
8392.0,0.49999999999999994,0.0,0,20,3780.0
8393.0,0.49999999999999994,0.0,0,20,3780.0
8394.0,0.49999999999999994,0.0,0,20,3780.0
8395.0,0.49999999999999994,0.0,0,20,3780.0
8396.0,0.49999999999999994,0.0,0,20,3780.0
8397.0,0.49999999999999994,0.0,0,20,3780.0
8398.0,0.49999999999999994,0.0,0,20,3780.0
8399.0,0.49999999999999994,0.0,0,20,3780.0
8400.0,0.49999999999999994,0.0,0,20,3780.0
8401.0,0.49999999999999994,0.0,0,20,3780.0
8402.0,0.49999999999999994,0.0,0,20,3780.0
8403.0,0.49999999999999994,0.0,0,20,3780.0
8404.0,0.49999999999999994,0.0,0,20,3780.0
8405.0,0.49999999999999994,0.0,0,20,3780.0
8406.0,0.49999999999999994,0.0,0,20,3780.0
8407.0,0.49999999999999994,0.0,0,20,3780.0
8408.0,0.49999999999999994,0.0,0,20,3780.0
8409.0,0.49999999999999994,0.0,0,20,3780.0
8410.0,0.49999999999999994,0.0,0,20,3780.0
8411.0,0.49999999999999994,0.0,0,20,3780.0
8412.0,0.49999999999999994,0.0,0,20,3780.0
8413.0,0.49999999999999994,0.0,0,20,3780.0
8414.0,0.49999999999999994,0.0,0,20,3780.0
8415.0,0.49999999999999994,0.0,0,20,3780.0
8416.0,0.49999999999999994,0.0,0,20,3780.0
8417.0,0.49999999999999994,0.0,0,20,3780.0
8418.0,0.49999999999999994,0.0,0,20,3780.0
8419.0,0.49999999999999994,0.0,0,20,3780.0
8420.0,0.49999999999999994,0.0,0,20,3780.0
8421.0,0.49999999999999994,0.0,0,20,3780.0
8422.0,0.49999999999999994,0.0,0,20,3780.0
8423.0,0.49999999999999994,0.0,0,20,3780.0
8424.0,0.49999999999999994,0.0,0,20,3780.0
8425.0,0.49999999999999994,0.0,0,20,3780.0
8426.0,0.49999999999999994,0.0,0,20,3780.0
8427.0,0.49999999999999994,0.0,0,20,3780.0
8428.0,0.49999999999999994,0.0,0,20,3780.0
8429.0,0.49999999999999994,0.0,0,20,3780.0
8430.0,0.49999999999999994,0.0,0,20,3780.0
8431.0,0.49999999999999994,0.0,0,20,3780.0
8432.0,0.49999999999999994,0.0,0,20,3780.0
8433.0,0.49999999999999994,0.0,0,20,3780.0
8434.0,0.49999999999999994,0.0,0,20,3780.0
8435.0,0.49999999999999994,0.0,0,20,3780.0
8436.0,0.49999999999999994,0.0,0,20,3780.0
8437.0,0.49999999999999994,0.0,0,20,3780.0
8438.0,0.49999999999999994,0.0,0,20,3780.0
8439.0,0.49999999999999994,0.0,0,20,3780.0
8440.0,0.49999999999999994,0.0,0,20,3780.0
8441.0,0.49999999999999994,0.0,0,20,3780.0
8442.0,0.49999999999999994,0.0,0,20,3780.0
8443.0,0.49999999999999994,0.0,0,20,3780.0
8444.0,0.49999999999999994,0.0,0,20,3780.0
8445.0,0.49999999999999994,0.0,0,20,3780.0
8446.0,0.49999999999999994,0.0,0,20,3780.0
8447.0,0.49999999999999994,0.0,0,20,3780.0
8448.0,0.49999999999999994,0.0,0,20,3780.0
8449.0,0.49999999999999994,0.0,0,20,3780.0
8450.0,0.49999999999999994,0.0,0,20,3780.0
8451.0,0.49999999999999994,0.0,0,20,3780.0
8452.0,0.49999999999999994,0.0,0,20,3780.0
8453.0,0.49999999999999994,0.0,0,20,3780.0
8454.0,0.49999999999999994,0.0,0,20,3780.0
8455.0,0.49999999999999994,0.0,0,20,3780.0
8456.0,0.49999999999999994,0.0,0,20,3780.0
8457.0,0.49999999999999994,0.0,0,20,3780.0
8458.0,0.49999999999999994,0.0,0,20,3780.0
8459.0,0.49999999999999994,0.0,0,20,3780.0
8460.0,0.49999999999999994,0.0,0,20,3780.0
8461.0,0.49999999999999994,0.0,0,20,3780.0
8462.0,0.49999999999999994,0.0,0,20,3780.0
8463.0,0.49999999999999994,0.0,0,20,3780.0
8464.0,0.49999999999999994,0.0,0,20,3780.0
8465.0,0.49999999999999994,0.0,0,20,3780.0
8466.0,0.49999999999999994,0.0,0,20,3780.0
8467.0,0.49999999999999994,0.0,0,20,3780.0
8468.0,0.49999999999999994,0.0,0,20,3780.0
8469.0,0.49999999999999994,0.0,0,20,3780.0
8470.0,0.49999999999999994,0.0,0,20,3780.0
8471.0,0.49999999999999994,0.0,0,20,3780.0
8472.0,0.49999999999999994,0.0,0,20,3780.0
8473.0,0.49999999999999994,0.0,0,20,3780.0
8474.0,0.49999999999999994,0.0,0,20,3780.0
8475.0,0.49999999999999994,0.0,0,20,3780.0
8476.0,0.49999999999999994,0.0,0,20,3780.0
8477.0,0.49999999999999994,0.0,0,20,3780.0
8478.0,0.49999999999999994,0.0,0,20,3780.0
8479.0,0.49999999999999994,0.0,0,20,3780.0
8480.0,0.49999999999999994,0.0,0,20,3780.0
8481.0,0.49999999999999994,0.0,0,20,3780.0
8482.0,0.49999999999999994,0.0,0,20,3780.0
8483.0,0.49999999999999994,0.0,0,20,3780.0
8484.0,0.49999999999999994,0.0,0,20,3780.0
8485.0,0.49999999999999994,0.0,0,20,3780.0
8486.0,0.49999999999999994,0.0,0,20,3780.0
8487.0,0.49999999999999994,0.0,0,20,3780.0
8488.0,0.49999999999999994,0.0,0,20,3780.0
8489.0,0.49999999999999994,0.0,0,20,3780.0
8490.0,0.49999999999999994,0.0,0,20,3780.0
8491.0,0.49999999999999994,0.0,0,20,3780.0
8492.0,0.49999999999999994,0.0,0,20,3780.0
8493.0,0.49999999999999994,0.0,0,20,3780.0
8494.0,0.49999999999999994,0.0,0,20,3780.0
8495.0,0.49999999999999994,0.0,0,20,3780.0
8496.0,0.49999999999999994,0.0,0,20,3780.0
8497.0,0.49999999999999994,0.0,0,20,3780.0
8498.0,0.49999999999999994,0.0,0,20,3780.0
8499.0,0.49999999999999994,0.0,0,20,3780.0
8500.0,0.49999999999999994,0.0,0,20,3780.0
8501.0,0.49999999999999994,0.0,0,20,3780.0
8502.0,0.49999999999999994,0.0,0,20,3780.0
8503.0,0.49999999999999994,0.0,0,20,3780.0
8504.0,0.49999999999999994,0.0,0,20,3780.0
8505.0,0.49999999999999994,0.0,0,20,3780.0
8506.0,0.49999999999999994,0.0,0,20,3780.0
8507.0,0.49999999999999994,0.0,0,20,3780.0
8508.0,0.49999999999999994,0.0,0,20,3780.0
8509.0,0.49999999999999994,0.0,0,20,3780.0
8510.0,0.49999999999999994,0.0,0,20,3780.0
8511.0,0.49999999999999994,0.0,0,20,3780.0
8512.0,0.49999999999999994,0.0,0,20,3780.0
8513.0,0.49999999999999994,0.0,0,20,3780.0
8514.0,0.49999999999999994,0.0,0,20,3780.0
8515.0,0.49999999999999994,0.0,0,20,3780.0
8516.0,0.49999999999999994,0.0,0,20,3780.0
8517.0,0.49999999999999994,0.0,0,20,3780.0
8518.0,0.49999999999999994,0.0,0,20,3780.0
8519.0,0.49999999999999994,0.0,0,20,3780.0
8520.0,0.49999999999999994,0.0,0,20,3780.0
8521.0,0.49999999999999994,0.0,0,20,3780.0
8522.0,0.49999999999999994,0.0,0,20,3780.0
8523.0,0.49999999999999994,0.0,0,20,3780.0
8524.0,0.49999999999999994,0.0,0,20,3780.0
8525.0,0.49999999999999994,0.0,0,20,3780.0
8526.0,0.49999999999999994,0.0,0,20,3780.0
8527.0,0.49999999999999994,0.0,0,20,3780.0
8528.0,0.49999999999999994,0.0,0,20,3780.0
8529.0,0.49999999999999994,0.0,0,20,3780.0
8530.0,0.49999999999999994,0.0,0,20,3780.0
8531.0,0.49999999999999994,0.0,0,20,3780.0
8532.0,0.49999999999999994,0.0,0,20,3780.0
8533.0,0.49999999999999994,0.0,0,20,3780.0
8534.0,0.49999999999999994,0.0,0,20,3780.0
8535.0,0.49999999999999994,0.0,0,20,3780.0
8536.0,0.49999999999999994,0.0,0,20,3780.0
8537.0,0.49999999999999994,0.0,0,20,3780.0
8538.0,0.49999999999999994,0.0,0,20,3780.0
8539.0,0.49999999999999994,0.0,0,20,3780.0
8540.0,0.49999999999999994,0.0,0,20,3780.0
8541.0,0.49999999999999994,0.0,0,20,3780.0
8542.0,0.49999999999999994,0.0,0,20,3780.0
8543.0,0.49999999999999994,0.0,0,20,3780.0
8544.0,0.49999999999999994,0.0,0,20,3780.0
8545.0,0.49999999999999994,0.0,0,20,3780.0
8546.0,0.49999999999999994,0.0,0,20,3780.0
8547.0,0.49999999999999994,0.0,0,20,3780.0
8548.0,0.49999999999999994,0.0,0,20,3780.0
8549.0,0.49999999999999994,0.0,0,20,3780.0
8550.0,0.49999999999999994,0.0,0,20,3780.0
8551.0,0.49999999999999994,0.0,0,20,3780.0
8552.0,0.49999999999999994,0.0,0,20,3780.0
8553.0,0.49999999999999994,0.0,0,20,3780.0
8554.0,0.49999999999999994,0.0,0,20,3780.0
8555.0,0.49999999999999994,0.0,0,20,3780.0
8556.0,0.49999999999999994,0.0,0,20,3780.0
8557.0,0.49999999999999994,0.0,0,20,3780.0
8558.0,0.49999999999999994,0.0,0,20,3780.0
8559.0,0.49999999999999994,0.0,0,20,3780.0
8560.0,0.49999999999999994,0.0,0,20,3780.0
8561.0,0.49999999999999994,0.0,0,20,3780.0
8562.0,0.49999999999999994,0.0,0,20,3780.0
8563.0,0.49999999999999994,0.0,0,20,3780.0
8564.0,0.49999999999999994,0.0,0,20,3780.0
8565.0,0.49999999999999994,0.0,0,20,3780.0
8566.0,0.49999999999999994,0.0,0,20,3780.0
8567.0,0.49999999999999994,0.0,0,20,3780.0
8568.0,0.49999999999999994,0.0,0,20,3780.0
8569.0,0.49999999999999994,0.0,0,20,3780.0
8570.0,0.49999999999999994,0.0,0,20,3780.0
8571.0,0.49999999999999994,0.0,0,20,3780.0
8572.0,0.49999999999999994,0.0,0,20,3780.0
8573.0,0.49999999999999994,0.0,0,20,3780.0
8574.0,0.49999999999999994,0.0,0,20,3780.0
8575.0,0.49999999999999994,0.0,0,20,3780.0
8576.0,0.49999999999999994,0.0,0,20,3780.0
8577.0,0.49999999999999994,0.0,0,20,3780.0
8578.0,0.49999999999999994,0.0,0,20,3780.0
8579.0,0.49999999999999994,0.0,0,20,3780.0
8580.0,0.49999999999999994,0.0,0,20,3780.0
8581.0,0.49999999999999994,0.0,0,20,3780.0
8582.0,0.49999999999999994,0.0,0,20,3780.0
8583.0,0.49999999999999994,0.0,0,20,3780.0
8584.0,0.49999999999999994,0.0,0,20,3780.0
8585.0,0.49999999999999994,0.0,0,20,3780.0
8586.0,0.49999999999999994,0.0,0,20,3780.0
8587.0,0.49999999999999994,0.0,0,20,3780.0
8588.0,0.49999999999999994,0.0,0,20,3780.0
8589.0,0.49999999999999994,0.0,0,20,3780.0
8590.0,0.49999999999999994,0.0,0,20,3780.0
8591.0,0.49999999999999994,0.0,0,20,3780.0
8592.0,0.49999999999999994,0.0,0,20,3780.0
8593.0,0.49999999999999994,0.0,0,20,3780.0
8594.0,0.49999999999999994,0.0,0,20,3780.0
8595.0,0.49999999999999994,0.0,0,20,3780.0
8596.0,0.49999999999999994,0.0,0,20,3780.0
8597.0,0.49999999999999994,0.0,0,20,3780.0
8598.0,0.49999999999999994,0.0,0,20,3780.0
8599.0,0.49999999999999994,0.0,0,20,3780.0
8600.0,0.49999999999999994,0.0,0,20,3780.0
8601.0,0.49999999999999994,0.0,0,20,3780.0
8602.0,0.49999999999999994,0.0,0,20,3780.0
8603.0,0.49999999999999994,0.0,0,20,3780.0
8604.0,0.49999999999999994,0.0,0,20,3780.0
8605.0,0.49999999999999994,0.0,0,20,3780.0
8606.0,0.49999999999999994,0.0,0,20,3780.0
8607.0,0.49999999999999994,0.0,0,20,3780.0
8608.0,0.49999999999999994,0.0,0,20,3780.0
8609.0,0.49999999999999994,0.0,0,20,3780.0
8610.0,0.49999999999999994,0.0,0,20,3780.0
8611.0,0.49999999999999994,0.0,0,20,3780.0
8612.0,0.49999999999999994,0.0,0,20,3780.0
8613.0,0.49999999999999994,0.0,0,20,3780.0
8614.0,0.49999999999999994,0.0,0,20,3780.0
8615.0,0.49999999999999994,0.0,0,20,3780.0
8616.0,0.49999999999999994,0.0,0,20,3780.0
8617.0,0.49999999999999994,0.0,0,20,3780.0
8618.0,0.49999999999999994,0.0,0,20,3780.0
8619.0,0.49999999999999994,0.0,0,20,3780.0
8620.0,0.49999999999999994,0.0,0,20,3780.0
8621.0,0.49999999999999994,0.0,0,20,3780.0
8622.0,0.49999999999999994,0.0,0,20,3780.0
8623.0,0.49999999999999994,0.0,0,20,3780.0
8624.0,0.49999999999999994,0.0,0,20,3780.0
8625.0,0.49999999999999994,0.0,0,20,3780.0
8626.0,0.49999999999999994,0.0,0,20,3780.0
8627.0,0.49999999999999994,0.0,0,20,3780.0
8628.0,0.49999999999999994,0.0,0,20,3780.0
8629.0,0.49999999999999994,0.0,0,20,3780.0
8630.0,0.49999999999999994,0.0,0,20,3780.0
8631.0,0.49999999999999994,0.0,0,20,3780.0
8632.0,0.49999999999999994,0.0,0,20,3780.0
8633.0,0.49999999999999994,0.0,0,20,3780.0
8634.0,0.49999999999999994,0.0,0,20,3780.0
8635.0,0.49999999999999994,0.0,0,20,3780.0
8636.0,0.49999999999999994,0.0,0,20,3780.0
8637.0,0.49999999999999994,0.0,0,20,3780.0
8638.0,0.49999999999999994,0.0,0,20,3780.0
8639.0,0.49999999999999994,0.0,0,20,3780.0
8640.0,0.49999999999999994,0.0,0,20,3780.0
8641.0,0.49999999999999994,0.0,0,20,3780.0
8642.0,0.49999999999999994,0.0,0,20,3780.0
8643.0,0.49999999999999994,0.0,0,20,3780.0
8644.0,0.49999999999999994,0.0,0,20,3780.0
8645.0,0.49999999999999994,0.0,0,20,3780.0
8646.0,0.49999999999999994,0.0,0,20,3780.0
8647.0,0.49999999999999994,0.0,0,20,3780.0
8648.0,0.49999999999999994,0.0,0,20,3780.0
8649.0,0.49999999999999994,0.0,0,20,3780.0
8650.0,0.49999999999999994,0.0,0,20,3780.0
8651.0,0.49999999999999994,0.0,0,20,3780.0
8652.0,0.49999999999999994,0.0,0,20,3780.0
8653.0,0.49999999999999994,0.0,0,20,3780.0
8654.0,0.49999999999999994,0.0,0,20,3780.0
8655.0,0.49999999999999994,0.0,0,20,3780.0
8656.0,0.49999999999999994,0.0,0,20,3780.0
8657.0,0.49999999999999994,0.0,0,20,3780.0
8658.0,0.49999999999999994,0.0,0,20,3780.0
8659.0,0.49999999999999994,0.0,0,20,3780.0
8660.0,0.49999999999999994,0.0,0,20,3780.0
8661.0,0.49999999999999994,0.0,0,20,3780.0
8662.0,0.49999999999999994,0.0,0,20,3780.0
8663.0,0.49999999999999994,0.0,0,20,3780.0
8664.0,0.49999999999999994,0.0,0,20,3780.0
8665.0,0.49999999999999994,0.0,0,20,3780.0
8666.0,0.49999999999999994,0.0,0,20,3780.0
8667.0,0.49999999999999994,0.0,0,20,3780.0
8668.0,0.49999999999999994,0.0,0,20,3780.0
8669.0,0.49999999999999994,0.0,0,20,3780.0
8670.0,0.49999999999999994,0.0,0,20,3780.0
8671.0,0.49999999999999994,0.0,0,20,3780.0
8672.0,0.49999999999999994,0.0,0,20,3780.0
8673.0,0.49999999999999994,0.0,0,20,3780.0
8674.0,0.49999999999999994,0.0,0,20,3780.0
8675.0,0.49999999999999994,0.0,0,20,3780.0
8676.0,0.49999999999999994,0.0,0,20,3780.0
8677.0,0.49999999999999994,0.0,0,20,3780.0
8678.0,0.49999999999999994,0.0,0,20,3780.0
8679.0,0.49999999999999994,0.0,0,20,3780.0
8680.0,0.49999999999999994,0.0,0,20,3780.0
8681.0,0.49999999999999994,0.0,0,20,3780.0
8682.0,0.49999999999999994,0.0,0,20,3780.0
8683.0,0.49999999999999994,0.0,0,20,3780.0
8684.0,0.49999999999999994,0.0,0,20,3780.0
8685.0,0.49999999999999994,0.0,0,20,3780.0
8686.0,0.49999999999999994,0.0,0,20,3780.0
8687.0,0.49999999999999994,0.0,0,20,3780.0
8688.0,0.49999999999999994,0.0,0,20,3780.0
8689.0,0.49999999999999994,0.0,0,20,3780.0
8690.0,0.49999999999999994,0.0,0,20,3780.0
8691.0,0.49999999999999994,0.0,0,20,3780.0
8692.0,0.49999999999999994,0.0,0,20,3780.0
8693.0,0.49999999999999994,0.0,0,20,3780.0
8694.0,0.49999999999999994,0.0,0,20,3780.0
8695.0,0.49999999999999994,0.0,0,20,3780.0
8696.0,0.49999999999999994,0.0,0,20,3780.0
8697.0,0.49999999999999994,0.0,0,20,3780.0
8698.0,0.49999999999999994,0.0,0,20,3780.0
8699.0,0.49999999999999994,0.0,0,20,3780.0
8700.0,0.49999999999999994,0.0,0,20,3780.0
8701.0,0.49999999999999994,0.0,0,20,3780.0
8702.0,0.49999999999999994,0.0,0,20,3780.0
8703.0,0.49999999999999994,0.0,0,20,3780.0
8704.0,0.49999999999999994,0.0,0,20,3780.0
8705.0,0.49999999999999994,0.0,0,20,3780.0
8706.0,0.49999999999999994,0.0,0,20,3780.0
8707.0,0.49999999999999994,0.0,0,20,3780.0
8708.0,0.49999999999999994,0.0,0,20,3780.0
8709.0,0.49999999999999994,0.0,0,20,3780.0
8710.0,0.49999999999999994,0.0,0,20,3780.0
8711.0,0.49999999999999994,0.0,0,20,3780.0
8712.0,0.49999999999999994,0.0,0,20,3780.0
8713.0,0.49999999999999994,0.0,0,20,3780.0
8714.0,0.49999999999999994,0.0,0,20,3780.0
8715.0,0.49999999999999994,0.0,0,20,3780.0
8716.0,0.49999999999999994,0.0,0,20,3780.0
8717.0,0.49999999999999994,0.0,0,20,3780.0
8718.0,0.49999999999999994,0.0,0,20,3780.0
8719.0,0.49999999999999994,0.0,0,20,3780.0
8720.0,0.49999999999999994,0.0,0,20,3780.0
8721.0,0.49999999999999994,0.0,0,20,3780.0
8722.0,0.49999999999999994,0.0,0,20,3780.0
8723.0,0.49999999999999994,0.0,0,20,3780.0
8724.0,0.49999999999999994,0.0,0,20,3780.0
8725.0,0.49999999999999994,0.0,0,20,3780.0
8726.0,0.49999999999999994,0.0,0,20,3780.0
8727.0,0.49999999999999994,0.0,0,20,3780.0
8728.0,0.49999999999999994,0.0,0,20,3780.0
8729.0,0.49999999999999994,0.0,0,20,3780.0
8730.0,0.49999999999999994,0.0,0,20,3780.0
8731.0,0.49999999999999994,0.0,0,20,3780.0
8732.0,0.49999999999999994,0.0,0,20,3780.0
8733.0,0.49999999999999994,0.0,0,20,3780.0
8734.0,0.49999999999999994,0.0,0,20,3780.0
8735.0,0.49999999999999994,0.0,0,20,3780.0
8736.0,0.49999999999999994,0.0,0,20,3780.0
8737.0,0.49999999999999994,0.0,0,20,3780.0
8738.0,0.49999999999999994,0.0,0,20,3780.0
8739.0,0.49999999999999994,0.0,0,20,3780.0
8740.0,0.49999999999999994,0.0,0,20,3780.0
8741.0,0.49999999999999994,0.0,0,20,3780.0
8742.0,0.49999999999999994,0.0,0,20,3780.0
8743.0,0.49999999999999994,0.0,0,20,3780.0
8744.0,0.49999999999999994,0.0,0,20,3780.0
8745.0,0.49999999999999994,0.0,0,20,3780.0
8746.0,0.49999999999999994,0.0,0,20,3780.0
8747.0,0.49999999999999994,0.0,0,20,3780.0
8748.0,0.49999999999999994,0.0,0,20,3780.0
8749.0,0.49999999999999994,0.0,0,20,3780.0
8750.0,0.49999999999999994,0.0,0,20,3780.0
8751.0,0.49999999999999994,0.0,0,20,3780.0
8752.0,0.49999999999999994,0.0,0,20,3780.0
8753.0,0.49999999999999994,0.0,0,20,3780.0
8754.0,0.49999999999999994,0.0,0,20,3780.0
8755.0,0.49999999999999994,0.0,0,20,3780.0
8756.0,0.49999999999999994,0.0,0,20,3780.0
8757.0,0.49999999999999994,0.0,0,20,3780.0
8758.0,0.49999999999999994,0.0,0,20,3780.0
8759.0,0.49999999999999994,0.0,0,20,3780.0
8760.0,0.49999999999999994,0.0,0,20,3780.0
8761.0,0.49999999999999994,0.0,0,20,3780.0
8762.0,0.49999999999999994,0.0,0,20,3780.0
8763.0,0.49999999999999994,0.0,0,20,3780.0
8764.0,0.49999999999999994,0.0,0,20,3780.0
8765.0,0.49999999999999994,0.0,0,20,3780.0
8766.0,0.49999999999999994,0.0,0,20,3780.0
8767.0,0.49999999999999994,0.0,0,20,3780.0
8768.0,0.49999999999999994,0.0,0,20,3780.0
8769.0,0.49999999999999994,0.0,0,20,3780.0
8770.0,0.49999999999999994,0.0,0,20,3780.0
8771.0,0.49999999999999994,0.0,0,20,3780.0
8772.0,0.49999999999999994,0.0,0,20,3780.0
8773.0,0.49999999999999994,0.0,0,20,3780.0
8774.0,0.49999999999999994,0.0,0,20,3780.0
8775.0,0.49999999999999994,0.0,0,20,3780.0
8776.0,0.49999999999999994,0.0,0,20,3780.0
8777.0,0.49999999999999994,0.0,0,20,3780.0
8778.0,0.49999999999999994,0.0,0,20,3780.0
8779.0,0.49999999999999994,0.0,0,20,3780.0
8780.0,0.49999999999999994,0.0,0,20,3780.0
8781.0,0.49999999999999994,0.0,0,20,3780.0
8782.0,0.49999999999999994,0.0,0,20,3780.0
8783.0,0.49999999999999994,0.0,0,20,3780.0
8784.0,0.49999999999999994,0.0,0,20,3780.0
8785.0,0.49999999999999994,0.0,0,20,3780.0
8786.0,0.49999999999999994,0.0,0,20,3780.0
8787.0,0.49999999999999994,0.0,0,20,3780.0
8788.0,0.49999999999999994,0.0,0,20,3780.0
8789.0,0.49999999999999994,0.0,0,20,3780.0
8790.0,0.49999999999999994,0.0,0,20,3780.0
8791.0,0.49999999999999994,0.0,0,20,3780.0
8792.0,0.49999999999999994,0.0,0,20,3780.0
8793.0,0.49999999999999994,0.0,0,20,3780.0
8794.0,0.49999999999999994,0.0,0,20,3780.0
8795.0,0.49999999999999994,0.0,0,20,3780.0
8796.0,0.49999999999999994,0.0,0,20,3780.0
8797.0,0.49999999999999994,0.0,0,20,3780.0
8798.0,0.49999999999999994,0.0,0,20,3780.0
8799.0,0.49999999999999994,0.0,0,20,3780.0
8800.0,0.49999999999999994,0.0,0,20,3780.0
8801.0,0.49999999999999994,0.0,0,20,3780.0
8802.0,0.49999999999999994,0.0,0,20,3780.0
8803.0,0.49999999999999994,0.0,0,20,3780.0
8804.0,0.49999999999999994,0.0,0,20,3780.0
8805.0,0.49999999999999994,0.0,0,20,3780.0
8806.0,0.49999999999999994,0.0,0,20,3780.0
8807.0,0.49999999999999994,0.0,0,20,3780.0
8808.0,0.49999999999999994,0.0,0,20,3780.0
8809.0,0.49999999999999994,0.0,0,20,3780.0
8810.0,0.49999999999999994,0.0,0,20,3780.0
8811.0,0.49999999999999994,0.0,0,20,3780.0
8812.0,0.49999999999999994,0.0,0,20,3780.0
8813.0,0.49999999999999994,0.0,0,20,3780.0
8814.0,0.49999999999999994,0.0,0,20,3780.0
8815.0,0.49999999999999994,0.0,0,20,3780.0
8816.0,0.49999999999999994,0.0,0,20,3780.0
8817.0,0.49999999999999994,0.0,0,20,3780.0
8818.0,0.49999999999999994,0.0,0,20,3780.0
8819.0,0.49999999999999994,0.0,0,20,3780.0
8820.0,0.49999999999999994,0.0,0,20,3780.0
8821.0,0.49999999999999994,0.0,0,20,3780.0
8822.0,0.49999999999999994,0.0,0,20,3780.0
8823.0,0.49999999999999994,0.0,0,20,3780.0
8824.0,0.49999999999999994,0.0,0,20,3780.0
8825.0,0.49999999999999994,0.0,0,20,3780.0
8826.0,0.49999999999999994,0.0,0,20,3780.0
8827.0,0.49999999999999994,0.0,0,20,3780.0
8828.0,0.49999999999999994,0.0,0,20,3780.0
8829.0,0.49999999999999994,0.0,0,20,3780.0
8830.0,0.49999999999999994,0.0,0,20,3780.0
8831.0,0.49999999999999994,0.0,0,20,3780.0
8832.0,0.49999999999999994,0.0,0,20,3780.0
8833.0,0.49999999999999994,0.0,0,20,3780.0
8834.0,0.49999999999999994,0.0,0,20,3780.0
8835.0,0.49999999999999994,0.0,0,20,3780.0
8836.0,0.49999999999999994,0.0,0,20,3780.0
8837.0,0.49999999999999994,0.0,0,20,3780.0
8838.0,0.49999999999999994,0.0,0,20,3780.0
8839.0,0.49999999999999994,0.0,0,20,3780.0
8840.0,0.49999999999999994,0.0,0,20,3780.0
8841.0,0.49999999999999994,0.0,0,20,3780.0
8842.0,0.49999999999999994,0.0,0,20,3780.0
8843.0,0.49999999999999994,0.0,0,20,3780.0
8844.0,0.49999999999999994,0.0,0,20,3780.0
8845.0,0.49999999999999994,0.0,0,20,3780.0
8846.0,0.49999999999999994,0.0,0,20,3780.0
8847.0,0.49999999999999994,0.0,0,20,3780.0
8848.0,0.49999999999999994,0.0,0,20,3780.0
8849.0,0.49999999999999994,0.0,0,20,3780.0
8850.0,0.49999999999999994,0.0,0,20,3780.0
8851.0,0.49999999999999994,0.0,0,20,3780.0
8852.0,0.49999999999999994,0.0,0,20,3780.0
8853.0,0.49999999999999994,0.0,0,20,3780.0
8854.0,0.49999999999999994,0.0,0,20,3780.0
8855.0,0.49999999999999994,0.0,0,20,3780.0
8856.0,0.49999999999999994,0.0,0,20,3780.0
8857.0,0.49999999999999994,0.0,0,20,3780.0
8858.0,0.49999999999999994,0.0,0,20,3780.0
8859.0,0.49999999999999994,0.0,0,20,3780.0
8860.0,0.49999999999999994,0.0,0,20,3780.0
8861.0,0.49999999999999994,0.0,0,20,3780.0
8862.0,0.49999999999999994,0.0,0,20,3780.0
8863.0,0.49999999999999994,0.0,0,20,3780.0
8864.0,0.49999999999999994,0.0,0,20,3780.0
8865.0,0.49999999999999994,0.0,0,20,3780.0
8866.0,0.49999999999999994,0.0,0,20,3780.0
8867.0,0.49999999999999994,0.0,0,20,3780.0
8868.0,0.49999999999999994,0.0,0,20,3780.0
8869.0,0.49999999999999994,0.0,0,20,3780.0
8870.0,0.49999999999999994,0.0,0,20,3780.0
8871.0,0.49999999999999994,0.0,0,20,3780.0
8872.0,0.49999999999999994,0.0,0,20,3780.0
8873.0,0.49999999999999994,0.0,0,20,3780.0
8874.0,0.49999999999999994,0.0,0,20,3780.0
8875.0,0.49999999999999994,0.0,0,20,3780.0
8876.0,0.49999999999999994,0.0,0,20,3780.0
8877.0,0.49999999999999994,0.0,0,20,3780.0
8878.0,0.49999999999999994,0.0,0,20,3780.0
8879.0,0.49999999999999994,0.0,0,20,3780.0
8880.0,0.49999999999999994,0.0,0,20,3780.0
8881.0,0.49999999999999994,0.0,0,20,3780.0
8882.0,0.49999999999999994,0.0,0,20,3780.0
8883.0,0.49999999999999994,0.0,0,20,3780.0
8884.0,0.49999999999999994,0.0,0,20,3780.0
8885.0,0.49999999999999994,0.0,0,20,3780.0
8886.0,0.49999999999999994,0.0,0,20,3780.0
8887.0,0.49999999999999994,0.0,0,20,3780.0
8888.0,0.49999999999999994,0.0,0,20,3780.0
8889.0,0.49999999999999994,0.0,0,20,3780.0
8890.0,0.49999999999999994,0.0,0,20,3780.0
8891.0,0.49999999999999994,0.0,0,20,3780.0
8892.0,0.49999999999999994,0.0,0,20,3780.0
8893.0,0.49999999999999994,0.0,0,20,3780.0
8894.0,0.49999999999999994,0.0,0,20,3780.0
8895.0,0.49999999999999994,0.0,0,20,3780.0
8896.0,0.49999999999999994,0.0,0,20,3780.0
8897.0,0.49999999999999994,0.0,0,20,3780.0
8898.0,0.49999999999999994,0.0,0,20,3780.0
8899.0,0.49999999999999994,0.0,0,20,3780.0
8900.0,0.49999999999999994,0.0,0,20,3780.0
8901.0,0.49999999999999994,0.0,0,20,3780.0
8902.0,0.49999999999999994,0.0,0,20,3780.0
8903.0,0.49999999999999994,0.0,0,20,3780.0
8904.0,0.49999999999999994,0.0,0,20,3780.0
8905.0,0.49999999999999994,0.0,0,20,3780.0
8906.0,0.49999999999999994,0.0,0,20,3780.0
8907.0,0.49999999999999994,0.0,0,20,3780.0
8908.0,0.49999999999999994,0.0,0,20,3780.0
8909.0,0.49999999999999994,0.0,0,20,3780.0
8910.0,0.49999999999999994,0.0,0,20,3780.0
8911.0,0.49999999999999994,0.0,0,20,3780.0
8912.0,0.49999999999999994,0.0,0,20,3780.0
8913.0,0.49999999999999994,0.0,0,20,3780.0
8914.0,0.49999999999999994,0.0,0,20,3780.0
8915.0,0.49999999999999994,0.0,0,20,3780.0
8916.0,0.49999999999999994,0.0,0,20,3780.0
8917.0,0.49999999999999994,0.0,0,20,3780.0
8918.0,0.49999999999999994,0.0,0,20,3780.0
8919.0,0.49999999999999994,0.0,0,20,3780.0
8920.0,0.49999999999999994,0.0,0,20,3780.0
8921.0,0.49999999999999994,0.0,0,20,3780.0
8922.0,0.49999999999999994,0.0,0,20,3780.0
8923.0,0.49999999999999994,0.0,0,20,3780.0
8924.0,0.49999999999999994,0.0,0,20,3780.0
8925.0,0.49999999999999994,0.0,0,20,3780.0
8926.0,0.49999999999999994,0.0,0,20,3780.0
8927.0,0.49999999999999994,0.0,0,20,3780.0
8928.0,0.49999999999999994,0.0,0,20,3780.0
8929.0,0.49999999999999994,0.0,0,20,3780.0
8930.0,0.49999999999999994,0.0,0,20,3780.0
8931.0,0.49999999999999994,0.0,0,20,3780.0
8932.0,0.49999999999999994,0.0,0,20,3780.0
8933.0,0.49999999999999994,0.0,0,20,3780.0
8934.0,0.49999999999999994,0.0,0,20,3780.0
8935.0,0.49999999999999994,0.0,0,20,3780.0
8936.0,0.49999999999999994,0.0,0,20,3780.0
8937.0,0.49999999999999994,0.0,0,20,3780.0
8938.0,0.49999999999999994,0.0,0,20,3780.0
8939.0,0.49999999999999994,0.0,0,20,3780.0
8940.0,0.49999999999999994,0.0,0,20,3780.0
8941.0,0.49999999999999994,0.0,0,20,3780.0
8942.0,0.49999999999999994,0.0,0,20,3780.0
8943.0,0.49999999999999994,0.0,0,20,3780.0
8944.0,0.49999999999999994,0.0,0,20,3780.0
8945.0,0.49999999999999994,0.0,0,20,3780.0
8946.0,0.49999999999999994,0.0,0,20,3780.0
8947.0,0.49999999999999994,0.0,0,20,3780.0
8948.0,0.49999999999999994,0.0,0,20,3780.0
8949.0,0.49999999999999994,0.0,0,20,3780.0
8950.0,0.49999999999999994,0.0,0,20,3780.0
8951.0,0.49999999999999994,0.0,0,20,3780.0
8952.0,0.49999999999999994,0.0,0,20,3780.0
8953.0,0.49999999999999994,0.0,0,20,3780.0
8954.0,0.49999999999999994,0.0,0,20,3780.0
8955.0,0.49999999999999994,0.0,0,20,3780.0
8956.0,0.49999999999999994,0.0,0,20,3780.0
8957.0,0.49999999999999994,0.0,0,20,3780.0
8958.0,0.49999999999999994,0.0,0,20,3780.0
8959.0,0.49999999999999994,0.0,0,20,3780.0
8960.0,0.49999999999999994,0.0,0,20,3780.0
8961.0,0.49999999999999994,0.0,0,20,3780.0
8962.0,0.49999999999999994,0.0,0,20,3780.0
8963.0,0.49999999999999994,0.0,0,20,3780.0
8964.0,0.49999999999999994,0.0,0,20,3780.0
8965.0,0.49999999999999994,0.0,0,20,3780.0
8966.0,0.49999999999999994,0.0,0,20,3780.0
8967.0,0.49999999999999994,0.0,0,20,3780.0
8968.0,0.49999999999999994,0.0,0,20,3780.0
8969.0,0.49999999999999994,0.0,0,20,3780.0
8970.0,0.49999999999999994,0.0,0,20,3780.0
8971.0,0.49999999999999994,0.0,0,20,3780.0
8972.0,0.49999999999999994,0.0,0,20,3780.0
8973.0,0.49999999999999994,0.0,0,20,3780.0
8974.0,0.49999999999999994,0.0,0,20,3780.0
8975.0,0.49999999999999994,0.0,0,20,3780.0
8976.0,0.49999999999999994,0.0,0,20,3780.0
8977.0,0.49999999999999994,0.0,0,20,3780.0
8978.0,0.49999999999999994,0.0,0,20,3780.0
8979.0,0.49999999999999994,0.0,0,20,3780.0
8980.0,0.49999999999999994,0.0,0,20,3780.0
8981.0,0.49999999999999994,0.0,0,20,3780.0
8982.0,0.49999999999999994,0.0,0,20,3780.0
8983.0,0.49999999999999994,0.0,0,20,3780.0
8984.0,0.49999999999999994,0.0,0,20,3780.0
8985.0,0.49999999999999994,0.0,0,20,3780.0
8986.0,0.49999999999999994,0.0,0,20,3780.0
8987.0,0.49999999999999994,0.0,0,20,3780.0
8988.0,0.49999999999999994,0.0,0,20,3780.0
8989.0,0.49999999999999994,0.0,0,20,3780.0
8990.0,0.49999999999999994,0.0,0,20,3780.0
8991.0,0.49999999999999994,0.0,0,20,3780.0
8992.0,0.49999999999999994,0.0,0,20,3780.0
8993.0,0.49999999999999994,0.0,0,20,3780.0
8994.0,0.49999999999999994,0.0,0,20,3780.0
8995.0,0.49999999999999994,0.0,0,20,3780.0
8996.0,0.49999999999999994,0.0,0,20,3780.0
8997.0,0.49999999999999994,0.0,0,20,3780.0
8998.0,0.49999999999999994,0.0,0,20,3780.0
8999.0,0.49999999999999994,0.0,0,20,3780.0
9000.0,0.49999999999999994,0.0,0,20,3780.0
9001.0,0.49999999999999994,0.0,0,20,3780.0
9002.0,0.49999999999999994,0.0,0,20,3780.0
9003.0,0.49999999999999994,0.0,0,20,3780.0
9004.0,0.49999999999999994,0.0,0,20,3780.0
9005.0,0.49999999999999994,0.0,0,20,3780.0
9006.0,0.49999999999999994,0.0,0,20,3780.0
9007.0,0.49999999999999994,0.0,0,20,3780.0
9008.0,0.49999999999999994,0.0,0,20,3780.0
9009.0,0.49999999999999994,0.0,0,20,3780.0
9010.0,0.49999999999999994,0.0,0,20,3780.0
9011.0,0.49999999999999994,0.0,0,20,3780.0
9012.0,0.49999999999999994,0.0,0,20,3780.0
9013.0,0.49999999999999994,0.0,0,20,3780.0
9014.0,0.49999999999999994,0.0,0,20,3780.0
9015.0,0.49999999999999994,0.0,0,20,3780.0
9016.0,0.49999999999999994,0.0,0,20,3780.0
9017.0,0.49999999999999994,0.0,0,20,3780.0
9018.0,0.49999999999999994,0.0,0,20,3780.0
9019.0,0.49999999999999994,0.0,0,20,3780.0
9020.0,0.49999999999999994,0.0,0,20,3780.0
9021.0,0.49999999999999994,0.0,0,20,3780.0
9022.0,0.49999999999999994,0.0,0,20,3780.0
9023.0,0.49999999999999994,0.0,0,20,3780.0
9024.0,0.49999999999999994,0.0,0,20,3780.0
9025.0,0.49999999999999994,0.0,0,20,3780.0
9026.0,0.49999999999999994,0.0,0,20,3780.0
9027.0,0.49999999999999994,0.0,0,20,3780.0
9028.0,0.49999999999999994,0.0,0,20,3780.0
9029.0,0.49999999999999994,0.0,0,20,3780.0
9030.0,0.49999999999999994,0.0,0,20,3780.0
9031.0,0.49999999999999994,0.0,0,20,3780.0
9032.0,0.49999999999999994,0.0,0,20,3780.0
9033.0,0.49999999999999994,0.0,0,20,3780.0
9034.0,0.49999999999999994,0.0,0,20,3780.0
9035.0,0.49999999999999994,0.0,0,20,3780.0
9036.0,0.49999999999999994,0.0,0,20,3780.0
9037.0,0.49999999999999994,0.0,0,20,3780.0
9038.0,0.49999999999999994,0.0,0,20,3780.0
9039.0,0.49999999999999994,0.0,0,20,3780.0
9040.0,0.49999999999999994,0.0,0,20,3780.0
9041.0,0.49999999999999994,0.0,0,20,3780.0
9042.0,0.49999999999999994,0.0,0,20,3780.0
9043.0,0.49999999999999994,0.0,0,20,3780.0
9044.0,0.49999999999999994,0.0,0,20,3780.0
9045.0,0.49999999999999994,0.0,0,20,3780.0
9046.0,0.49999999999999994,0.0,0,20,3780.0
9047.0,0.49999999999999994,0.0,0,20,3780.0
9048.0,0.49999999999999994,0.0,0,20,3780.0
9049.0,0.49999999999999994,0.0,0,20,3780.0
9050.0,0.49999999999999994,0.0,0,20,3780.0
9051.0,0.49999999999999994,0.0,0,20,3780.0
9052.0,0.49999999999999994,0.0,0,20,3780.0
9053.0,0.49999999999999994,0.0,0,20,3780.0
9054.0,0.49999999999999994,0.0,0,20,3780.0
9055.0,0.49999999999999994,0.0,0,20,3780.0
9056.0,0.49999999999999994,0.0,0,20,3780.0
9057.0,0.49999999999999994,0.0,0,20,3780.0
9058.0,0.49999999999999994,0.0,0,20,3780.0
9059.0,0.49999999999999994,0.0,0,20,3780.0
9060.0,0.49999999999999994,0.0,0,20,3780.0
9061.0,0.49999999999999994,0.0,0,20,3780.0
9062.0,0.49999999999999994,0.0,0,20,3780.0
9063.0,0.49999999999999994,0.0,0,20,3780.0
9064.0,0.49999999999999994,0.0,0,20,3780.0
9065.0,0.49999999999999994,0.0,0,20,3780.0
9066.0,0.49999999999999994,0.0,0,20,3780.0
9067.0,0.49999999999999994,0.0,0,20,3780.0
9068.0,0.49999999999999994,0.0,0,20,3780.0
9069.0,0.49999999999999994,0.0,0,20,3780.0
9070.0,0.49999999999999994,0.0,0,20,3780.0
9071.0,0.49999999999999994,0.0,0,20,3780.0
9072.0,0.49999999999999994,0.0,0,20,3780.0
9073.0,0.49999999999999994,0.0,0,20,3780.0
9074.0,0.49999999999999994,0.0,0,20,3780.0
9075.0,0.49999999999999994,0.0,0,20,3780.0
9076.0,0.49999999999999994,0.0,0,20,3780.0
9077.0,0.49999999999999994,0.0,0,20,3780.0
9078.0,0.49999999999999994,0.0,0,20,3780.0
9079.0,0.49999999999999994,0.0,0,20,3780.0
9080.0,0.49999999999999994,0.0,0,20,3780.0
9081.0,0.49999999999999994,0.0,0,20,3780.0
9082.0,0.49999999999999994,0.0,0,20,3780.0
9083.0,0.49999999999999994,0.0,0,20,3780.0
9084.0,0.49999999999999994,0.0,0,20,3780.0
9085.0,0.49999999999999994,0.0,0,20,3780.0
9086.0,0.49999999999999994,0.0,0,20,3780.0
9087.0,0.49999999999999994,0.0,0,20,3780.0
9088.0,0.49999999999999994,0.0,0,20,3780.0
9089.0,0.49999999999999994,0.0,0,20,3780.0
9090.0,0.49999999999999994,0.0,0,20,3780.0
9091.0,0.49999999999999994,0.0,0,20,3780.0
9092.0,0.49999999999999994,0.0,0,20,3780.0
9093.0,0.49999999999999994,0.0,0,20,3780.0
9094.0,0.49999999999999994,0.0,0,20,3780.0
9095.0,0.49999999999999994,0.0,0,20,3780.0
9096.0,0.49999999999999994,0.0,0,20,3780.0
9097.0,0.49999999999999994,0.0,0,20,3780.0
9098.0,0.49999999999999994,0.0,0,20,3780.0
9099.0,0.49999999999999994,0.0,0,20,3780.0
9100.0,0.49999999999999994,0.0,0,20,3780.0
9101.0,0.49999999999999994,0.0,0,20,3780.0
9102.0,0.49999999999999994,0.0,0,20,3780.0
9103.0,0.49999999999999994,0.0,0,20,3780.0
9104.0,0.49999999999999994,0.0,0,20,3780.0
9105.0,0.49999999999999994,0.0,0,20,3780.0
9106.0,0.49999999999999994,0.0,0,20,3780.0
9107.0,0.49999999999999994,0.0,0,20,3780.0
9108.0,0.49999999999999994,0.0,0,20,3780.0
9109.0,0.49999999999999994,0.0,0,20,3780.0
9110.0,0.49999999999999994,0.0,0,20,3780.0
9111.0,0.49999999999999994,0.0,0,20,3780.0
9112.0,0.49999999999999994,0.0,0,20,3780.0
9113.0,0.49999999999999994,0.0,0,20,3780.0
9114.0,0.49999999999999994,0.0,0,20,3780.0
9115.0,0.49999999999999994,0.0,0,20,3780.0
9116.0,0.49999999999999994,0.0,0,20,3780.0
9117.0,0.49999999999999994,0.0,0,20,3780.0
9118.0,0.49999999999999994,0.0,0,20,3780.0
9119.0,0.49999999999999994,0.0,0,20,3780.0
9120.0,0.49999999999999994,0.0,0,20,3780.0
9121.0,0.49999999999999994,0.0,0,20,3780.0
9122.0,0.49999999999999994,0.0,0,20,3780.0
9123.0,0.49999999999999994,0.0,0,20,3780.0
9124.0,0.49999999999999994,0.0,0,20,3780.0
9125.0,0.49999999999999994,0.0,0,20,3780.0
9126.0,0.49999999999999994,0.0,0,20,3780.0
9127.0,0.49999999999999994,0.0,0,20,3780.0
9128.0,0.49999999999999994,0.0,0,20,3780.0
9129.0,0.49999999999999994,0.0,0,20,3780.0
9130.0,0.49999999999999994,0.0,0,20,3780.0
9131.0,0.49999999999999994,0.0,0,20,3780.0
9132.0,0.49999999999999994,0.0,0,20,3780.0
9133.0,0.49999999999999994,0.0,0,20,3780.0
9134.0,0.49999999999999994,0.0,0,20,3780.0
9135.0,0.49999999999999994,0.0,0,20,3780.0
9136.0,0.49999999999999994,0.0,0,20,3780.0
9137.0,0.49999999999999994,0.0,0,20,3780.0
9138.0,0.49999999999999994,0.0,0,20,3780.0
9139.0,0.49999999999999994,0.0,0,20,3780.0
9140.0,0.49999999999999994,0.0,0,20,3780.0
9141.0,0.49999999999999994,0.0,0,20,3780.0
9142.0,0.49999999999999994,0.0,0,20,3780.0
9143.0,0.49999999999999994,0.0,0,20,3780.0
9144.0,0.49999999999999994,0.0,0,20,3780.0
9145.0,0.49999999999999994,0.0,0,20,3780.0
9146.0,0.49999999999999994,0.0,0,20,3780.0
9147.0,0.49999999999999994,0.0,0,20,3780.0
9148.0,0.49999999999999994,0.0,0,20,3780.0
9149.0,0.49999999999999994,0.0,0,20,3780.0
9150.0,0.49999999999999994,0.0,0,20,3780.0
9151.0,0.49999999999999994,0.0,0,20,3780.0
9152.0,0.49999999999999994,0.0,0,20,3780.0
9153.0,0.49999999999999994,0.0,0,20,3780.0
9154.0,0.49999999999999994,0.0,0,20,3780.0
9155.0,0.49999999999999994,0.0,0,20,3780.0
9156.0,0.49999999999999994,0.0,0,20,3780.0
9157.0,0.49999999999999994,0.0,0,20,3780.0
9158.0,0.49999999999999994,0.0,0,20,3780.0
9159.0,0.49999999999999994,0.0,0,20,3780.0
9160.0,0.49999999999999994,0.0,0,20,3780.0
9161.0,0.49999999999999994,0.0,0,20,3780.0
9162.0,0.49999999999999994,0.0,0,20,3780.0
9163.0,0.49999999999999994,0.0,0,20,3780.0
9164.0,0.49999999999999994,0.0,0,20,3780.0
9165.0,0.49999999999999994,0.0,0,20,3780.0
9166.0,0.49999999999999994,0.0,0,20,3780.0
9167.0,0.49999999999999994,0.0,0,20,3780.0
9168.0,0.49999999999999994,0.0,0,20,3780.0
9169.0,0.49999999999999994,0.0,0,20,3780.0
9170.0,0.49999999999999994,0.0,0,20,3780.0
9171.0,0.49999999999999994,0.0,0,20,3780.0
9172.0,0.49999999999999994,0.0,0,20,3780.0
9173.0,0.49999999999999994,0.0,0,20,3780.0
9174.0,0.49999999999999994,0.0,0,20,3780.0
9175.0,0.49999999999999994,0.0,0,20,3780.0
9176.0,0.49999999999999994,0.0,0,20,3780.0
9177.0,0.49999999999999994,0.0,0,20,3780.0
9178.0,0.49999999999999994,0.0,0,20,3780.0
9179.0,0.49999999999999994,0.0,0,20,3780.0
9180.0,0.49999999999999994,0.0,0,20,3780.0
9181.0,0.49999999999999994,0.0,0,20,3780.0
9182.0,0.49999999999999994,0.0,0,20,3780.0
9183.0,0.49999999999999994,0.0,0,20,3780.0
9184.0,0.49999999999999994,0.0,0,20,3780.0
9185.0,0.49999999999999994,0.0,0,20,3780.0
9186.0,0.49999999999999994,0.0,0,20,3780.0
9187.0,0.49999999999999994,0.0,0,20,3780.0
9188.0,0.49999999999999994,0.0,0,20,3780.0
9189.0,0.49999999999999994,0.0,0,20,3780.0
9190.0,0.49999999999999994,0.0,0,20,3780.0
9191.0,0.49999999999999994,0.0,0,20,3780.0
9192.0,0.49999999999999994,0.0,0,20,3780.0
9193.0,0.49999999999999994,0.0,0,20,3780.0
9194.0,0.49999999999999994,0.0,0,20,3780.0
9195.0,0.49999999999999994,0.0,0,20,3780.0
9196.0,0.49999999999999994,0.0,0,20,3780.0
9197.0,0.49999999999999994,0.0,0,20,3780.0
9198.0,0.49999999999999994,0.0,0,20,3780.0
9199.0,0.49999999999999994,0.0,0,20,3780.0
9200.0,0.49999999999999994,0.0,0,20,3780.0
9201.0,0.49999999999999994,0.0,0,20,3780.0
9202.0,0.49999999999999994,0.0,0,20,3780.0
9203.0,0.49999999999999994,0.0,0,20,3780.0
9204.0,0.49999999999999994,0.0,0,20,3780.0
9205.0,0.49999999999999994,0.0,0,20,3780.0
9206.0,0.49999999999999994,0.0,0,20,3780.0
9207.0,0.49999999999999994,0.0,0,20,3780.0
9208.0,0.49999999999999994,0.0,0,20,3780.0
9209.0,0.49999999999999994,0.0,0,20,3780.0
9210.0,0.49999999999999994,0.0,0,20,3780.0
9211.0,0.49999999999999994,0.0,0,20,3780.0
9212.0,0.49999999999999994,0.0,0,20,3780.0
9213.0,0.49999999999999994,0.0,0,20,3780.0
9214.0,0.49999999999999994,0.0,0,20,3780.0
9215.0,0.49999999999999994,0.0,0,20,3780.0
9216.0,0.49999999999999994,0.0,0,20,3780.0
9217.0,0.49999999999999994,0.0,0,20,3780.0
9218.0,0.49999999999999994,0.0,0,20,3780.0
9219.0,0.49999999999999994,0.0,0,20,3780.0
9220.0,0.49999999999999994,0.0,0,20,3780.0
9221.0,0.49999999999999994,0.0,0,20,3780.0
9222.0,0.49999999999999994,0.0,0,20,3780.0
9223.0,0.49999999999999994,0.0,0,20,3780.0
9224.0,0.49999999999999994,0.0,0,20,3780.0
9225.0,0.49999999999999994,0.0,0,20,3780.0
9226.0,0.49999999999999994,0.0,0,20,3780.0
9227.0,0.49999999999999994,0.0,0,20,3780.0
9228.0,0.49999999999999994,0.0,0,20,3780.0
9229.0,0.49999999999999994,0.0,0,20,3780.0
9230.0,0.49999999999999994,0.0,0,20,3780.0
9231.0,0.49999999999999994,0.0,0,20,3780.0
9232.0,0.49999999999999994,0.0,0,20,3780.0
9233.0,0.49999999999999994,0.0,0,20,3780.0
9234.0,0.49999999999999994,0.0,0,20,3780.0
9235.0,0.49999999999999994,0.0,0,20,3780.0
9236.0,0.49999999999999994,0.0,0,20,3780.0
9237.0,0.49999999999999994,0.0,0,20,3780.0
9238.0,0.49999999999999994,0.0,0,20,3780.0
9239.0,0.49999999999999994,0.0,0,20,3780.0
9240.0,0.49999999999999994,0.0,0,20,3780.0
9241.0,0.49999999999999994,0.0,0,20,3780.0
9242.0,0.49999999999999994,0.0,0,20,3780.0
9243.0,0.49999999999999994,0.0,0,20,3780.0
9244.0,0.49999999999999994,0.0,0,20,3780.0
9245.0,0.49999999999999994,0.0,0,20,3780.0
9246.0,0.49999999999999994,0.0,0,20,3780.0
9247.0,0.49999999999999994,0.0,0,20,3780.0
9248.0,0.49999999999999994,0.0,0,20,3780.0
9249.0,0.49999999999999994,0.0,0,20,3780.0
9250.0,0.49999999999999994,0.0,0,20,3780.0
9251.0,0.49999999999999994,0.0,0,20,3780.0
9252.0,0.49999999999999994,0.0,0,20,3780.0
9253.0,0.49999999999999994,0.0,0,20,3780.0
9254.0,0.49999999999999994,0.0,0,20,3780.0
9255.0,0.49999999999999994,0.0,0,20,3780.0
9256.0,0.49999999999999994,0.0,0,20,3780.0
9257.0,0.49999999999999994,0.0,0,20,3780.0
9258.0,0.49999999999999994,0.0,0,20,3780.0
9259.0,0.49999999999999994,0.0,0,20,3780.0
9260.0,0.49999999999999994,0.0,0,20,3780.0
9261.0,0.49999999999999994,0.0,0,20,3780.0
9262.0,0.49999999999999994,0.0,0,20,3780.0
9263.0,0.49999999999999994,0.0,0,20,3780.0
9264.0,0.49999999999999994,0.0,0,20,3780.0
9265.0,0.49999999999999994,0.0,0,20,3780.0
9266.0,0.49999999999999994,0.0,0,20,3780.0
9267.0,0.49999999999999994,0.0,0,20,3780.0
9268.0,0.49999999999999994,0.0,0,20,3780.0
9269.0,0.49999999999999994,0.0,0,20,3780.0
9270.0,0.49999999999999994,0.0,0,20,3780.0
9271.0,0.49999999999999994,0.0,0,20,3780.0
9272.0,0.49999999999999994,0.0,0,20,3780.0
9273.0,0.49999999999999994,0.0,0,20,3780.0
9274.0,0.49999999999999994,0.0,0,20,3780.0
9275.0,0.49999999999999994,0.0,0,20,3780.0
9276.0,0.49999999999999994,0.0,0,20,3780.0
9277.0,0.49999999999999994,0.0,0,20,3780.0
9278.0,0.49999999999999994,0.0,0,20,3780.0
9279.0,0.49999999999999994,0.0,0,20,3780.0
9280.0,0.49999999999999994,0.0,0,20,3780.0
9281.0,0.49999999999999994,0.0,0,20,3780.0
9282.0,0.49999999999999994,0.0,0,20,3780.0
9283.0,0.49999999999999994,0.0,0,20,3780.0
9284.0,0.49999999999999994,0.0,0,20,3780.0
9285.0,0.49999999999999994,0.0,0,20,3780.0
9286.0,0.49999999999999994,0.0,0,20,3780.0
9287.0,0.49999999999999994,0.0,0,20,3780.0
9288.0,0.49999999999999994,0.0,0,20,3780.0
9289.0,0.49999999999999994,0.0,0,20,3780.0
9290.0,0.49999999999999994,0.0,0,20,3780.0
9291.0,0.49999999999999994,0.0,0,20,3780.0
9292.0,0.49999999999999994,0.0,0,20,3780.0
9293.0,0.49999999999999994,0.0,0,20,3780.0
9294.0,0.49999999999999994,0.0,0,20,3780.0
9295.0,0.49999999999999994,0.0,0,20,3780.0
9296.0,0.49999999999999994,0.0,0,20,3780.0
9297.0,0.49999999999999994,0.0,0,20,3780.0
9298.0,0.49999999999999994,0.0,0,20,3780.0
9299.0,0.49999999999999994,0.0,0,20,3780.0
9300.0,0.49999999999999994,0.0,0,20,3780.0
9301.0,0.49999999999999994,0.0,0,20,3780.0
9302.0,0.49999999999999994,0.0,0,20,3780.0
9303.0,0.49999999999999994,0.0,0,20,3780.0
9304.0,0.49999999999999994,0.0,0,20,3780.0
9305.0,0.49999999999999994,0.0,0,20,3780.0
9306.0,0.49999999999999994,0.0,0,20,3780.0
9307.0,0.49999999999999994,0.0,0,20,3780.0
9308.0,0.49999999999999994,0.0,0,20,3780.0
9309.0,0.49999999999999994,0.0,0,20,3780.0
9310.0,0.49999999999999994,0.0,0,20,3780.0
9311.0,0.49999999999999994,0.0,0,20,3780.0
9312.0,0.49999999999999994,0.0,0,20,3780.0
9313.0,0.49999999999999994,0.0,0,20,3780.0
9314.0,0.49999999999999994,0.0,0,20,3780.0
9315.0,0.49999999999999994,0.0,0,20,3780.0
9316.0,0.49999999999999994,0.0,0,20,3780.0
9317.0,0.49999999999999994,0.0,0,20,3780.0
9318.0,0.49999999999999994,0.0,0,20,3780.0
9319.0,0.49999999999999994,0.0,0,20,3780.0
9320.0,0.49999999999999994,0.0,0,20,3780.0
9321.0,0.49999999999999994,0.0,0,20,3780.0
9322.0,0.49999999999999994,0.0,0,20,3780.0
9323.0,0.49999999999999994,0.0,0,20,3780.0
9324.0,0.49999999999999994,0.0,0,20,3780.0
9325.0,0.49999999999999994,0.0,0,20,3780.0
9326.0,0.49999999999999994,0.0,0,20,3780.0
9327.0,0.49999999999999994,0.0,0,20,3780.0
9328.0,0.49999999999999994,0.0,0,20,3780.0
9329.0,0.49999999999999994,0.0,0,20,3780.0
9330.0,0.49999999999999994,0.0,0,20,3780.0
9331.0,0.49999999999999994,0.0,0,20,3780.0
9332.0,0.49999999999999994,0.0,0,20,3780.0
9333.0,0.49999999999999994,0.0,0,20,3780.0
9334.0,0.49999999999999994,0.0,0,20,3780.0
9335.0,0.49999999999999994,0.0,0,20,3780.0
9336.0,0.49999999999999994,0.0,0,20,3780.0
9337.0,0.49999999999999994,0.0,0,20,3780.0
9338.0,0.49999999999999994,0.0,0,20,3780.0
9339.0,0.49999999999999994,0.0,0,20,3780.0
9340.0,0.49999999999999994,0.0,0,20,3780.0
9341.0,0.49999999999999994,0.0,0,20,3780.0
9342.0,0.49999999999999994,0.0,0,20,3780.0
9343.0,0.49999999999999994,0.0,0,20,3780.0
9344.0,0.49999999999999994,0.0,0,20,3780.0
9345.0,0.49999999999999994,0.0,0,20,3780.0
9346.0,0.49999999999999994,0.0,0,20,3780.0
9347.0,0.49999999999999994,0.0,0,20,3780.0
9348.0,0.49999999999999994,0.0,0,20,3780.0
9349.0,0.49999999999999994,0.0,0,20,3780.0
9350.0,0.49999999999999994,0.0,0,20,3780.0
9351.0,0.49999999999999994,0.0,0,20,3780.0
9352.0,0.49999999999999994,0.0,0,20,3780.0
9353.0,0.49999999999999994,0.0,0,20,3780.0
9354.0,0.49999999999999994,0.0,0,20,3780.0
9355.0,0.49999999999999994,0.0,0,20,3780.0
9356.0,0.49999999999999994,0.0,0,20,3780.0
9357.0,0.49999999999999994,0.0,0,20,3780.0
9358.0,0.49999999999999994,0.0,0,20,3780.0
9359.0,0.49999999999999994,0.0,0,20,3780.0
9360.0,0.49999999999999994,0.0,0,20,3780.0
9361.0,0.49999999999999994,0.0,0,20,3780.0
9362.0,0.49999999999999994,0.0,0,20,3780.0
9363.0,0.49999999999999994,0.0,0,20,3780.0
9364.0,0.49999999999999994,0.0,0,20,3780.0
9365.0,0.49999999999999994,0.0,0,20,3780.0
9366.0,0.49999999999999994,0.0,0,20,3780.0
9367.0,0.49999999999999994,0.0,0,20,3780.0
9368.0,0.49999999999999994,0.0,0,20,3780.0
9369.0,0.49999999999999994,0.0,0,20,3780.0
9370.0,0.49999999999999994,0.0,0,20,3780.0
9371.0,0.49999999999999994,0.0,0,20,3780.0
9372.0,0.49999999999999994,0.0,0,20,3780.0
9373.0,0.49999999999999994,0.0,0,20,3780.0
9374.0,0.49999999999999994,0.0,0,20,3780.0
9375.0,0.49999999999999994,0.0,0,20,3780.0
9376.0,0.49999999999999994,0.0,0,20,3780.0
9377.0,0.49999999999999994,0.0,0,20,3780.0
9378.0,0.49999999999999994,0.0,0,20,3780.0
9379.0,0.49999999999999994,0.0,0,20,3780.0
9380.0,0.49999999999999994,0.0,0,20,3780.0
9381.0,0.49999999999999994,0.0,0,20,3780.0
9382.0,0.49999999999999994,0.0,0,20,3780.0
9383.0,0.49999999999999994,0.0,0,20,3780.0
9384.0,0.49999999999999994,0.0,0,20,3780.0
9385.0,0.49999999999999994,0.0,0,20,3780.0
9386.0,0.49999999999999994,0.0,0,20,3780.0
9387.0,0.49999999999999994,0.0,0,20,3780.0
9388.0,0.49999999999999994,0.0,0,20,3780.0
9389.0,0.49999999999999994,0.0,0,20,3780.0
9390.0,0.49999999999999994,0.0,0,20,3780.0
9391.0,0.49999999999999994,0.0,0,20,3780.0
9392.0,0.49999999999999994,0.0,0,20,3780.0
9393.0,0.49999999999999994,0.0,0,20,3780.0
9394.0,0.49999999999999994,0.0,0,20,3780.0
9395.0,0.49999999999999994,0.0,0,20,3780.0
9396.0,0.49999999999999994,0.0,0,20,3780.0
9397.0,0.49999999999999994,0.0,0,20,3780.0
9398.0,0.49999999999999994,0.0,0,20,3780.0
9399.0,0.49999999999999994,0.0,0,20,3780.0
9400.0,0.49999999999999994,0.0,0,20,3780.0
9401.0,0.49999999999999994,0.0,0,20,3780.0
9402.0,0.49999999999999994,0.0,0,20,3780.0
9403.0,0.49999999999999994,0.0,0,20,3780.0
9404.0,0.49999999999999994,0.0,0,20,3780.0
9405.0,0.49999999999999994,0.0,0,20,3780.0
9406.0,0.49999999999999994,0.0,0,20,3780.0
9407.0,0.49999999999999994,0.0,0,20,3780.0
9408.0,0.49999999999999994,0.0,0,20,3780.0
9409.0,0.49999999999999994,0.0,0,20,3780.0
9410.0,0.49999999999999994,0.0,0,20,3780.0
9411.0,0.49999999999999994,0.0,0,20,3780.0
9412.0,0.49999999999999994,0.0,0,20,3780.0
9413.0,0.49999999999999994,0.0,0,20,3780.0
9414.0,0.49999999999999994,0.0,0,20,3780.0
9415.0,0.49999999999999994,0.0,0,20,3780.0
9416.0,0.49999999999999994,0.0,0,20,3780.0
9417.0,0.49999999999999994,0.0,0,20,3780.0
9418.0,0.49999999999999994,0.0,0,20,3780.0
9419.0,0.49999999999999994,0.0,0,20,3780.0
9420.0,0.49999999999999994,0.0,0,20,3780.0
9421.0,0.49999999999999994,0.0,0,20,3780.0
9422.0,0.49999999999999994,0.0,0,20,3780.0
9423.0,0.49999999999999994,0.0,0,20,3780.0
9424.0,0.49999999999999994,0.0,0,20,3780.0
9425.0,0.49999999999999994,0.0,0,20,3780.0
9426.0,0.49999999999999994,0.0,0,20,3780.0
9427.0,0.49999999999999994,0.0,0,20,3780.0
9428.0,0.49999999999999994,0.0,0,20,3780.0
9429.0,0.49999999999999994,0.0,0,20,3780.0
9430.0,0.49999999999999994,0.0,0,20,3780.0
9431.0,0.49999999999999994,0.0,0,20,3780.0
9432.0,0.49999999999999994,0.0,0,20,3780.0
9433.0,0.49999999999999994,0.0,0,20,3780.0
9434.0,0.49999999999999994,0.0,0,20,3780.0
9435.0,0.49999999999999994,0.0,0,20,3780.0
9436.0,0.49999999999999994,0.0,0,20,3780.0
9437.0,0.49999999999999994,0.0,0,20,3780.0
9438.0,0.49999999999999994,0.0,0,20,3780.0
9439.0,0.49999999999999994,0.0,0,20,3780.0
9440.0,0.49999999999999994,0.0,0,20,3780.0
9441.0,0.49999999999999994,0.0,0,20,3780.0
9442.0,0.49999999999999994,0.0,0,20,3780.0
9443.0,0.49999999999999994,0.0,0,20,3780.0
9444.0,0.49999999999999994,0.0,0,20,3780.0
9445.0,0.49999999999999994,0.0,0,20,3780.0
9446.0,0.49999999999999994,0.0,0,20,3780.0
9447.0,0.49999999999999994,0.0,0,20,3780.0
9448.0,0.49999999999999994,0.0,0,20,3780.0
9449.0,0.49999999999999994,0.0,0,20,3780.0
9450.0,0.49999999999999994,0.0,0,20,3780.0
9451.0,0.49999999999999994,0.0,0,20,3780.0
9452.0,0.49999999999999994,0.0,0,20,3780.0
9453.0,0.49999999999999994,0.0,0,20,3780.0
9454.0,0.49999999999999994,0.0,0,20,3780.0
9455.0,0.49999999999999994,0.0,0,20,3780.0
9456.0,0.49999999999999994,0.0,0,20,3780.0
9457.0,0.49999999999999994,0.0,0,20,3780.0
9458.0,0.49999999999999994,0.0,0,20,3780.0
9459.0,0.49999999999999994,0.0,0,20,3780.0
9460.0,0.49999999999999994,0.0,0,20,3780.0
9461.0,0.49999999999999994,0.0,0,20,3780.0
9462.0,0.49999999999999994,0.0,0,20,3780.0
9463.0,0.49999999999999994,0.0,0,20,3780.0
9464.0,0.49999999999999994,0.0,0,20,3780.0
9465.0,0.49999999999999994,0.0,0,20,3780.0
9466.0,0.49999999999999994,0.0,0,20,3780.0
9467.0,0.49999999999999994,0.0,0,20,3780.0
9468.0,0.49999999999999994,0.0,0,20,3780.0
9469.0,0.49999999999999994,0.0,0,20,3780.0
9470.0,0.49999999999999994,0.0,0,20,3780.0
9471.0,0.49999999999999994,0.0,0,20,3780.0
9472.0,0.49999999999999994,0.0,0,20,3780.0
9473.0,0.49999999999999994,0.0,0,20,3780.0
9474.0,0.49999999999999994,0.0,0,20,3780.0
9475.0,0.49999999999999994,0.0,0,20,3780.0
9476.0,0.49999999999999994,0.0,0,20,3780.0
9477.0,0.49999999999999994,0.0,0,20,3780.0
9478.0,0.49999999999999994,0.0,0,20,3780.0
9479.0,0.49999999999999994,0.0,0,20,3780.0
9480.0,0.49999999999999994,0.0,0,20,3780.0
9481.0,0.49999999999999994,0.0,0,20,3780.0
9482.0,0.49999999999999994,0.0,0,20,3780.0
9483.0,0.49999999999999994,0.0,0,20,3780.0
9484.0,0.49999999999999994,0.0,0,20,3780.0
9485.0,0.49999999999999994,0.0,0,20,3780.0
9486.0,0.49999999999999994,0.0,0,20,3780.0
9487.0,0.49999999999999994,0.0,0,20,3780.0
9488.0,0.49999999999999994,0.0,0,20,3780.0
9489.0,0.49999999999999994,0.0,0,20,3780.0
9490.0,0.49999999999999994,0.0,0,20,3780.0
9491.0,0.49999999999999994,0.0,0,20,3780.0
9492.0,0.49999999999999994,0.0,0,20,3780.0
9493.0,0.49999999999999994,0.0,0,20,3780.0
9494.0,0.49999999999999994,0.0,0,20,3780.0
9495.0,0.49999999999999994,0.0,0,20,3780.0
9496.0,0.49999999999999994,0.0,0,20,3780.0
9497.0,0.49999999999999994,0.0,0,20,3780.0
9498.0,0.49999999999999994,0.0,0,20,3780.0
9499.0,0.49999999999999994,0.0,0,20,3780.0
9500.0,0.49999999999999994,0.0,0,20,3780.0
9501.0,0.49999999999999994,0.0,0,20,3780.0
9502.0,0.49999999999999994,0.0,0,20,3780.0
9503.0,0.49999999999999994,0.0,0,20,3780.0
9504.0,0.49999999999999994,0.0,0,20,3780.0
9505.0,0.49999999999999994,0.0,0,20,3780.0
9506.0,0.49999999999999994,0.0,0,20,3780.0
9507.0,0.49999999999999994,0.0,0,20,3780.0
9508.0,0.49999999999999994,0.0,0,20,3780.0
9509.0,0.49999999999999994,0.0,0,20,3780.0
9510.0,0.49999999999999994,0.0,0,20,3780.0
9511.0,0.49999999999999994,0.0,0,20,3780.0
9512.0,0.49999999999999994,0.0,0,20,3780.0
9513.0,0.49999999999999994,0.0,0,20,3780.0
9514.0,0.49999999999999994,0.0,0,20,3780.0
9515.0,0.49999999999999994,0.0,0,20,3780.0
9516.0,0.49999999999999994,0.0,0,20,3780.0
9517.0,0.49999999999999994,0.0,0,20,3780.0
9518.0,0.49999999999999994,0.0,0,20,3780.0
9519.0,0.49999999999999994,0.0,0,20,3780.0
9520.0,0.49999999999999994,0.0,0,20,3780.0
9521.0,0.49999999999999994,0.0,0,20,3780.0
9522.0,0.49999999999999994,0.0,0,20,3780.0
9523.0,0.49999999999999994,0.0,0,20,3780.0
9524.0,0.49999999999999994,0.0,0,20,3780.0
9525.0,0.49999999999999994,0.0,0,20,3780.0
9526.0,0.49999999999999994,0.0,0,20,3780.0
9527.0,0.49999999999999994,0.0,0,20,3780.0
9528.0,0.49999999999999994,0.0,0,20,3780.0
9529.0,0.49999999999999994,0.0,0,20,3780.0
9530.0,0.49999999999999994,0.0,0,20,3780.0
9531.0,0.49999999999999994,0.0,0,20,3780.0
9532.0,0.49999999999999994,0.0,0,20,3780.0
9533.0,0.49999999999999994,0.0,0,20,3780.0
9534.0,0.49999999999999994,0.0,0,20,3780.0
9535.0,0.49999999999999994,0.0,0,20,3780.0
9536.0,0.49999999999999994,0.0,0,20,3780.0
9537.0,0.49999999999999994,0.0,0,20,3780.0
9538.0,0.49999999999999994,0.0,0,20,3780.0
9539.0,0.49999999999999994,0.0,0,20,3780.0
9540.0,0.49999999999999994,0.0,0,20,3780.0
9541.0,0.49999999999999994,0.0,0,20,3780.0
9542.0,0.49999999999999994,0.0,0,20,3780.0
9543.0,0.49999999999999994,0.0,0,20,3780.0
9544.0,0.49999999999999994,0.0,0,20,3780.0
9545.0,0.49999999999999994,0.0,0,20,3780.0
9546.0,0.49999999999999994,0.0,0,20,3780.0
9547.0,0.49999999999999994,0.0,0,20,3780.0
9548.0,0.49999999999999994,0.0,0,20,3780.0
9549.0,0.49999999999999994,0.0,0,20,3780.0
9550.0,0.49999999999999994,0.0,0,20,3780.0
9551.0,0.49999999999999994,0.0,0,20,3780.0
9552.0,0.49999999999999994,0.0,0,20,3780.0
9553.0,0.49999999999999994,0.0,0,20,3780.0
9554.0,0.49999999999999994,0.0,0,20,3780.0
9555.0,0.49999999999999994,0.0,0,20,3780.0
9556.0,0.49999999999999994,0.0,0,20,3780.0
9557.0,0.49999999999999994,0.0,0,20,3780.0
9558.0,0.49999999999999994,0.0,0,20,3780.0
9559.0,0.49999999999999994,0.0,0,20,3780.0
9560.0,0.49999999999999994,0.0,0,20,3780.0
9561.0,0.49999999999999994,0.0,0,20,3780.0
9562.0,0.49999999999999994,0.0,0,20,3780.0
9563.0,0.49999999999999994,0.0,0,20,3780.0
9564.0,0.49999999999999994,0.0,0,20,3780.0
9565.0,0.49999999999999994,0.0,0,20,3780.0
9566.0,0.49999999999999994,0.0,0,20,3780.0
9567.0,0.49999999999999994,0.0,0,20,3780.0
9568.0,0.49999999999999994,0.0,0,20,3780.0
9569.0,0.49999999999999994,0.0,0,20,3780.0
9570.0,0.49999999999999994,0.0,0,20,3780.0
9571.0,0.49999999999999994,0.0,0,20,3780.0
9572.0,0.49999999999999994,0.0,0,20,3780.0
9573.0,0.49999999999999994,0.0,0,20,3780.0
9574.0,0.49999999999999994,0.0,0,20,3780.0
9575.0,0.49999999999999994,0.0,0,20,3780.0
9576.0,0.49999999999999994,0.0,0,20,3780.0
9577.0,0.49999999999999994,0.0,0,20,3780.0
9578.0,0.49999999999999994,0.0,0,20,3780.0
9579.0,0.49999999999999994,0.0,0,20,3780.0
9580.0,0.49999999999999994,0.0,0,20,3780.0
9581.0,0.49999999999999994,0.0,0,20,3780.0
9582.0,0.49999999999999994,0.0,0,20,3780.0
9583.0,0.49999999999999994,0.0,0,20,3780.0
9584.0,0.49999999999999994,0.0,0,20,3780.0
9585.0,0.49999999999999994,0.0,0,20,3780.0
9586.0,0.49999999999999994,0.0,0,20,3780.0
9587.0,0.49999999999999994,0.0,0,20,3780.0
9588.0,0.49999999999999994,0.0,0,20,3780.0
9589.0,0.49999999999999994,0.0,0,20,3780.0
9590.0,0.49999999999999994,0.0,0,20,3780.0
9591.0,0.49999999999999994,0.0,0,20,3780.0
9592.0,0.49999999999999994,0.0,0,20,3780.0
9593.0,0.49999999999999994,0.0,0,20,3780.0
9594.0,0.49999999999999994,0.0,0,20,3780.0
9595.0,0.49999999999999994,0.0,0,20,3780.0
9596.0,0.49999999999999994,0.0,0,20,3780.0
9597.0,0.49999999999999994,0.0,0,20,3780.0
9598.0,0.49999999999999994,0.0,0,20,3780.0
9599.0,0.49999999999999994,0.0,0,20,3780.0
9600.0,0.49999999999999994,0.0,0,20,3780.0
9601.0,0.49999999999999994,0.0,0,20,3780.0
9602.0,0.49999999999999994,0.0,0,20,3780.0
9603.0,0.49999999999999994,0.0,0,20,3780.0
9604.0,0.49999999999999994,0.0,0,20,3780.0
9605.0,0.49999999999999994,0.0,0,20,3780.0
9606.0,0.49999999999999994,0.0,0,20,3780.0
9607.0,0.49999999999999994,0.0,0,20,3780.0
9608.0,0.49999999999999994,0.0,0,20,3780.0
9609.0,0.49999999999999994,0.0,0,20,3780.0
9610.0,0.49999999999999994,0.0,0,20,3780.0
9611.0,0.49999999999999994,0.0,0,20,3780.0
9612.0,0.49999999999999994,0.0,0,20,3780.0
9613.0,0.49999999999999994,0.0,0,20,3780.0
9614.0,0.49999999999999994,0.0,0,20,3780.0
9615.0,0.49999999999999994,0.0,0,20,3780.0
9616.0,0.49999999999999994,0.0,0,20,3780.0
9617.0,0.49999999999999994,0.0,0,20,3780.0
9618.0,0.49999999999999994,0.0,0,20,3780.0
9619.0,0.49999999999999994,0.0,0,20,3780.0
9620.0,0.49999999999999994,0.0,0,20,3780.0
9621.0,0.49999999999999994,0.0,0,20,3780.0
9622.0,0.49999999999999994,0.0,0,20,3780.0
9623.0,0.49999999999999994,0.0,0,20,3780.0
9624.0,0.49999999999999994,0.0,0,20,3780.0
9625.0,0.49999999999999994,0.0,0,20,3780.0
9626.0,0.49999999999999994,0.0,0,20,3780.0
9627.0,0.49999999999999994,0.0,0,20,3780.0
9628.0,0.49999999999999994,0.0,0,20,3780.0
9629.0,0.49999999999999994,0.0,0,20,3780.0
9630.0,0.49999999999999994,0.0,0,20,3780.0
9631.0,0.49999999999999994,0.0,0,20,3780.0
9632.0,0.49999999999999994,0.0,0,20,3780.0
9633.0,0.49999999999999994,0.0,0,20,3780.0
9634.0,0.49999999999999994,0.0,0,20,3780.0
9635.0,0.49999999999999994,0.0,0,20,3780.0
9636.0,0.49999999999999994,0.0,0,20,3780.0
9637.0,0.49999999999999994,0.0,0,20,3780.0
9638.0,0.49999999999999994,0.0,0,20,3780.0
9639.0,0.49999999999999994,0.0,0,20,3780.0
9640.0,0.49999999999999994,0.0,0,20,3780.0
9641.0,0.49999999999999994,0.0,0,20,3780.0
9642.0,0.49999999999999994,0.0,0,20,3780.0
9643.0,0.49999999999999994,0.0,0,20,3780.0
9644.0,0.49999999999999994,0.0,0,20,3780.0
9645.0,0.49999999999999994,0.0,0,20,3780.0
9646.0,0.49999999999999994,0.0,0,20,3780.0
9647.0,0.49999999999999994,0.0,0,20,3780.0
9648.0,0.49999999999999994,0.0,0,20,3780.0
9649.0,0.49999999999999994,0.0,0,20,3780.0
9650.0,0.49999999999999994,0.0,0,20,3780.0
9651.0,0.49999999999999994,0.0,0,20,3780.0
9652.0,0.49999999999999994,0.0,0,20,3780.0
9653.0,0.49999999999999994,0.0,0,20,3780.0
9654.0,0.49999999999999994,0.0,0,20,3780.0
9655.0,0.49999999999999994,0.0,0,20,3780.0
9656.0,0.49999999999999994,0.0,0,20,3780.0
9657.0,0.49999999999999994,0.0,0,20,3780.0
9658.0,0.49999999999999994,0.0,0,20,3780.0
9659.0,0.49999999999999994,0.0,0,20,3780.0
9660.0,0.49999999999999994,0.0,0,20,3780.0
9661.0,0.49999999999999994,0.0,0,20,3780.0
9662.0,0.49999999999999994,0.0,0,20,3780.0
9663.0,0.49999999999999994,0.0,0,20,3780.0
9664.0,0.49999999999999994,0.0,0,20,3780.0
9665.0,0.49999999999999994,0.0,0,20,3780.0
9666.0,0.49999999999999994,0.0,0,20,3780.0
9667.0,0.49999999999999994,0.0,0,20,3780.0
9668.0,0.49999999999999994,0.0,0,20,3780.0
9669.0,0.49999999999999994,0.0,0,20,3780.0
9670.0,0.49999999999999994,0.0,0,20,3780.0
9671.0,0.49999999999999994,0.0,0,20,3780.0
9672.0,0.49999999999999994,0.0,0,20,3780.0
9673.0,0.49999999999999994,0.0,0,20,3780.0
9674.0,0.49999999999999994,0.0,0,20,3780.0
9675.0,0.49999999999999994,0.0,0,20,3780.0
9676.0,0.49999999999999994,0.0,0,20,3780.0
9677.0,0.49999999999999994,0.0,0,20,3780.0
9678.0,0.49999999999999994,0.0,0,20,3780.0
9679.0,0.49999999999999994,0.0,0,20,3780.0
9680.0,0.49999999999999994,0.0,0,20,3780.0
9681.0,0.49999999999999994,0.0,0,20,3780.0
9682.0,0.49999999999999994,0.0,0,20,3780.0
9683.0,0.49999999999999994,0.0,0,20,3780.0
9684.0,0.49999999999999994,0.0,0,20,3780.0
9685.0,0.49999999999999994,0.0,0,20,3780.0
9686.0,0.49999999999999994,0.0,0,20,3780.0
9687.0,0.49999999999999994,0.0,0,20,3780.0
9688.0,0.49999999999999994,0.0,0,20,3780.0
9689.0,0.49999999999999994,0.0,0,20,3780.0
9690.0,0.49999999999999994,0.0,0,20,3780.0
9691.0,0.49999999999999994,0.0,0,20,3780.0
9692.0,0.49999999999999994,0.0,0,20,3780.0
9693.0,0.49999999999999994,0.0,0,20,3780.0
9694.0,0.49999999999999994,0.0,0,20,3780.0
9695.0,0.49999999999999994,0.0,0,20,3780.0
9696.0,0.49999999999999994,0.0,0,20,3780.0
9697.0,0.49999999999999994,0.0,0,20,3780.0
9698.0,0.49999999999999994,0.0,0,20,3780.0
9699.0,0.49999999999999994,0.0,0,20,3780.0
9700.0,0.49999999999999994,0.0,0,20,3780.0
9701.0,0.49999999999999994,0.0,0,20,3780.0
9702.0,0.49999999999999994,0.0,0,20,3780.0
9703.0,0.49999999999999994,0.0,0,20,3780.0
9704.0,0.49999999999999994,0.0,0,20,3780.0
9705.0,0.49999999999999994,0.0,0,20,3780.0
9706.0,0.49999999999999994,0.0,0,20,3780.0
9707.0,0.49999999999999994,0.0,0,20,3780.0
9708.0,0.49999999999999994,0.0,0,20,3780.0
9709.0,0.49999999999999994,0.0,0,20,3780.0
9710.0,0.49999999999999994,0.0,0,20,3780.0
9711.0,0.49999999999999994,0.0,0,20,3780.0
9712.0,0.49999999999999994,0.0,0,20,3780.0
9713.0,0.49999999999999994,0.0,0,20,3780.0
9714.0,0.49999999999999994,0.0,0,20,3780.0
9715.0,0.49999999999999994,0.0,0,20,3780.0
9716.0,0.49999999999999994,0.0,0,20,3780.0
9717.0,0.49999999999999994,0.0,0,20,3780.0
9718.0,0.49999999999999994,0.0,0,20,3780.0
9719.0,0.49999999999999994,0.0,0,20,3780.0
9720.0,0.49999999999999994,0.0,0,20,3780.0
9721.0,0.49999999999999994,0.0,0,20,3780.0
9722.0,0.49999999999999994,0.0,0,20,3780.0
9723.0,0.49999999999999994,0.0,0,20,3780.0
9724.0,0.49999999999999994,0.0,0,20,3780.0
9725.0,0.49999999999999994,0.0,0,20,3780.0
9726.0,0.49999999999999994,0.0,0,20,3780.0
9727.0,0.49999999999999994,0.0,0,20,3780.0
9728.0,0.49999999999999994,0.0,0,20,3780.0
9729.0,0.49999999999999994,0.0,0,20,3780.0
9730.0,0.49999999999999994,0.0,0,20,3780.0
9731.0,0.49999999999999994,0.0,0,20,3780.0
9732.0,0.49999999999999994,0.0,0,20,3780.0
9733.0,0.49999999999999994,0.0,0,20,3780.0
9734.0,0.49999999999999994,0.0,0,20,3780.0
9735.0,0.49999999999999994,0.0,0,20,3780.0
9736.0,0.49999999999999994,0.0,0,20,3780.0
9737.0,0.49999999999999994,0.0,0,20,3780.0
9738.0,0.49999999999999994,0.0,0,20,3780.0
9739.0,0.49999999999999994,0.0,0,20,3780.0
9740.0,0.49999999999999994,0.0,0,20,3780.0
9741.0,0.49999999999999994,0.0,0,20,3780.0
9742.0,0.49999999999999994,0.0,0,20,3780.0
9743.0,0.49999999999999994,0.0,0,20,3780.0
9744.0,0.49999999999999994,0.0,0,20,3780.0
9745.0,0.49999999999999994,0.0,0,20,3780.0
9746.0,0.49999999999999994,0.0,0,20,3780.0
9747.0,0.49999999999999994,0.0,0,20,3780.0
9748.0,0.49999999999999994,0.0,0,20,3780.0
9749.0,0.49999999999999994,0.0,0,20,3780.0
9750.0,0.49999999999999994,0.0,0,20,3780.0
9751.0,0.49999999999999994,0.0,0,20,3780.0
9752.0,0.49999999999999994,0.0,0,20,3780.0
9753.0,0.49999999999999994,0.0,0,20,3780.0
9754.0,0.49999999999999994,0.0,0,20,3780.0
9755.0,0.49999999999999994,0.0,0,20,3780.0
9756.0,0.49999999999999994,0.0,0,20,3780.0
9757.0,0.49999999999999994,0.0,0,20,3780.0
9758.0,0.49999999999999994,0.0,0,20,3780.0
9759.0,0.49999999999999994,0.0,0,20,3780.0
9760.0,0.49999999999999994,0.0,0,20,3780.0
9761.0,0.49999999999999994,0.0,0,20,3780.0
9762.0,0.49999999999999994,0.0,0,20,3780.0
9763.0,0.49999999999999994,0.0,0,20,3780.0
9764.0,0.49999999999999994,0.0,0,20,3780.0
9765.0,0.49999999999999994,0.0,0,20,3780.0
9766.0,0.49999999999999994,0.0,0,20,3780.0
9767.0,0.49999999999999994,0.0,0,20,3780.0
9768.0,0.49999999999999994,0.0,0,20,3780.0
9769.0,0.49999999999999994,0.0,0,20,3780.0
9770.0,0.49999999999999994,0.0,0,20,3780.0
9771.0,0.49999999999999994,0.0,0,20,3780.0
9772.0,0.49999999999999994,0.0,0,20,3780.0
9773.0,0.49999999999999994,0.0,0,20,3780.0
9774.0,0.49999999999999994,0.0,0,20,3780.0
9775.0,0.49999999999999994,0.0,0,20,3780.0
9776.0,0.49999999999999994,0.0,0,20,3780.0
9777.0,0.49999999999999994,0.0,0,20,3780.0
9778.0,0.49999999999999994,0.0,0,20,3780.0
9779.0,0.49999999999999994,0.0,0,20,3780.0
9780.0,0.49999999999999994,0.0,0,20,3780.0
9781.0,0.49999999999999994,0.0,0,20,3780.0
9782.0,0.49999999999999994,0.0,0,20,3780.0
9783.0,0.49999999999999994,0.0,0,20,3780.0
9784.0,0.49999999999999994,0.0,0,20,3780.0
9785.0,0.49999999999999994,0.0,0,20,3780.0
9786.0,0.49999999999999994,0.0,0,20,3780.0
9787.0,0.49999999999999994,0.0,0,20,3780.0
9788.0,0.49999999999999994,0.0,0,20,3780.0
9789.0,0.49999999999999994,0.0,0,20,3780.0
9790.0,0.49999999999999994,0.0,0,20,3780.0
9791.0,0.49999999999999994,0.0,0,20,3780.0
9792.0,0.49999999999999994,0.0,0,20,3780.0
9793.0,0.49999999999999994,0.0,0,20,3780.0
9794.0,0.49999999999999994,0.0,0,20,3780.0
9795.0,0.49999999999999994,0.0,0,20,3780.0
9796.0,0.49999999999999994,0.0,0,20,3780.0
9797.0,0.49999999999999994,0.0,0,20,3780.0
9798.0,0.49999999999999994,0.0,0,20,3780.0
9799.0,0.49999999999999994,0.0,0,20,3780.0
9800.0,0.49999999999999994,0.0,0,20,3780.0
9801.0,0.49999999999999994,0.0,0,20,3780.0
9802.0,0.49999999999999994,0.0,0,20,3780.0
9803.0,0.49999999999999994,0.0,0,20,3780.0
9804.0,0.49999999999999994,0.0,0,20,3780.0
9805.0,0.49999999999999994,0.0,0,20,3780.0
9806.0,0.49999999999999994,0.0,0,20,3780.0
9807.0,0.49999999999999994,0.0,0,20,3780.0
9808.0,0.49999999999999994,0.0,0,20,3780.0
9809.0,0.49999999999999994,0.0,0,20,3780.0
9810.0,0.49999999999999994,0.0,0,20,3780.0
9811.0,0.49999999999999994,0.0,0,20,3780.0
9812.0,0.49999999999999994,0.0,0,20,3780.0
9813.0,0.49999999999999994,0.0,0,20,3780.0
9814.0,0.49999999999999994,0.0,0,20,3780.0
9815.0,0.49999999999999994,0.0,0,20,3780.0
9816.0,0.49999999999999994,0.0,0,20,3780.0
9817.0,0.49999999999999994,0.0,0,20,3780.0
9818.0,0.49999999999999994,0.0,0,20,3780.0
9819.0,0.49999999999999994,0.0,0,20,3780.0
9820.0,0.49999999999999994,0.0,0,20,3780.0
9821.0,0.49999999999999994,0.0,0,20,3780.0
9822.0,0.49999999999999994,0.0,0,20,3780.0
9823.0,0.49999999999999994,0.0,0,20,3780.0
9824.0,0.49999999999999994,0.0,0,20,3780.0
9825.0,0.49999999999999994,0.0,0,20,3780.0
9826.0,0.49999999999999994,0.0,0,20,3780.0
9827.0,0.49999999999999994,0.0,0,20,3780.0
9828.0,0.49999999999999994,0.0,0,20,3780.0
9829.0,0.49999999999999994,0.0,0,20,3780.0
9830.0,0.49999999999999994,0.0,0,20,3780.0
9831.0,0.49999999999999994,0.0,0,20,3780.0
9832.0,0.49999999999999994,0.0,0,20,3780.0
9833.0,0.49999999999999994,0.0,0,20,3780.0
9834.0,0.49999999999999994,0.0,0,20,3780.0
9835.0,0.49999999999999994,0.0,0,20,3780.0
9836.0,0.49999999999999994,0.0,0,20,3780.0
9837.0,0.49999999999999994,0.0,0,20,3780.0
9838.0,0.49999999999999994,0.0,0,20,3780.0
9839.0,0.49999999999999994,0.0,0,20,3780.0
9840.0,0.49999999999999994,0.0,0,20,3780.0
9841.0,0.49999999999999994,0.0,0,20,3780.0
9842.0,0.49999999999999994,0.0,0,20,3780.0
9843.0,0.49999999999999994,0.0,0,20,3780.0
9844.0,0.49999999999999994,0.0,0,20,3780.0
9845.0,0.49999999999999994,0.0,0,20,3780.0
9846.0,0.49999999999999994,0.0,0,20,3780.0
9847.0,0.49999999999999994,0.0,0,20,3780.0
9848.0,0.49999999999999994,0.0,0,20,3780.0
9849.0,0.49999999999999994,0.0,0,20,3780.0
9850.0,0.49999999999999994,0.0,0,20,3780.0
9851.0,0.49999999999999994,0.0,0,20,3780.0
9852.0,0.49999999999999994,0.0,0,20,3780.0
9853.0,0.49999999999999994,0.0,0,20,3780.0
9854.0,0.49999999999999994,0.0,0,20,3780.0
9855.0,0.49999999999999994,0.0,0,20,3780.0
9856.0,0.49999999999999994,0.0,0,20,3780.0
9857.0,0.49999999999999994,0.0,0,20,3780.0
9858.0,0.49999999999999994,0.0,0,20,3780.0
9859.0,0.49999999999999994,0.0,0,20,3780.0
9860.0,0.49999999999999994,0.0,0,20,3780.0
9861.0,0.49999999999999994,0.0,0,20,3780.0
9862.0,0.49999999999999994,0.0,0,20,3780.0
9863.0,0.49999999999999994,0.0,0,20,3780.0
9864.0,0.49999999999999994,0.0,0,20,3780.0
9865.0,0.49999999999999994,0.0,0,20,3780.0
9866.0,0.49999999999999994,0.0,0,20,3780.0
9867.0,0.49999999999999994,0.0,0,20,3780.0
9868.0,0.49999999999999994,0.0,0,20,3780.0
9869.0,0.49999999999999994,0.0,0,20,3780.0
9870.0,0.49999999999999994,0.0,0,20,3780.0
9871.0,0.49999999999999994,0.0,0,20,3780.0
9872.0,0.49999999999999994,0.0,0,20,3780.0
9873.0,0.49999999999999994,0.0,0,20,3780.0
9874.0,0.49999999999999994,0.0,0,20,3780.0
9875.0,0.49999999999999994,0.0,0,20,3780.0
9876.0,0.49999999999999994,0.0,0,20,3780.0
9877.0,0.49999999999999994,0.0,0,20,3780.0
9878.0,0.49999999999999994,0.0,0,20,3780.0
9879.0,0.49999999999999994,0.0,0,20,3780.0
9880.0,0.49999999999999994,0.0,0,20,3780.0
9881.0,0.49999999999999994,0.0,0,20,3780.0
9882.0,0.49999999999999994,0.0,0,20,3780.0
9883.0,0.49999999999999994,0.0,0,20,3780.0
9884.0,0.49999999999999994,0.0,0,20,3780.0
9885.0,0.49999999999999994,0.0,0,20,3780.0
9886.0,0.49999999999999994,0.0,0,20,3780.0
9887.0,0.49999999999999994,0.0,0,20,3780.0
9888.0,0.49999999999999994,0.0,0,20,3780.0
9889.0,0.49999999999999994,0.0,0,20,3780.0
9890.0,0.49999999999999994,0.0,0,20,3780.0
9891.0,0.49999999999999994,0.0,0,20,3780.0
9892.0,0.49999999999999994,0.0,0,20,3780.0
9893.0,0.49999999999999994,0.0,0,20,3780.0
9894.0,0.49999999999999994,0.0,0,20,3780.0
9895.0,0.49999999999999994,0.0,0,20,3780.0
9896.0,0.49999999999999994,0.0,0,20,3780.0
9897.0,0.49999999999999994,0.0,0,20,3780.0
9898.0,0.49999999999999994,0.0,0,20,3780.0
9899.0,0.49999999999999994,0.0,0,20,3780.0
9900.0,0.49999999999999994,0.0,0,20,3780.0
9901.0,0.49999999999999994,0.0,0,20,3780.0
9902.0,0.49999999999999994,0.0,0,20,3780.0
9903.0,0.49999999999999994,0.0,0,20,3780.0
9904.0,0.49999999999999994,0.0,0,20,3780.0
9905.0,0.49999999999999994,0.0,0,20,3780.0
9906.0,0.49999999999999994,0.0,0,20,3780.0
9907.0,0.49999999999999994,0.0,0,20,3780.0
9908.0,0.49999999999999994,0.0,0,20,3780.0
9909.0,0.49999999999999994,0.0,0,20,3780.0
9910.0,0.49999999999999994,0.0,0,20,3780.0
9911.0,0.49999999999999994,0.0,0,20,3780.0
9912.0,0.49999999999999994,0.0,0,20,3780.0
9913.0,0.49999999999999994,0.0,0,20,3780.0
9914.0,0.49999999999999994,0.0,0,20,3780.0
9915.0,0.49999999999999994,0.0,0,20,3780.0
9916.0,0.49999999999999994,0.0,0,20,3780.0
9917.0,0.49999999999999994,0.0,0,20,3780.0
9918.0,0.49999999999999994,0.0,0,20,3780.0
9919.0,0.49999999999999994,0.0,0,20,3780.0
9920.0,0.49999999999999994,0.0,0,20,3780.0
9921.0,0.49999999999999994,0.0,0,20,3780.0
9922.0,0.49999999999999994,0.0,0,20,3780.0
9923.0,0.49999999999999994,0.0,0,20,3780.0
9924.0,0.49999999999999994,0.0,0,20,3780.0
9925.0,0.49999999999999994,0.0,0,20,3780.0
9926.0,0.49999999999999994,0.0,0,20,3780.0
9927.0,0.49999999999999994,0.0,0,20,3780.0
9928.0,0.49999999999999994,0.0,0,20,3780.0
9929.0,0.49999999999999994,0.0,0,20,3780.0
9930.0,0.49999999999999994,0.0,0,20,3780.0
9931.0,0.49999999999999994,0.0,0,20,3780.0
9932.0,0.49999999999999994,0.0,0,20,3780.0
9933.0,0.49999999999999994,0.0,0,20,3780.0
9934.0,0.49999999999999994,0.0,0,20,3780.0
9935.0,0.49999999999999994,0.0,0,20,3780.0
9936.0,0.49999999999999994,0.0,0,20,3780.0
9937.0,0.49999999999999994,0.0,0,20,3780.0
9938.0,0.49999999999999994,0.0,0,20,3780.0
9939.0,0.49999999999999994,0.0,0,20,3780.0
9940.0,0.49999999999999994,0.0,0,20,3780.0
9941.0,0.49999999999999994,0.0,0,20,3780.0
9942.0,0.49999999999999994,0.0,0,20,3780.0
9943.0,0.49999999999999994,0.0,0,20,3780.0
9944.0,0.49999999999999994,0.0,0,20,3780.0
9945.0,0.49999999999999994,0.0,0,20,3780.0
9946.0,0.49999999999999994,0.0,0,20,3780.0
9947.0,0.49999999999999994,0.0,0,20,3780.0
9948.0,0.49999999999999994,0.0,0,20,3780.0
9949.0,0.49999999999999994,0.0,0,20,3780.0
9950.0,0.49999999999999994,0.0,0,20,3780.0
9951.0,0.49999999999999994,0.0,0,20,3780.0
9952.0,0.49999999999999994,0.0,0,20,3780.0
9953.0,0.49999999999999994,0.0,0,20,3780.0
9954.0,0.49999999999999994,0.0,0,20,3780.0
9955.0,0.49999999999999994,0.0,0,20,3780.0
9956.0,0.49999999999999994,0.0,0,20,3780.0
9957.0,0.49999999999999994,0.0,0,20,3780.0
9958.0,0.49999999999999994,0.0,0,20,3780.0
9959.0,0.49999999999999994,0.0,0,20,3780.0
9960.0,0.49999999999999994,0.0,0,20,3780.0
9961.0,0.49999999999999994,0.0,0,20,3780.0
9962.0,0.49999999999999994,0.0,0,20,3780.0
9963.0,0.49999999999999994,0.0,0,20,3780.0
9964.0,0.49999999999999994,0.0,0,20,3780.0
9965.0,0.49999999999999994,0.0,0,20,3780.0
9966.0,0.49999999999999994,0.0,0,20,3780.0
9967.0,0.49999999999999994,0.0,0,20,3780.0
9968.0,0.49999999999999994,0.0,0,20,3780.0
9969.0,0.49999999999999994,0.0,0,20,3780.0
9970.0,0.49999999999999994,0.0,0,20,3780.0
9971.0,0.49999999999999994,0.0,0,20,3780.0
9972.0,0.49999999999999994,0.0,0,20,3780.0
9973.0,0.49999999999999994,0.0,0,20,3780.0
9974.0,0.49999999999999994,0.0,0,20,3780.0
9975.0,0.49999999999999994,0.0,0,20,3780.0
9976.0,0.49999999999999994,0.0,0,20,3780.0
9977.0,0.49999999999999994,0.0,0,20,3780.0
9978.0,0.49999999999999994,0.0,0,20,3780.0
9979.0,0.49999999999999994,0.0,0,20,3780.0
9980.0,0.49999999999999994,0.0,0,20,3780.0
9981.0,0.49999999999999994,0.0,0,20,3780.0
9982.0,0.49999999999999994,0.0,0,20,3780.0
9983.0,0.49999999999999994,0.0,0,20,3780.0
9984.0,0.49999999999999994,0.0,0,20,3780.0
9985.0,0.49999999999999994,0.0,0,20,3780.0
9986.0,0.49999999999999994,0.0,0,20,3780.0
9987.0,0.49999999999999994,0.0,0,20,3780.0
9988.0,0.49999999999999994,0.0,0,20,3780.0
9989.0,0.49999999999999994,0.0,0,20,3780.0
9990.0,0.49999999999999994,0.0,0,20,3780.0
9991.0,0.49999999999999994,0.0,0,20,3780.0
9992.0,0.49999999999999994,0.0,0,20,3780.0
9993.0,0.49999999999999994,0.0,0,20,3780.0
9994.0,0.49999999999999994,0.0,0,20,3780.0
9995.0,0.49999999999999994,0.0,0,20,3780.0
9996.0,0.49999999999999994,0.0,0,20,3780.0
9997.0,0.49999999999999994,0.0,0,20,3780.0
9998.0,0.49999999999999994,0.0,0,20,3780.0
9999.0,0.49999999999999994,0.0,0,20,3780.0
10000.0,0.49999999999999994,0.0,0,20,3780.0
10001.0,0.49999999999999994,0.0,0,20,3780.0
10002.0,0.49999999999999994,0.0,0,20,3780.0
10003.0,0.49999999999999994,0.0,0,20,3780.0
10004.0,0.49999999999999994,0.0,0,20,3780.0
10005.0,0.49999999999999994,0.0,0,20,3780.0
10006.0,0.49999999999999994,0.0,0,20,3780.0
10007.0,0.49999999999999994,0.0,0,20,3780.0
10008.0,0.49999999999999994,0.0,0,20,3780.0
10009.0,0.49999999999999994,0.0,0,20,3780.0
10010.0,0.49999999999999994,0.0,0,20,3780.0
10011.0,0.49999999999999994,0.0,0,20,3780.0
10012.0,0.49999999999999994,0.0,0,20,3780.0
10013.0,0.49999999999999994,0.0,0,20,3780.0
10014.0,0.49999999999999994,0.0,0,20,3780.0
10015.0,0.49999999999999994,0.0,0,20,3780.0
10016.0,0.49999999999999994,0.0,0,20,3780.0
10017.0,0.49999999999999994,0.0,0,20,3780.0
10018.0,0.49999999999999994,0.0,0,20,3780.0
10019.0,0.49999999999999994,0.0,0,20,3780.0
10020.0,0.49999999999999994,0.0,0,20,3780.0
10021.0,0.49999999999999994,0.0,0,20,3780.0
10022.0,0.49999999999999994,0.0,0,20,3780.0
10023.0,0.49999999999999994,0.0,0,20,3780.0
10024.0,0.49999999999999994,0.0,0,20,3780.0
10025.0,0.49999999999999994,0.0,0,20,3780.0
10026.0,0.49999999999999994,0.0,0,20,3780.0
10027.0,0.49999999999999994,0.0,0,20,3780.0
10028.0,0.49999999999999994,0.0,0,20,3780.0
10029.0,0.49999999999999994,0.0,0,20,3780.0
10030.0,0.49999999999999994,0.0,0,20,3780.0
10031.0,0.49999999999999994,0.0,0,20,3780.0
10032.0,0.49999999999999994,0.0,0,20,3780.0
10033.0,0.49999999999999994,0.0,0,20,3780.0
10034.0,0.49999999999999994,0.0,0,20,3780.0
10035.0,0.49999999999999994,0.0,0,20,3780.0
10036.0,0.49999999999999994,0.0,0,20,3780.0
10037.0,0.49999999999999994,0.0,0,20,3780.0
10038.0,0.49999999999999994,0.0,0,20,3780.0
10039.0,0.49999999999999994,0.0,0,20,3780.0
10040.0,0.49999999999999994,0.0,0,20,3780.0
10041.0,0.49999999999999994,0.0,0,20,3780.0
10042.0,0.49999999999999994,0.0,0,20,3780.0
10043.0,0.49999999999999994,0.0,0,20,3780.0
10044.0,0.49999999999999994,0.0,0,20,3780.0
10045.0,0.49999999999999994,0.0,0,20,3780.0
10046.0,0.49999999999999994,0.0,0,20,3780.0
10047.0,0.49999999999999994,0.0,0,20,3780.0
10048.0,0.49999999999999994,0.0,0,20,3780.0
10049.0,0.49999999999999994,0.0,0,20,3780.0
10050.0,0.49999999999999994,0.0,0,20,3780.0
10051.0,0.49999999999999994,0.0,0,20,3780.0
10052.0,0.49999999999999994,0.0,0,20,3780.0
10053.0,0.49999999999999994,0.0,0,20,3780.0
10054.0,0.49999999999999994,0.0,0,20,3780.0
10055.0,0.49999999999999994,0.0,0,20,3780.0
10056.0,0.49999999999999994,0.0,0,20,3780.0
10057.0,0.49999999999999994,0.0,0,20,3780.0
10058.0,0.49999999999999994,0.0,0,20,3780.0
10059.0,0.49999999999999994,0.0,0,20,3780.0
10060.0,0.49999999999999994,0.0,0,20,3780.0
10061.0,0.49999999999999994,0.0,0,20,3780.0
10062.0,0.49999999999999994,0.0,0,20,3780.0
10063.0,0.49999999999999994,0.0,0,20,3780.0
10064.0,0.49999999999999994,0.0,0,20,3780.0
10065.0,0.49999999999999994,0.0,0,20,3780.0
10066.0,0.49999999999999994,0.0,0,20,3780.0
10067.0,0.49999999999999994,0.0,0,20,3780.0
10068.0,0.49999999999999994,0.0,0,20,3780.0
10069.0,0.49999999999999994,0.0,0,20,3780.0
10070.0,0.49999999999999994,0.0,0,20,3780.0
10071.0,0.49999999999999994,0.0,0,20,3780.0
10072.0,0.49999999999999994,0.0,0,20,3780.0
10073.0,0.49999999999999994,0.0,0,20,3780.0
10074.0,0.49999999999999994,0.0,0,20,3780.0
10075.0,0.49999999999999994,0.0,0,20,3780.0
10076.0,0.49999999999999994,0.0,0,20,3780.0
10077.0,0.49999999999999994,0.0,0,20,3780.0
10078.0,0.49999999999999994,0.0,0,20,3780.0
10079.0,0.49999999999999994,0.0,0,20,3780.0
10080.0,0.49999999999999994,0.0,0,20,3780.0
10081.0,0.49999999999999994,0.0,0,20,3780.0
10082.0,0.49999999999999994,0.0,0,20,3780.0
10083.0,0.49999999999999994,0.0,0,20,3780.0
10084.0,0.49999999999999994,0.0,0,20,3780.0
10085.0,0.49999999999999994,0.0,0,20,3780.0
10086.0,0.49999999999999994,0.0,0,20,3780.0
10087.0,0.49999999999999994,0.0,0,20,3780.0
10088.0,0.49999999999999994,0.0,0,20,3780.0
10089.0,0.49999999999999994,0.0,0,20,3780.0
10090.0,0.49999999999999994,0.0,0,20,3780.0
10091.0,0.49999999999999994,0.0,0,20,3780.0
10092.0,0.49999999999999994,0.0,0,20,3780.0
10093.0,0.49999999999999994,0.0,0,20,3780.0
10094.0,0.49999999999999994,0.0,0,20,3780.0
10095.0,0.49999999999999994,0.0,0,20,3780.0
10096.0,0.49999999999999994,0.0,0,20,3780.0
10097.0,0.49999999999999994,0.0,0,20,3780.0
10098.0,0.49999999999999994,0.0,0,20,3780.0
10099.0,0.49999999999999994,0.0,0,20,3780.0
10100.0,0.49999999999999994,0.0,0,20,3780.0
10101.0,0.49999999999999994,0.0,0,20,3780.0
10102.0,0.49999999999999994,0.0,0,20,3780.0
10103.0,0.49999999999999994,0.0,0,20,3780.0
10104.0,0.49999999999999994,0.0,0,20,3780.0
10105.0,0.49999999999999994,0.0,0,20,3780.0
10106.0,0.49999999999999994,0.0,0,20,3780.0
10107.0,0.49999999999999994,0.0,0,20,3780.0
10108.0,0.49999999999999994,0.0,0,20,3780.0
10109.0,0.49999999999999994,0.0,0,20,3780.0
10110.0,0.49999999999999994,0.0,0,20,3780.0
10111.0,0.49999999999999994,0.0,0,20,3780.0
10112.0,0.49999999999999994,0.0,0,20,3780.0
10113.0,0.49999999999999994,0.0,0,20,3780.0
10114.0,0.49999999999999994,0.0,0,20,3780.0
10115.0,0.49999999999999994,0.0,0,20,3780.0
10116.0,0.49999999999999994,0.0,0,20,3780.0
10117.0,0.49999999999999994,0.0,0,20,3780.0
10118.0,0.49999999999999994,0.0,0,20,3780.0
10119.0,0.49999999999999994,0.0,0,20,3780.0
10120.0,0.49999999999999994,0.0,0,20,3780.0
10121.0,0.49999999999999994,0.0,0,20,3780.0
10122.0,0.49999999999999994,0.0,0,20,3780.0
10123.0,0.49999999999999994,0.0,0,20,3780.0
10124.0,0.49999999999999994,0.0,0,20,3780.0
10125.0,0.49999999999999994,0.0,0,20,3780.0
10126.0,0.49999999999999994,0.0,0,20,3780.0
10127.0,0.49999999999999994,0.0,0,20,3780.0
10128.0,0.49999999999999994,0.0,0,20,3780.0
10129.0,0.49999999999999994,0.0,0,20,3780.0
10130.0,0.49999999999999994,0.0,0,20,3780.0
10131.0,0.49999999999999994,0.0,0,20,3780.0
10132.0,0.49999999999999994,0.0,0,20,3780.0
10133.0,0.49999999999999994,0.0,0,20,3780.0
10134.0,0.49999999999999994,0.0,0,20,3780.0
10135.0,0.49999999999999994,0.0,0,20,3780.0
10136.0,0.49999999999999994,0.0,0,20,3780.0
10137.0,0.49999999999999994,0.0,0,20,3780.0
10138.0,0.49999999999999994,0.0,0,20,3780.0
10139.0,0.49999999999999994,0.0,0,20,3780.0
10140.0,0.49999999999999994,0.0,0,20,3780.0
10141.0,0.49999999999999994,0.0,0,20,3780.0
10142.0,0.49999999999999994,0.0,0,20,3780.0
10143.0,0.49999999999999994,0.0,0,20,3780.0
10144.0,0.49999999999999994,0.0,0,20,3780.0
10145.0,0.49999999999999994,0.0,0,20,3780.0
10146.0,0.49999999999999994,0.0,0,20,3780.0
10147.0,0.49999999999999994,0.0,0,20,3780.0
10148.0,0.49999999999999994,0.0,0,20,3780.0
10149.0,0.49999999999999994,0.0,0,20,3780.0
10150.0,0.49999999999999994,0.0,0,20,3780.0
10151.0,0.49999999999999994,0.0,0,20,3780.0
10152.0,0.49999999999999994,0.0,0,20,3780.0
10153.0,0.49999999999999994,0.0,0,20,3780.0
10154.0,0.49999999999999994,0.0,0,20,3780.0
10155.0,0.49999999999999994,0.0,0,20,3780.0
10156.0,0.49999999999999994,0.0,0,20,3780.0
10157.0,0.49999999999999994,0.0,0,20,3780.0
10158.0,0.49999999999999994,0.0,0,20,3780.0
10159.0,0.49999999999999994,0.0,0,20,3780.0
10160.0,0.49999999999999994,0.0,0,20,3780.0
10161.0,0.49999999999999994,0.0,0,20,3780.0
10162.0,0.49999999999999994,0.0,0,20,3780.0
10163.0,0.49999999999999994,0.0,0,20,3780.0
10164.0,0.49999999999999994,0.0,0,20,3780.0
10165.0,0.49999999999999994,0.0,0,20,3780.0
10166.0,0.49999999999999994,0.0,0,20,3780.0
10167.0,0.49999999999999994,0.0,0,20,3780.0
10168.0,0.49999999999999994,0.0,0,20,3780.0
10169.0,0.49999999999999994,0.0,0,20,3780.0
10170.0,0.49999999999999994,0.0,0,20,3780.0
10171.0,0.49999999999999994,0.0,0,20,3780.0
10172.0,0.49999999999999994,0.0,0,20,3780.0
10173.0,0.49999999999999994,0.0,0,20,3780.0
10174.0,0.49999999999999994,0.0,0,20,3780.0
10175.0,0.49999999999999994,0.0,0,20,3780.0
10176.0,0.49999999999999994,0.0,0,20,3780.0
10177.0,0.49999999999999994,0.0,0,20,3780.0
10178.0,0.49999999999999994,0.0,0,20,3780.0
10179.0,0.49999999999999994,0.0,0,20,3780.0
10180.0,0.49999999999999994,0.0,0,20,3780.0
10181.0,0.49999999999999994,0.0,0,20,3780.0
10182.0,0.49999999999999994,0.0,0,20,3780.0
10183.0,0.49999999999999994,0.0,0,20,3780.0
10184.0,0.49999999999999994,0.0,0,20,3780.0
10185.0,0.49999999999999994,0.0,0,20,3780.0
10186.0,0.49999999999999994,0.0,0,20,3780.0
10187.0,0.49999999999999994,0.0,0,20,3780.0
10188.0,0.49999999999999994,0.0,0,20,3780.0
10189.0,0.49999999999999994,0.0,0,20,3780.0
10190.0,0.49999999999999994,0.0,0,20,3780.0
10191.0,0.49999999999999994,0.0,0,20,3780.0
10192.0,0.49999999999999994,0.0,0,20,3780.0
10193.0,0.49999999999999994,0.0,0,20,3780.0
10194.0,0.49999999999999994,0.0,0,20,3780.0
10195.0,0.49999999999999994,0.0,0,20,3780.0
10196.0,0.49999999999999994,0.0,0,20,3780.0
10197.0,0.49999999999999994,0.0,0,20,3780.0
10198.0,0.49999999999999994,0.0,0,20,3780.0
10199.0,0.49999999999999994,0.0,0,20,3780.0
10200.0,0.49999999999999994,0.0,0,20,3780.0
10201.0,0.49999999999999994,0.0,0,20,3780.0
10202.0,0.49999999999999994,0.0,0,20,3780.0
10203.0,0.49999999999999994,0.0,0,20,3780.0
10204.0,0.49999999999999994,0.0,0,20,3780.0
10205.0,0.49999999999999994,0.0,0,20,3780.0
10206.0,0.49999999999999994,0.0,0,20,3780.0
10207.0,0.49999999999999994,0.0,0,20,3780.0
10208.0,0.49999999999999994,0.0,0,20,3780.0
10209.0,0.49999999999999994,0.0,0,20,3780.0
10210.0,0.49999999999999994,0.0,0,20,3780.0
10211.0,0.49999999999999994,0.0,0,20,3780.0
10212.0,0.49999999999999994,0.0,0,20,3780.0
10213.0,0.49999999999999994,0.0,0,20,3780.0
10214.0,0.49999999999999994,0.0,0,20,3780.0
10215.0,0.49999999999999994,0.0,0,20,3780.0
10216.0,0.49999999999999994,0.0,0,20,3780.0
10217.0,0.49999999999999994,0.0,0,20,3780.0
10218.0,0.49999999999999994,0.0,0,20,3780.0
10219.0,0.49999999999999994,0.0,0,20,3780.0
10220.0,0.49999999999999994,0.0,0,20,3780.0
10221.0,0.49999999999999994,0.0,0,20,3780.0
10222.0,0.49999999999999994,0.0,0,20,3780.0
10223.0,0.49999999999999994,0.0,0,20,3780.0
10224.0,0.49999999999999994,0.0,0,20,3780.0
10225.0,0.49999999999999994,0.0,0,20,3780.0
10226.0,0.49999999999999994,0.0,0,20,3780.0
10227.0,0.49999999999999994,0.0,0,20,3780.0
10228.0,0.49999999999999994,0.0,0,20,3780.0
10229.0,0.49999999999999994,0.0,0,20,3780.0
10230.0,0.49999999999999994,0.0,0,20,3780.0
10231.0,0.49999999999999994,0.0,0,20,3780.0
10232.0,0.49999999999999994,0.0,0,20,3780.0
10233.0,0.49999999999999994,0.0,0,20,3780.0
10234.0,0.49999999999999994,0.0,0,20,3780.0
10235.0,0.49999999999999994,0.0,0,20,3780.0
10236.0,0.49999999999999994,0.0,0,20,3780.0
10237.0,0.49999999999999994,0.0,0,20,3780.0
10238.0,0.49999999999999994,0.0,0,20,3780.0
10239.0,0.49999999999999994,0.0,0,20,3780.0
10240.0,0.49999999999999994,0.0,0,20,3780.0
10241.0,0.49999999999999994,0.0,0,20,3780.0
10242.0,0.49999999999999994,0.0,0,20,3780.0
10243.0,0.49999999999999994,0.0,0,20,3780.0
10244.0,0.49999999999999994,0.0,0,20,3780.0
10245.0,0.49999999999999994,0.0,0,20,3780.0
10246.0,0.49999999999999994,0.0,0,20,3780.0
10247.0,0.49999999999999994,0.0,0,20,3780.0
10248.0,0.49999999999999994,0.0,0,20,3780.0
10249.0,0.49999999999999994,0.0,0,20,3780.0
10250.0,0.49999999999999994,0.0,0,20,3780.0
10251.0,0.49999999999999994,0.0,0,20,3780.0
10252.0,0.49999999999999994,0.0,0,20,3780.0
10253.0,0.49999999999999994,0.0,0,20,3780.0
10254.0,0.49999999999999994,0.0,0,20,3780.0
10255.0,0.49999999999999994,0.0,0,20,3780.0
10256.0,0.49999999999999994,0.0,0,20,3780.0
10257.0,0.49999999999999994,0.0,0,20,3780.0
10258.0,0.49999999999999994,0.0,0,20,3780.0
10259.0,0.49999999999999994,0.0,0,20,3780.0
10260.0,0.49999999999999994,0.0,0,20,3780.0
10261.0,0.49999999999999994,0.0,0,20,3780.0
10262.0,0.49999999999999994,0.0,0,20,3780.0
10263.0,0.49999999999999994,0.0,0,20,3780.0
10264.0,0.49999999999999994,0.0,0,20,3780.0
10265.0,0.49999999999999994,0.0,0,20,3780.0
10266.0,0.49999999999999994,0.0,0,20,3780.0
10267.0,0.49999999999999994,0.0,0,20,3780.0
10268.0,0.49999999999999994,0.0,0,20,3780.0
10269.0,0.49999999999999994,0.0,0,20,3780.0
10270.0,0.49999999999999994,0.0,0,20,3780.0
10271.0,0.49999999999999994,0.0,0,20,3780.0
10272.0,0.49999999999999994,0.0,0,20,3780.0
10273.0,0.49999999999999994,0.0,0,20,3780.0
10274.0,0.49999999999999994,0.0,0,20,3780.0
10275.0,0.49999999999999994,0.0,0,20,3780.0
10276.0,0.49999999999999994,0.0,0,20,3780.0
10277.0,0.49999999999999994,0.0,0,20,3780.0
10278.0,0.49999999999999994,0.0,0,20,3780.0
10279.0,0.49999999999999994,0.0,0,20,3780.0
10280.0,0.49999999999999994,0.0,0,20,3780.0
10281.0,0.49999999999999994,0.0,0,20,3780.0
10282.0,0.49999999999999994,0.0,0,20,3780.0
10283.0,0.49999999999999994,0.0,0,20,3780.0
10284.0,0.49999999999999994,0.0,0,20,3780.0
10285.0,0.49999999999999994,0.0,0,20,3780.0
10286.0,0.49999999999999994,0.0,0,20,3780.0
10287.0,0.49999999999999994,0.0,0,20,3780.0
10288.0,0.49999999999999994,0.0,0,20,3780.0
10289.0,0.49999999999999994,0.0,0,20,3780.0
10290.0,0.49999999999999994,0.0,0,20,3780.0
10291.0,0.49999999999999994,0.0,0,20,3780.0
10292.0,0.49999999999999994,0.0,0,20,3780.0
10293.0,0.49999999999999994,0.0,0,20,3780.0
10294.0,0.49999999999999994,0.0,0,20,3780.0
10295.0,0.49999999999999994,0.0,0,20,3780.0
10296.0,0.49999999999999994,0.0,0,20,3780.0
10297.0,0.49999999999999994,0.0,0,20,3780.0
10298.0,0.49999999999999994,0.0,0,20,3780.0
10299.0,0.49999999999999994,0.0,0,20,3780.0
10300.0,0.49999999999999994,0.0,0,20,3780.0
10301.0,0.49999999999999994,0.0,0,20,3780.0
10302.0,0.49999999999999994,0.0,0,20,3780.0
10303.0,0.49999999999999994,0.0,0,20,3780.0
10304.0,0.49999999999999994,0.0,0,20,3780.0
10305.0,0.49999999999999994,0.0,0,20,3780.0
10306.0,0.49999999999999994,0.0,0,20,3780.0
10307.0,0.49999999999999994,0.0,0,20,3780.0
10308.0,0.49999999999999994,0.0,0,20,3780.0
10309.0,0.49999999999999994,0.0,0,20,3780.0
10310.0,0.49999999999999994,0.0,0,20,3780.0
10311.0,0.49999999999999994,0.0,0,20,3780.0
10312.0,0.49999999999999994,0.0,0,20,3780.0
10313.0,0.49999999999999994,0.0,0,20,3780.0
10314.0,0.49999999999999994,0.0,0,20,3780.0
10315.0,0.49999999999999994,0.0,0,20,3780.0
10316.0,0.49999999999999994,0.0,0,20,3780.0
10317.0,0.49999999999999994,0.0,0,20,3780.0
10318.0,0.49999999999999994,0.0,0,20,3780.0
10319.0,0.49999999999999994,0.0,0,20,3780.0
10320.0,0.49999999999999994,0.0,0,20,3780.0
10321.0,0.49999999999999994,0.0,0,20,3780.0
10322.0,0.49999999999999994,0.0,0,20,3780.0
10323.0,0.49999999999999994,0.0,0,20,3780.0
10324.0,0.49999999999999994,0.0,0,20,3780.0
10325.0,0.49999999999999994,0.0,0,20,3780.0
10326.0,0.49999999999999994,0.0,0,20,3780.0
10327.0,0.49999999999999994,0.0,0,20,3780.0
10328.0,0.49999999999999994,0.0,0,20,3780.0
10329.0,0.49999999999999994,0.0,0,20,3780.0
10330.0,0.49999999999999994,0.0,0,20,3780.0
10331.0,0.49999999999999994,0.0,0,20,3780.0
10332.0,0.49999999999999994,0.0,0,20,3780.0
10333.0,0.49999999999999994,0.0,0,20,3780.0
10334.0,0.49999999999999994,0.0,0,20,3780.0
10335.0,0.49999999999999994,0.0,0,20,3780.0
10336.0,0.49999999999999994,0.0,0,20,3780.0
10337.0,0.49999999999999994,0.0,0,20,3780.0
10338.0,0.49999999999999994,0.0,0,20,3780.0
10339.0,0.49999999999999994,0.0,0,20,3780.0
10340.0,0.49999999999999994,0.0,0,20,3780.0
10341.0,0.49999999999999994,0.0,0,20,3780.0
10342.0,0.49999999999999994,0.0,0,20,3780.0
10343.0,0.49999999999999994,0.0,0,20,3780.0
10344.0,0.49999999999999994,0.0,0,20,3780.0
10345.0,0.49999999999999994,0.0,0,20,3780.0
10346.0,0.49999999999999994,0.0,0,20,3780.0
10347.0,0.49999999999999994,0.0,0,20,3780.0
10348.0,0.49999999999999994,0.0,0,20,3780.0
10349.0,0.49999999999999994,0.0,0,20,3780.0
10350.0,0.49999999999999994,0.0,0,20,3780.0
10351.0,0.49999999999999994,0.0,0,20,3780.0
10352.0,0.49999999999999994,0.0,0,20,3780.0
10353.0,0.49999999999999994,0.0,0,20,3780.0
10354.0,0.49999999999999994,0.0,0,20,3780.0
10355.0,0.49999999999999994,0.0,0,20,3780.0
10356.0,0.49999999999999994,0.0,0,20,3780.0
10357.0,0.49999999999999994,0.0,0,20,3780.0
10358.0,0.49999999999999994,0.0,0,20,3780.0
10359.0,0.49999999999999994,0.0,0,20,3780.0
10360.0,0.49999999999999994,0.0,0,20,3780.0
10361.0,0.49999999999999994,0.0,0,20,3780.0
10362.0,0.49999999999999994,0.0,0,20,3780.0
10363.0,0.49999999999999994,0.0,0,20,3780.0
10364.0,0.49999999999999994,0.0,0,20,3780.0
10365.0,0.49999999999999994,0.0,0,20,3780.0
10366.0,0.49999999999999994,0.0,0,20,3780.0
10367.0,0.49999999999999994,0.0,0,20,3780.0
10368.0,0.49999999999999994,0.0,0,20,3780.0
10369.0,0.49999999999999994,0.0,0,20,3780.0
10370.0,0.49999999999999994,0.0,0,20,3780.0
10371.0,0.49999999999999994,0.0,0,20,3780.0
10372.0,0.49999999999999994,0.0,0,20,3780.0
10373.0,0.49999999999999994,0.0,0,20,3780.0
10374.0,0.49999999999999994,0.0,0,20,3780.0
10375.0,0.49999999999999994,0.0,0,20,3780.0
10376.0,0.49999999999999994,0.0,0,20,3780.0
10377.0,0.49999999999999994,0.0,0,20,3780.0
10378.0,0.49999999999999994,0.0,0,20,3780.0
10379.0,0.49999999999999994,0.0,0,20,3780.0
10380.0,0.49999999999999994,0.0,0,20,3780.0
10381.0,0.49999999999999994,0.0,0,20,3780.0
10382.0,0.49999999999999994,0.0,0,20,3780.0
10383.0,0.49999999999999994,0.0,0,20,3780.0
10384.0,0.49999999999999994,0.0,0,20,3780.0
10385.0,0.49999999999999994,0.0,0,20,3780.0
10386.0,0.49999999999999994,0.0,0,20,3780.0
10387.0,0.49999999999999994,0.0,0,20,3780.0
10388.0,0.49999999999999994,0.0,0,20,3780.0
10389.0,0.49999999999999994,0.0,0,20,3780.0
10390.0,0.49999999999999994,0.0,0,20,3780.0
10391.0,0.49999999999999994,0.0,0,20,3780.0
10392.0,0.49999999999999994,0.0,0,20,3780.0
10393.0,0.49999999999999994,0.0,0,20,3780.0
10394.0,0.49999999999999994,0.0,0,20,3780.0
10395.0,0.49999999999999994,0.0,0,20,3780.0
10396.0,0.49999999999999994,0.0,0,20,3780.0
10397.0,0.49999999999999994,0.0,0,20,3780.0
10398.0,0.49999999999999994,0.0,0,20,3780.0
10399.0,0.49999999999999994,0.0,0,20,3780.0
10400.0,0.49999999999999994,0.0,0,20,3780.0
10401.0,0.49999999999999994,0.0,0,20,3780.0
10402.0,0.49999999999999994,0.0,0,20,3780.0
10403.0,0.49999999999999994,0.0,0,20,3780.0
10404.0,0.49999999999999994,0.0,0,20,3780.0
10405.0,0.49999999999999994,0.0,0,20,3780.0
10406.0,0.49999999999999994,0.0,0,20,3780.0
10407.0,0.49999999999999994,0.0,0,20,3780.0
10408.0,0.49999999999999994,0.0,0,20,3780.0
10409.0,0.49999999999999994,0.0,0,20,3780.0
10410.0,0.49999999999999994,0.0,0,20,3780.0
10411.0,0.49999999999999994,0.0,0,20,3780.0
10412.0,0.49999999999999994,0.0,0,20,3780.0
10413.0,0.49999999999999994,0.0,0,20,3780.0
10414.0,0.49999999999999994,0.0,0,20,3780.0
10415.0,0.49999999999999994,0.0,0,20,3780.0
10416.0,0.49999999999999994,0.0,0,20,3780.0
10417.0,0.49999999999999994,0.0,0,20,3780.0
10418.0,0.49999999999999994,0.0,0,20,3780.0
10419.0,0.49999999999999994,0.0,0,20,3780.0
10420.0,0.49999999999999994,0.0,0,20,3780.0
10421.0,0.49999999999999994,0.0,0,20,3780.0
10422.0,0.49999999999999994,0.0,0,20,3780.0
10423.0,0.49999999999999994,0.0,0,20,3780.0
10424.0,0.49999999999999994,0.0,0,20,3780.0
10425.0,0.49999999999999994,0.0,0,20,3780.0
10426.0,0.49999999999999994,0.0,0,20,3780.0
10427.0,0.49999999999999994,0.0,0,20,3780.0
10428.0,0.49999999999999994,0.0,0,20,3780.0
10429.0,0.49999999999999994,0.0,0,20,3780.0
10430.0,0.49999999999999994,0.0,0,20,3780.0
10431.0,0.49999999999999994,0.0,0,20,3780.0
10432.0,0.49999999999999994,0.0,0,20,3780.0
10433.0,0.49999999999999994,0.0,0,20,3780.0
10434.0,0.49999999999999994,0.0,0,20,3780.0
10435.0,0.49999999999999994,0.0,0,20,3780.0
10436.0,0.49999999999999994,0.0,0,20,3780.0
10437.0,0.49999999999999994,0.0,0,20,3780.0
10438.0,0.49999999999999994,0.0,0,20,3780.0
10439.0,0.49999999999999994,0.0,0,20,3780.0
10440.0,0.49999999999999994,0.0,0,20,3780.0
10441.0,0.49999999999999994,0.0,0,20,3780.0
10442.0,0.49999999999999994,0.0,0,20,3780.0
10443.0,0.49999999999999994,0.0,0,20,3780.0
10444.0,0.49999999999999994,0.0,0,20,3780.0
10445.0,0.49999999999999994,0.0,0,20,3780.0
10446.0,0.49999999999999994,0.0,0,20,3780.0
10447.0,0.49999999999999994,0.0,0,20,3780.0
10448.0,0.49999999999999994,0.0,0,20,3780.0
10449.0,0.49999999999999994,0.0,0,20,3780.0
10450.0,0.49999999999999994,0.0,0,20,3780.0
10451.0,0.49999999999999994,0.0,0,20,3780.0
10452.0,0.49999999999999994,0.0,0,20,3780.0
10453.0,0.49999999999999994,0.0,0,20,3780.0
10454.0,0.49999999999999994,0.0,0,20,3780.0
10455.0,0.49999999999999994,0.0,0,20,3780.0
10456.0,0.49999999999999994,0.0,0,20,3780.0
10457.0,0.49999999999999994,0.0,0,20,3780.0
10458.0,0.49999999999999994,0.0,0,20,3780.0
10459.0,0.49999999999999994,0.0,0,20,3780.0
10460.0,0.49999999999999994,0.0,0,20,3780.0
10461.0,0.49999999999999994,0.0,0,20,3780.0
10462.0,0.49999999999999994,0.0,0,20,3780.0
10463.0,0.49999999999999994,0.0,0,20,3780.0
10464.0,0.49999999999999994,0.0,0,20,3780.0
10465.0,0.49999999999999994,0.0,0,20,3780.0
10466.0,0.49999999999999994,0.0,0,20,3780.0
10467.0,0.49999999999999994,0.0,0,20,3780.0
10468.0,0.49999999999999994,0.0,0,20,3780.0
10469.0,0.49999999999999994,0.0,0,20,3780.0
10470.0,0.49999999999999994,0.0,0,20,3780.0
10471.0,0.49999999999999994,0.0,0,20,3780.0
10472.0,0.49999999999999994,0.0,0,20,3780.0
10473.0,0.49999999999999994,0.0,0,20,3780.0
10474.0,0.49999999999999994,0.0,0,20,3780.0
10475.0,0.49999999999999994,0.0,0,20,3780.0
10476.0,0.49999999999999994,0.0,0,20,3780.0
10477.0,0.49999999999999994,0.0,0,20,3780.0
10478.0,0.49999999999999994,0.0,0,20,3780.0
10479.0,0.49999999999999994,0.0,0,20,3780.0
10480.0,0.49999999999999994,0.0,0,20,3780.0
10481.0,0.49999999999999994,0.0,0,20,3780.0
10482.0,0.49999999999999994,0.0,0,20,3780.0
10483.0,0.49999999999999994,0.0,0,20,3780.0
10484.0,0.49999999999999994,0.0,0,20,3780.0
10485.0,0.49999999999999994,0.0,0,20,3780.0
10486.0,0.49999999999999994,0.0,0,20,3780.0
10487.0,0.49999999999999994,0.0,0,20,3780.0
10488.0,0.49999999999999994,0.0,0,20,3780.0
10489.0,0.49999999999999994,0.0,0,20,3780.0
10490.0,0.49999999999999994,0.0,0,20,3780.0
10491.0,0.49999999999999994,0.0,0,20,3780.0
10492.0,0.49999999999999994,0.0,0,20,3780.0
10493.0,0.49999999999999994,0.0,0,20,3780.0
10494.0,0.49999999999999994,0.0,0,20,3780.0
10495.0,0.49999999999999994,0.0,0,20,3780.0
10496.0,0.49999999999999994,0.0,0,20,3780.0
10497.0,0.49999999999999994,0.0,0,20,3780.0
10498.0,0.49999999999999994,0.0,0,20,3780.0
10499.0,0.49999999999999994,0.0,0,20,3780.0
10500.0,0.49999999999999994,0.0,0,20,3780.0
10501.0,0.49999999999999994,0.0,0,20,3780.0
10502.0,0.49999999999999994,0.0,0,20,3780.0
10503.0,0.49999999999999994,0.0,0,20,3780.0
10504.0,0.49999999999999994,0.0,0,20,3780.0
10505.0,0.49999999999999994,0.0,0,20,3780.0
10506.0,0.49999999999999994,0.0,0,20,3780.0
10507.0,0.49999999999999994,0.0,0,20,3780.0
10508.0,0.49999999999999994,0.0,0,20,3780.0
10509.0,0.49999999999999994,0.0,0,20,3780.0
10510.0,0.49999999999999994,0.0,0,20,3780.0
10511.0,0.49999999999999994,0.0,0,20,3780.0
10512.0,0.49999999999999994,0.0,0,20,3780.0
10513.0,0.49999999999999994,0.0,0,20,3780.0
10514.0,0.49999999999999994,0.0,0,20,3780.0
10515.0,0.49999999999999994,0.0,0,20,3780.0
10516.0,0.49999999999999994,0.0,0,20,3780.0
10517.0,0.49999999999999994,0.0,0,20,3780.0
10518.0,0.49999999999999994,0.0,0,20,3780.0
10519.0,0.49999999999999994,0.0,0,20,3780.0
10520.0,0.49999999999999994,0.0,0,20,3780.0
10521.0,0.49999999999999994,0.0,0,20,3780.0
10522.0,0.49999999999999994,0.0,0,20,3780.0
10523.0,0.49999999999999994,0.0,0,20,3780.0
10524.0,0.49999999999999994,0.0,0,20,3780.0
10525.0,0.49999999999999994,0.0,0,20,3780.0
10526.0,0.49999999999999994,0.0,0,20,3780.0
10527.0,0.49999999999999994,0.0,0,20,3780.0
10528.0,0.49999999999999994,0.0,0,20,3780.0
10529.0,0.49999999999999994,0.0,0,20,3780.0
10530.0,0.49999999999999994,0.0,0,20,3780.0
10531.0,0.49999999999999994,0.0,0,20,3780.0
10532.0,0.49999999999999994,0.0,0,20,3780.0
10533.0,0.49999999999999994,0.0,0,20,3780.0
10534.0,0.49999999999999994,0.0,0,20,3780.0
10535.0,0.49999999999999994,0.0,0,20,3780.0
10536.0,0.49999999999999994,0.0,0,20,3780.0
10537.0,0.49999999999999994,0.0,0,20,3780.0
10538.0,0.49999999999999994,0.0,0,20,3780.0
10539.0,0.49999999999999994,0.0,0,20,3780.0
10540.0,0.49999999999999994,0.0,0,20,3780.0
10541.0,0.49999999999999994,0.0,0,20,3780.0
10542.0,0.49999999999999994,0.0,0,20,3780.0
10543.0,0.49999999999999994,0.0,0,20,3780.0
10544.0,0.49999999999999994,0.0,0,20,3780.0
10545.0,0.49999999999999994,0.0,0,20,3780.0
10546.0,0.49999999999999994,0.0,0,20,3780.0
10547.0,0.49999999999999994,0.0,0,20,3780.0
10548.0,0.49999999999999994,0.0,0,20,3780.0
10549.0,0.49999999999999994,0.0,0,20,3780.0
10550.0,0.49999999999999994,0.0,0,20,3780.0
10551.0,0.49999999999999994,0.0,0,20,3780.0
10552.0,0.49999999999999994,0.0,0,20,3780.0
10553.0,0.49999999999999994,0.0,0,20,3780.0
10554.0,0.49999999999999994,0.0,0,20,3780.0
10555.0,0.49999999999999994,0.0,0,20,3780.0
10556.0,0.49999999999999994,0.0,0,20,3780.0
10557.0,0.49999999999999994,0.0,0,20,3780.0
10558.0,0.49999999999999994,0.0,0,20,3780.0
10559.0,0.49999999999999994,0.0,0,20,3780.0
10560.0,0.49999999999999994,0.0,0,20,3780.0
10561.0,0.49999999999999994,0.0,0,20,3780.0
10562.0,0.49999999999999994,0.0,0,20,3780.0
10563.0,0.49999999999999994,0.0,0,20,3780.0
10564.0,0.49999999999999994,0.0,0,20,3780.0
10565.0,0.49999999999999994,0.0,0,20,3780.0
10566.0,0.49999999999999994,0.0,0,20,3780.0
10567.0,0.49999999999999994,0.0,0,20,3780.0
10568.0,0.49999999999999994,0.0,0,20,3780.0
10569.0,0.49999999999999994,0.0,0,20,3780.0
10570.0,0.49999999999999994,0.0,0,20,3780.0
10571.0,0.49999999999999994,0.0,0,20,3780.0
10572.0,0.49999999999999994,0.0,0,20,3780.0
10573.0,0.49999999999999994,0.0,0,20,3780.0
10574.0,0.49999999999999994,0.0,0,20,3780.0
10575.0,0.49999999999999994,0.0,0,20,3780.0
10576.0,0.49999999999999994,0.0,0,20,3780.0
10577.0,0.49999999999999994,0.0,0,20,3780.0
10578.0,0.49999999999999994,0.0,0,20,3780.0
10579.0,0.49999999999999994,0.0,0,20,3780.0
10580.0,0.49999999999999994,0.0,0,20,3780.0
10581.0,0.49999999999999994,0.0,0,20,3780.0
10582.0,0.49999999999999994,0.0,0,20,3780.0
10583.0,0.49999999999999994,0.0,0,20,3780.0
10584.0,0.49999999999999994,0.0,0,20,3780.0
10585.0,0.49999999999999994,0.0,0,20,3780.0
10586.0,0.49999999999999994,0.0,0,20,3780.0
10587.0,0.49999999999999994,0.0,0,20,3780.0
10588.0,0.49999999999999994,0.0,0,20,3780.0
10589.0,0.49999999999999994,0.0,0,20,3780.0
10590.0,0.49999999999999994,0.0,0,20,3780.0
10591.0,0.49999999999999994,0.0,0,20,3780.0
10592.0,0.49999999999999994,0.0,0,20,3780.0
10593.0,0.49999999999999994,0.0,0,20,3780.0
10594.0,0.49999999999999994,0.0,0,20,3780.0
10595.0,0.49999999999999994,0.0,0,20,3780.0
10596.0,0.49999999999999994,0.0,0,20,3780.0
10597.0,0.49999999999999994,0.0,0,20,3780.0
10598.0,0.49999999999999994,0.0,0,20,3780.0
10599.0,0.49999999999999994,0.0,0,20,3780.0
10600.0,0.49999999999999994,0.0,0,20,3780.0
10601.0,0.49999999999999994,0.0,0,20,3780.0
10602.0,0.49999999999999994,0.0,0,20,3780.0
10603.0,0.49999999999999994,0.0,0,20,3780.0
10604.0,0.49999999999999994,0.0,0,20,3780.0
10605.0,0.49999999999999994,0.0,0,20,3780.0
10606.0,0.49999999999999994,0.0,0,20,3780.0
10607.0,0.49999999999999994,0.0,0,20,3780.0
10608.0,0.49999999999999994,0.0,0,20,3780.0
10609.0,0.49999999999999994,0.0,0,20,3780.0
10610.0,0.49999999999999994,0.0,0,20,3780.0
10611.0,0.49999999999999994,0.0,0,20,3780.0
10612.0,0.49999999999999994,0.0,0,20,3780.0
10613.0,0.49999999999999994,0.0,0,20,3780.0
10614.0,0.49999999999999994,0.0,0,20,3780.0
10615.0,0.49999999999999994,0.0,0,20,3780.0
10616.0,0.49999999999999994,0.0,0,20,3780.0
10617.0,0.49999999999999994,0.0,0,20,3780.0
10618.0,0.49999999999999994,0.0,0,20,3780.0
10619.0,0.49999999999999994,0.0,0,20,3780.0
10620.0,0.49999999999999994,0.0,0,20,3780.0
10621.0,0.49999999999999994,0.0,0,20,3780.0
10622.0,0.49999999999999994,0.0,0,20,3780.0
10623.0,0.49999999999999994,0.0,0,20,3780.0
10624.0,0.49999999999999994,0.0,0,20,3780.0
10625.0,0.49999999999999994,0.0,0,20,3780.0
10626.0,0.49999999999999994,0.0,0,20,3780.0
10627.0,0.49999999999999994,0.0,0,20,3780.0
10628.0,0.49999999999999994,0.0,0,20,3780.0
10629.0,0.49999999999999994,0.0,0,20,3780.0
10630.0,0.49999999999999994,0.0,0,20,3780.0
10631.0,0.49999999999999994,0.0,0,20,3780.0
10632.0,0.49999999999999994,0.0,0,20,3780.0
10633.0,0.49999999999999994,0.0,0,20,3780.0
10634.0,0.49999999999999994,0.0,0,20,3780.0
10635.0,0.49999999999999994,0.0,0,20,3780.0
10636.0,0.49999999999999994,0.0,0,20,3780.0
10637.0,0.49999999999999994,0.0,0,20,3780.0
10638.0,0.49999999999999994,0.0,0,20,3780.0
10639.0,0.49999999999999994,0.0,0,20,3780.0
10640.0,0.49999999999999994,0.0,0,20,3780.0
10641.0,0.49999999999999994,0.0,0,20,3780.0
10642.0,0.49999999999999994,0.0,0,20,3780.0
10643.0,0.49999999999999994,0.0,0,20,3780.0
10644.0,0.49999999999999994,0.0,0,20,3780.0
10645.0,0.49999999999999994,0.0,0,20,3780.0
10646.0,0.49999999999999994,0.0,0,20,3780.0
10647.0,0.49999999999999994,0.0,0,20,3780.0
10648.0,0.49999999999999994,0.0,0,20,3780.0
10649.0,0.49999999999999994,0.0,0,20,3780.0
10650.0,0.49999999999999994,0.0,0,20,3780.0
10651.0,0.49999999999999994,0.0,0,20,3780.0
10652.0,0.49999999999999994,0.0,0,20,3780.0
10653.0,0.49999999999999994,0.0,0,20,3780.0
10654.0,0.49999999999999994,0.0,0,20,3780.0
10655.0,0.49999999999999994,0.0,0,20,3780.0
10656.0,0.49999999999999994,0.0,0,20,3780.0
10657.0,0.49999999999999994,0.0,0,20,3780.0
10658.0,0.49999999999999994,0.0,0,20,3780.0
10659.0,0.49999999999999994,0.0,0,20,3780.0
10660.0,0.49999999999999994,0.0,0,20,3780.0
10661.0,0.49999999999999994,0.0,0,20,3780.0
10662.0,0.49999999999999994,0.0,0,20,3780.0
10663.0,0.49999999999999994,0.0,0,20,3780.0
10664.0,0.49999999999999994,0.0,0,20,3780.0
10665.0,0.49999999999999994,0.0,0,20,3780.0
10666.0,0.49999999999999994,0.0,0,20,3780.0
10667.0,0.49999999999999994,0.0,0,20,3780.0
10668.0,0.49999999999999994,0.0,0,20,3780.0
10669.0,0.49999999999999994,0.0,0,20,3780.0
10670.0,0.49999999999999994,0.0,0,20,3780.0
10671.0,0.49999999999999994,0.0,0,20,3780.0
10672.0,0.49999999999999994,0.0,0,20,3780.0
10673.0,0.49999999999999994,0.0,0,20,3780.0
10674.0,0.49999999999999994,0.0,0,20,3780.0
10675.0,0.49999999999999994,0.0,0,20,3780.0
10676.0,0.49999999999999994,0.0,0,20,3780.0
10677.0,0.49999999999999994,0.0,0,20,3780.0
10678.0,0.49999999999999994,0.0,0,20,3780.0
10679.0,0.49999999999999994,0.0,0,20,3780.0
10680.0,0.49999999999999994,0.0,0,20,3780.0
10681.0,0.49999999999999994,0.0,0,20,3780.0
10682.0,0.49999999999999994,0.0,0,20,3780.0
10683.0,0.49999999999999994,0.0,0,20,3780.0
10684.0,0.49999999999999994,0.0,0,20,3780.0
10685.0,0.49999999999999994,0.0,0,20,3780.0
10686.0,0.49999999999999994,0.0,0,20,3780.0
10687.0,0.49999999999999994,0.0,0,20,3780.0
10688.0,0.49999999999999994,0.0,0,20,3780.0
10689.0,0.49999999999999994,0.0,0,20,3780.0
10690.0,0.49999999999999994,0.0,0,20,3780.0
10691.0,0.49999999999999994,0.0,0,20,3780.0
10692.0,0.49999999999999994,0.0,0,20,3780.0
10693.0,0.49999999999999994,0.0,0,20,3780.0
10694.0,0.49999999999999994,0.0,0,20,3780.0
10695.0,0.49999999999999994,0.0,0,20,3780.0
10696.0,0.49999999999999994,0.0,0,20,3780.0
10697.0,0.49999999999999994,0.0,0,20,3780.0
10698.0,0.49999999999999994,0.0,0,20,3780.0
10699.0,0.49999999999999994,0.0,0,20,3780.0
10700.0,0.49999999999999994,0.0,0,20,3780.0
10701.0,0.49999999999999994,0.0,0,20,3780.0
10702.0,0.49999999999999994,0.0,0,20,3780.0
10703.0,0.49999999999999994,0.0,0,20,3780.0
10704.0,0.49999999999999994,0.0,0,20,3780.0
10705.0,0.49999999999999994,0.0,0,20,3780.0
10706.0,0.49999999999999994,0.0,0,20,3780.0
10707.0,0.49999999999999994,0.0,0,20,3780.0
10708.0,0.49999999999999994,0.0,0,20,3780.0
10709.0,0.49999999999999994,0.0,0,20,3780.0
10710.0,0.49999999999999994,0.0,0,20,3780.0
10711.0,0.49999999999999994,0.0,0,20,3780.0
10712.0,0.49999999999999994,0.0,0,20,3780.0
10713.0,0.49999999999999994,0.0,0,20,3780.0
10714.0,0.49999999999999994,0.0,0,20,3780.0
10715.0,0.49999999999999994,0.0,0,20,3780.0
10716.0,0.49999999999999994,0.0,0,20,3780.0
10717.0,0.49999999999999994,0.0,0,20,3780.0
10718.0,0.49999999999999994,0.0,0,20,3780.0
10719.0,0.49999999999999994,0.0,0,20,3780.0
10720.0,0.49999999999999994,0.0,0,20,3780.0
10721.0,0.49999999999999994,0.0,0,20,3780.0
10722.0,0.49999999999999994,0.0,0,20,3780.0
10723.0,0.49999999999999994,0.0,0,20,3780.0
10724.0,0.49999999999999994,0.0,0,20,3780.0
10725.0,0.49999999999999994,0.0,0,20,3780.0
10726.0,0.49999999999999994,0.0,0,20,3780.0
10727.0,0.49999999999999994,0.0,0,20,3780.0
10728.0,0.49999999999999994,0.0,0,20,3780.0
10729.0,0.49999999999999994,0.0,0,20,3780.0
10730.0,0.49999999999999994,0.0,0,20,3780.0
10731.0,0.49999999999999994,0.0,0,20,3780.0
10732.0,0.49999999999999994,0.0,0,20,3780.0
10733.0,0.49999999999999994,0.0,0,20,3780.0
10734.0,0.49999999999999994,0.0,0,20,3780.0
10735.0,0.49999999999999994,0.0,0,20,3780.0
10736.0,0.49999999999999994,0.0,0,20,3780.0
10737.0,0.49999999999999994,0.0,0,20,3780.0
10738.0,0.49999999999999994,0.0,0,20,3780.0
10739.0,0.49999999999999994,0.0,0,20,3780.0
10740.0,0.49999999999999994,0.0,0,20,3780.0
10741.0,0.49999999999999994,0.0,0,20,3780.0
10742.0,0.49999999999999994,0.0,0,20,3780.0
10743.0,0.49999999999999994,0.0,0,20,3780.0
10744.0,0.49999999999999994,0.0,0,20,3780.0
10745.0,0.49999999999999994,0.0,0,20,3780.0
10746.0,0.49999999999999994,0.0,0,20,3780.0
10747.0,0.49999999999999994,0.0,0,20,3780.0
10748.0,0.49999999999999994,0.0,0,20,3780.0
10749.0,0.49999999999999994,0.0,0,20,3780.0
10750.0,0.49999999999999994,0.0,0,20,3780.0
10751.0,0.49999999999999994,0.0,0,20,3780.0
10752.0,0.49999999999999994,0.0,0,20,3780.0
10753.0,0.49999999999999994,0.0,0,20,3780.0
10754.0,0.49999999999999994,0.0,0,20,3780.0
10755.0,0.49999999999999994,0.0,0,20,3780.0
10756.0,0.49999999999999994,0.0,0,20,3780.0
10757.0,0.49999999999999994,0.0,0,20,3780.0
10758.0,0.49999999999999994,0.0,0,20,3780.0
10759.0,0.49999999999999994,0.0,0,20,3780.0
10760.0,0.49999999999999994,0.0,0,20,3780.0
10761.0,0.49999999999999994,0.0,0,20,3780.0
10762.0,0.49999999999999994,0.0,0,20,3780.0
10763.0,0.49999999999999994,0.0,0,20,3780.0
10764.0,0.49999999999999994,0.0,0,20,3780.0
10765.0,0.49999999999999994,0.0,0,20,3780.0
10766.0,0.49999999999999994,0.0,0,20,3780.0
10767.0,0.49999999999999994,0.0,0,20,3780.0
10768.0,0.49999999999999994,0.0,0,20,3780.0
10769.0,0.49999999999999994,0.0,0,20,3780.0
10770.0,0.49999999999999994,0.0,0,20,3780.0
10771.0,0.49999999999999994,0.0,0,20,3780.0
10772.0,0.49999999999999994,0.0,0,20,3780.0
10773.0,0.49999999999999994,0.0,0,20,3780.0
10774.0,0.49999999999999994,0.0,0,20,3780.0
10775.0,0.49999999999999994,0.0,0,20,3780.0
10776.0,0.49999999999999994,0.0,0,20,3780.0
10777.0,0.49999999999999994,0.0,0,20,3780.0
10778.0,0.49999999999999994,0.0,0,20,3780.0
10779.0,0.49999999999999994,0.0,0,20,3780.0
10780.0,0.49999999999999994,0.0,0,20,3780.0
10781.0,0.49999999999999994,0.0,0,20,3780.0
10782.0,0.49999999999999994,0.0,0,20,3780.0
10783.0,0.49999999999999994,0.0,0,20,3780.0
10784.0,0.49999999999999994,0.0,0,20,3780.0
10785.0,0.49999999999999994,0.0,0,20,3780.0
10786.0,0.49999999999999994,0.0,0,20,3780.0
10787.0,0.49999999999999994,0.0,0,20,3780.0
10788.0,0.49999999999999994,0.0,0,20,3780.0
10789.0,0.49999999999999994,0.0,0,20,3780.0
10790.0,0.49999999999999994,0.0,0,20,3780.0
10791.0,0.49999999999999994,0.0,0,20,3780.0
10792.0,0.49999999999999994,0.0,0,20,3780.0
10793.0,0.49999999999999994,0.0,0,20,3780.0
10794.0,0.49999999999999994,0.0,0,20,3780.0
10795.0,0.49999999999999994,0.0,0,20,3780.0
10796.0,0.49999999999999994,0.0,0,20,3780.0
10797.0,0.49999999999999994,0.0,0,20,3780.0
10798.0,0.49999999999999994,0.0,0,20,3780.0
10799.0,0.49999999999999994,0.0,0,20,3780.0
10800.0,0.49999999999999994,0.0,0,20,3780.0
10801.0,0.49999999999999994,0.0,0,20,3780.0
10802.0,0.49999999999999994,0.0,0,20,3780.0
10803.0,0.49999999999999994,0.0,0,20,3780.0
10804.0,0.49999999999999994,0.0,0,20,3780.0
10805.0,0.49999999999999994,0.0,0,20,3780.0
10806.0,0.49999999999999994,0.0,0,20,3780.0
10807.0,0.49999999999999994,0.0,0,20,3780.0
10808.0,0.49999999999999994,0.0,0,20,3780.0
10809.0,0.49999999999999994,0.0,0,20,3780.0
10810.0,0.49999999999999994,0.0,0,20,3780.0
10811.0,0.49999999999999994,0.0,0,20,3780.0
10812.0,0.49999999999999994,0.0,0,20,3780.0
10813.0,0.49999999999999994,0.0,0,20,3780.0
10814.0,0.49999999999999994,0.0,0,20,3780.0
10815.0,0.49999999999999994,0.0,0,20,3780.0
10816.0,0.49999999999999994,0.0,0,20,3780.0
10817.0,0.49999999999999994,0.0,0,20,3780.0
10818.0,0.49999999999999994,0.0,0,20,3780.0
10819.0,0.49999999999999994,0.0,0,20,3780.0
10820.0,0.49999999999999994,0.0,0,20,3780.0
10821.0,0.49999999999999994,0.0,0,20,3780.0
10822.0,0.49999999999999994,0.0,0,20,3780.0
10823.0,0.49999999999999994,0.0,0,20,3780.0
10824.0,0.49999999999999994,0.0,0,20,3780.0
10825.0,0.49999999999999994,0.0,0,20,3780.0
10826.0,0.49999999999999994,0.0,0,20,3780.0
10827.0,0.49999999999999994,0.0,0,20,3780.0
10828.0,0.49999999999999994,0.0,0,20,3780.0
10829.0,0.49999999999999994,0.0,0,20,3780.0
10830.0,0.49999999999999994,0.0,0,20,3780.0
10831.0,0.49999999999999994,0.0,0,20,3780.0
10832.0,0.49999999999999994,0.0,0,20,3780.0
10833.0,0.49999999999999994,0.0,0,20,3780.0
10834.0,0.49999999999999994,0.0,0,20,3780.0
10835.0,0.49999999999999994,0.0,0,20,3780.0
10836.0,0.49999999999999994,0.0,0,20,3780.0
10837.0,0.49999999999999994,0.0,0,20,3780.0
10838.0,0.49999999999999994,0.0,0,20,3780.0
10839.0,0.49999999999999994,0.0,0,20,3780.0
10840.0,0.49999999999999994,0.0,0,20,3780.0
10841.0,0.49999999999999994,0.0,0,20,3780.0
10842.0,0.49999999999999994,0.0,0,20,3780.0
10843.0,0.49999999999999994,0.0,0,20,3780.0
10844.0,0.49999999999999994,0.0,0,20,3780.0
10845.0,0.49999999999999994,0.0,0,20,3780.0
10846.0,0.49999999999999994,0.0,0,20,3780.0
10847.0,0.49999999999999994,0.0,0,20,3780.0
10848.0,0.49999999999999994,0.0,0,20,3780.0
10849.0,0.49999999999999994,0.0,0,20,3780.0
10850.0,0.49999999999999994,0.0,0,20,3780.0
10851.0,0.49999999999999994,0.0,0,20,3780.0
10852.0,0.49999999999999994,0.0,0,20,3780.0
10853.0,0.49999999999999994,0.0,0,20,3780.0
10854.0,0.49999999999999994,0.0,0,20,3780.0
10855.0,0.49999999999999994,0.0,0,20,3780.0
10856.0,0.49999999999999994,0.0,0,20,3780.0
10857.0,0.49999999999999994,0.0,0,20,3780.0
10858.0,0.49999999999999994,0.0,0,20,3780.0
10859.0,0.49999999999999994,0.0,0,20,3780.0
10860.0,0.49999999999999994,0.0,0,20,3780.0
10861.0,0.49999999999999994,0.0,0,20,3780.0
10862.0,0.49999999999999994,0.0,0,20,3780.0
10863.0,0.49999999999999994,0.0,0,20,3780.0
10864.0,0.49999999999999994,0.0,0,20,3780.0
10865.0,0.49999999999999994,0.0,0,20,3780.0
10866.0,0.49999999999999994,0.0,0,20,3780.0
10867.0,0.49999999999999994,0.0,0,20,3780.0
10868.0,0.49999999999999994,0.0,0,20,3780.0
10869.0,0.49999999999999994,0.0,0,20,3780.0
10870.0,0.49999999999999994,0.0,0,20,3780.0
10871.0,0.49999999999999994,0.0,0,20,3780.0
10872.0,0.49999999999999994,0.0,0,20,3780.0
10873.0,0.49999999999999994,0.0,0,20,3780.0
10874.0,0.49999999999999994,0.0,0,20,3780.0
10875.0,0.49999999999999994,0.0,0,20,3780.0
10876.0,0.49999999999999994,0.0,0,20,3780.0
10877.0,0.49999999999999994,0.0,0,20,3780.0
10878.0,0.49999999999999994,0.0,0,20,3780.0
10879.0,0.49999999999999994,0.0,0,20,3780.0
10880.0,0.49999999999999994,0.0,0,20,3780.0
10881.0,0.49999999999999994,0.0,0,20,3780.0
10882.0,0.49999999999999994,0.0,0,20,3780.0
10883.0,0.49999999999999994,0.0,0,20,3780.0
10884.0,0.49999999999999994,0.0,0,20,3780.0
10885.0,0.49999999999999994,0.0,0,20,3780.0
10886.0,0.49999999999999994,0.0,0,20,3780.0
10887.0,0.49999999999999994,0.0,0,20,3780.0
10888.0,0.49999999999999994,0.0,0,20,3780.0
10889.0,0.49999999999999994,0.0,0,20,3780.0
10890.0,0.49999999999999994,0.0,0,20,3780.0
10891.0,0.49999999999999994,0.0,0,20,3780.0
10892.0,0.49999999999999994,0.0,0,20,3780.0
10893.0,0.49999999999999994,0.0,0,20,3780.0
10894.0,0.49999999999999994,0.0,0,20,3780.0
10895.0,0.49999999999999994,0.0,0,20,3780.0
10896.0,0.49999999999999994,0.0,0,20,3780.0
10897.0,0.49999999999999994,0.0,0,20,3780.0
10898.0,0.49999999999999994,0.0,0,20,3780.0
10899.0,0.49999999999999994,0.0,0,20,3780.0
10900.0,0.49999999999999994,0.0,0,20,3780.0
10901.0,0.49999999999999994,0.0,0,20,3780.0
10902.0,0.49999999999999994,0.0,0,20,3780.0
10903.0,0.49999999999999994,0.0,0,20,3780.0
10904.0,0.49999999999999994,0.0,0,20,3780.0
10905.0,0.49999999999999994,0.0,0,20,3780.0
10906.0,0.49999999999999994,0.0,0,20,3780.0
10907.0,0.49999999999999994,0.0,0,20,3780.0
10908.0,0.49999999999999994,0.0,0,20,3780.0
10909.0,0.49999999999999994,0.0,0,20,3780.0
10910.0,0.49999999999999994,0.0,0,20,3780.0
10911.0,0.49999999999999994,0.0,0,20,3780.0
10912.0,0.49999999999999994,0.0,0,20,3780.0
10913.0,0.49999999999999994,0.0,0,20,3780.0
10914.0,0.49999999999999994,0.0,0,20,3780.0
10915.0,0.49999999999999994,0.0,0,20,3780.0
10916.0,0.49999999999999994,0.0,0,20,3780.0
10917.0,0.49999999999999994,0.0,0,20,3780.0
10918.0,0.49999999999999994,0.0,0,20,3780.0
10919.0,0.49999999999999994,0.0,0,20,3780.0
10920.0,0.49999999999999994,0.0,0,20,3780.0
10921.0,0.49999999999999994,0.0,0,20,3780.0
10922.0,0.49999999999999994,0.0,0,20,3780.0
10923.0,0.49999999999999994,0.0,0,20,3780.0
10924.0,0.49999999999999994,0.0,0,20,3780.0
10925.0,0.49999999999999994,0.0,0,20,3780.0
10926.0,0.49999999999999994,0.0,0,20,3780.0
10927.0,0.49999999999999994,0.0,0,20,3780.0
10928.0,0.49999999999999994,0.0,0,20,3780.0
10929.0,0.49999999999999994,0.0,0,20,3780.0
10930.0,0.49999999999999994,0.0,0,20,3780.0
10931.0,0.49999999999999994,0.0,0,20,3780.0
10932.0,0.49999999999999994,0.0,0,20,3780.0
10933.0,0.49999999999999994,0.0,0,20,3780.0
10934.0,0.49999999999999994,0.0,0,20,3780.0
10935.0,0.49999999999999994,0.0,0,20,3780.0
10936.0,0.49999999999999994,0.0,0,20,3780.0
10937.0,0.49999999999999994,0.0,0,20,3780.0
10938.0,0.49999999999999994,0.0,0,20,3780.0
10939.0,0.49999999999999994,0.0,0,20,3780.0
10940.0,0.49999999999999994,0.0,0,20,3780.0
10941.0,0.49999999999999994,0.0,0,20,3780.0
10942.0,0.49999999999999994,0.0,0,20,3780.0
10943.0,0.49999999999999994,0.0,0,20,3780.0
10944.0,0.49999999999999994,0.0,0,20,3780.0
10945.0,0.49999999999999994,0.0,0,20,3780.0
10946.0,0.49999999999999994,0.0,0,20,3780.0
10947.0,0.49999999999999994,0.0,0,20,3780.0
10948.0,0.49999999999999994,0.0,0,20,3780.0
10949.0,0.49999999999999994,0.0,0,20,3780.0
10950.0,0.49999999999999994,0.0,0,20,3780.0
10951.0,0.49999999999999994,0.0,0,20,3780.0
10952.0,0.49999999999999994,0.0,0,20,3780.0
10953.0,0.49999999999999994,0.0,0,20,3780.0
10954.0,0.49999999999999994,0.0,0,20,3780.0
10955.0,0.49999999999999994,0.0,0,20,3780.0
10956.0,0.49999999999999994,0.0,0,20,3780.0
10957.0,0.49999999999999994,0.0,0,20,3780.0
10958.0,0.49999999999999994,0.0,0,20,3780.0
10959.0,0.49999999999999994,0.0,0,20,3780.0
10960.0,0.49999999999999994,0.0,0,20,3780.0
10961.0,0.49999999999999994,0.0,0,20,3780.0
10962.0,0.49999999999999994,0.0,0,20,3780.0
10963.0,0.49999999999999994,0.0,0,20,3780.0
10964.0,0.49999999999999994,0.0,0,20,3780.0
10965.0,0.49999999999999994,0.0,0,20,3780.0
10966.0,0.49999999999999994,0.0,0,20,3780.0
10967.0,0.49999999999999994,0.0,0,20,3780.0
10968.0,0.49999999999999994,0.0,0,20,3780.0
10969.0,0.49999999999999994,0.0,0,20,3780.0
10970.0,0.49999999999999994,0.0,0,20,3780.0
10971.0,0.49999999999999994,0.0,0,20,3780.0
10972.0,0.49999999999999994,0.0,0,20,3780.0
10973.0,0.49999999999999994,0.0,0,20,3780.0
10974.0,0.49999999999999994,0.0,0,20,3780.0
10975.0,0.49999999999999994,0.0,0,20,3780.0
10976.0,0.49999999999999994,0.0,0,20,3780.0
10977.0,0.49999999999999994,0.0,0,20,3780.0
10978.0,0.49999999999999994,0.0,0,20,3780.0
10979.0,0.49999999999999994,0.0,0,20,3780.0
10980.0,0.49999999999999994,0.0,0,20,3780.0
10981.0,0.49999999999999994,0.0,0,20,3780.0
10982.0,0.49999999999999994,0.0,0,20,3780.0
10983.0,0.49999999999999994,0.0,0,20,3780.0
10984.0,0.49999999999999994,0.0,0,20,3780.0
10985.0,0.49999999999999994,0.0,0,20,3780.0
10986.0,0.49999999999999994,0.0,0,20,3780.0
10987.0,0.49999999999999994,0.0,0,20,3780.0
10988.0,0.49999999999999994,0.0,0,20,3780.0
10989.0,0.49999999999999994,0.0,0,20,3780.0
10990.0,0.49999999999999994,0.0,0,20,3780.0
10991.0,0.49999999999999994,0.0,0,20,3780.0
10992.0,0.49999999999999994,0.0,0,20,3780.0
10993.0,0.49999999999999994,0.0,0,20,3780.0
10994.0,0.49999999999999994,0.0,0,20,3780.0
10995.0,0.49999999999999994,0.0,0,20,3780.0
10996.0,0.49999999999999994,0.0,0,20,3780.0
10997.0,0.49999999999999994,0.0,0,20,3780.0
10998.0,0.49999999999999994,0.0,0,20,3780.0
10999.0,0.49999999999999994,0.0,0,20,3780.0
11000.0,0.49999999999999994,0.0,0,20,3780.0
11001.0,0.49999999999999994,0.0,0,20,3780.0
11002.0,0.49999999999999994,0.0,0,20,3780.0
11003.0,0.49999999999999994,0.0,0,20,3780.0
11004.0,0.49999999999999994,0.0,0,20,3780.0
11005.0,0.49999999999999994,0.0,0,20,3780.0
11006.0,0.49999999999999994,0.0,0,20,3780.0
11007.0,0.49999999999999994,0.0,0,20,3780.0
11008.0,0.49999999999999994,0.0,0,20,3780.0
11009.0,0.49999999999999994,0.0,0,20,3780.0
11010.0,0.49999999999999994,0.0,0,20,3780.0
11011.0,0.49999999999999994,0.0,0,20,3780.0
11012.0,0.49999999999999994,0.0,0,20,3780.0
11013.0,0.49999999999999994,0.0,0,20,3780.0
11014.0,0.49999999999999994,0.0,0,20,3780.0
11015.0,0.49999999999999994,0.0,0,20,3780.0
11016.0,0.49999999999999994,0.0,0,20,3780.0
11017.0,0.49999999999999994,0.0,0,20,3780.0
11018.0,0.49999999999999994,0.0,0,20,3780.0
11019.0,0.49999999999999994,0.0,0,20,3780.0
11020.0,0.49999999999999994,0.0,0,20,3780.0
11021.0,0.49999999999999994,0.0,0,20,3780.0
11022.0,0.49999999999999994,0.0,0,20,3780.0
11023.0,0.49999999999999994,0.0,0,20,3780.0
11024.0,0.49999999999999994,0.0,0,20,3780.0
11025.0,0.49999999999999994,0.0,0,20,3780.0
11026.0,0.49999999999999994,0.0,0,20,3780.0
11027.0,0.49999999999999994,0.0,0,20,3780.0
11028.0,0.49999999999999994,0.0,0,20,3780.0
11029.0,0.49999999999999994,0.0,0,20,3780.0
11030.0,0.49999999999999994,0.0,0,20,3780.0
11031.0,0.49999999999999994,0.0,0,20,3780.0
11032.0,0.49999999999999994,0.0,0,20,3780.0
11033.0,0.49999999999999994,0.0,0,20,3780.0
11034.0,0.49999999999999994,0.0,0,20,3780.0
11035.0,0.49999999999999994,0.0,0,20,3780.0
11036.0,0.49999999999999994,0.0,0,20,3780.0
11037.0,0.49999999999999994,0.0,0,20,3780.0
11038.0,0.49999999999999994,0.0,0,20,3780.0
11039.0,0.49999999999999994,0.0,0,20,3780.0
11040.0,0.49999999999999994,0.0,0,20,3780.0
11041.0,0.49999999999999994,0.0,0,20,3780.0
11042.0,0.49999999999999994,0.0,0,20,3780.0
11043.0,0.49999999999999994,0.0,0,20,3780.0
11044.0,0.49999999999999994,0.0,0,20,3780.0
11045.0,0.49999999999999994,0.0,0,20,3780.0
11046.0,0.49999999999999994,0.0,0,20,3780.0
11047.0,0.49999999999999994,0.0,0,20,3780.0
11048.0,0.49999999999999994,0.0,0,20,3780.0
11049.0,0.49999999999999994,0.0,0,20,3780.0
11050.0,0.49999999999999994,0.0,0,20,3780.0
11051.0,0.49999999999999994,0.0,0,20,3780.0
11052.0,0.49999999999999994,0.0,0,20,3780.0
11053.0,0.49999999999999994,0.0,0,20,3780.0
11054.0,0.49999999999999994,0.0,0,20,3780.0
11055.0,0.49999999999999994,0.0,0,20,3780.0
11056.0,0.49999999999999994,0.0,0,20,3780.0
11057.0,0.49999999999999994,0.0,0,20,3780.0
11058.0,0.49999999999999994,0.0,0,20,3780.0
11059.0,0.49999999999999994,0.0,0,20,3780.0
11060.0,0.49999999999999994,0.0,0,20,3780.0
11061.0,0.49999999999999994,0.0,0,20,3780.0
11062.0,0.49999999999999994,0.0,0,20,3780.0
11063.0,0.49999999999999994,0.0,0,20,3780.0
11064.0,0.49999999999999994,0.0,0,20,3780.0
11065.0,0.49999999999999994,0.0,0,20,3780.0
11066.0,0.49999999999999994,0.0,0,20,3780.0
11067.0,0.49999999999999994,0.0,0,20,3780.0
11068.0,0.49999999999999994,0.0,0,20,3780.0
11069.0,0.49999999999999994,0.0,0,20,3780.0
11070.0,0.49999999999999994,0.0,0,20,3780.0
11071.0,0.49999999999999994,0.0,0,20,3780.0
11072.0,0.49999999999999994,0.0,0,20,3780.0
11073.0,0.49999999999999994,0.0,0,20,3780.0
11074.0,0.49999999999999994,0.0,0,20,3780.0
11075.0,0.49999999999999994,0.0,0,20,3780.0
11076.0,0.49999999999999994,0.0,0,20,3780.0
11077.0,0.49999999999999994,0.0,0,20,3780.0
11078.0,0.49999999999999994,0.0,0,20,3780.0
11079.0,0.49999999999999994,0.0,0,20,3780.0
11080.0,0.49999999999999994,0.0,0,20,3780.0
11081.0,0.49999999999999994,0.0,0,20,3780.0
11082.0,0.49999999999999994,0.0,0,20,3780.0
11083.0,0.49999999999999994,0.0,0,20,3780.0
11084.0,0.49999999999999994,0.0,0,20,3780.0
11085.0,0.49999999999999994,0.0,0,20,3780.0
11086.0,0.49999999999999994,0.0,0,20,3780.0
11087.0,0.49999999999999994,0.0,0,20,3780.0
11088.0,0.49999999999999994,0.0,0,20,3780.0
11089.0,0.49999999999999994,0.0,0,20,3780.0
11090.0,0.49999999999999994,0.0,0,20,3780.0
11091.0,0.49999999999999994,0.0,0,20,3780.0
11092.0,0.49999999999999994,0.0,0,20,3780.0
11093.0,0.49999999999999994,0.0,0,20,3780.0
11094.0,0.49999999999999994,0.0,0,20,3780.0
11095.0,0.49999999999999994,0.0,0,20,3780.0
11096.0,0.49999999999999994,0.0,0,20,3780.0
11097.0,0.49999999999999994,0.0,0,20,3780.0
11098.0,0.49999999999999994,0.0,0,20,3780.0
11099.0,0.49999999999999994,0.0,0,20,3780.0
11100.0,0.49999999999999994,0.0,0,20,3780.0
11101.0,0.49999999999999994,0.0,0,20,3780.0
11102.0,0.49999999999999994,0.0,0,20,3780.0
11103.0,0.49999999999999994,0.0,0,20,3780.0
11104.0,0.49999999999999994,0.0,0,20,3780.0
11105.0,0.49999999999999994,0.0,0,20,3780.0
11106.0,0.49999999999999994,0.0,0,20,3780.0
11107.0,0.49999999999999994,0.0,0,20,3780.0
11108.0,0.49999999999999994,0.0,0,20,3780.0
11109.0,0.49999999999999994,0.0,0,20,3780.0
11110.0,0.49999999999999994,0.0,0,20,3780.0
11111.0,0.49999999999999994,0.0,0,20,3780.0
11112.0,0.49999999999999994,0.0,0,20,3780.0
11113.0,0.49999999999999994,0.0,0,20,3780.0
11114.0,0.49999999999999994,0.0,0,20,3780.0
11115.0,0.49999999999999994,0.0,0,20,3780.0
11116.0,0.49999999999999994,0.0,0,20,3780.0
11117.0,0.49999999999999994,0.0,0,20,3780.0
11118.0,0.49999999999999994,0.0,0,20,3780.0
11119.0,0.49999999999999994,0.0,0,20,3780.0
11120.0,0.49999999999999994,0.0,0,20,3780.0
11121.0,0.49999999999999994,0.0,0,20,3780.0
11122.0,0.49999999999999994,0.0,0,20,3780.0
11123.0,0.49999999999999994,0.0,0,20,3780.0
11124.0,0.49999999999999994,0.0,0,20,3780.0
11125.0,0.49999999999999994,0.0,0,20,3780.0
11126.0,0.49999999999999994,0.0,0,20,3780.0
11127.0,0.49999999999999994,0.0,0,20,3780.0
11128.0,0.49999999999999994,0.0,0,20,3780.0
11129.0,0.49999999999999994,0.0,0,20,3780.0
11130.0,0.49999999999999994,0.0,0,20,3780.0
11131.0,0.49999999999999994,0.0,0,20,3780.0
11132.0,0.49999999999999994,0.0,0,20,3780.0
11133.0,0.49999999999999994,0.0,0,20,3780.0
11134.0,0.49999999999999994,0.0,0,20,3780.0
11135.0,0.49999999999999994,0.0,0,20,3780.0
11136.0,0.49999999999999994,0.0,0,20,3780.0
11137.0,0.49999999999999994,0.0,0,20,3780.0
11138.0,0.49999999999999994,0.0,0,20,3780.0
11139.0,0.49999999999999994,0.0,0,20,3780.0
11140.0,0.49999999999999994,0.0,0,20,3780.0
11141.0,0.49999999999999994,0.0,0,20,3780.0
11142.0,0.49999999999999994,0.0,0,20,3780.0
11143.0,0.49999999999999994,0.0,0,20,3780.0
11144.0,0.49999999999999994,0.0,0,20,3780.0
11145.0,0.49999999999999994,0.0,0,20,3780.0
11146.0,0.49999999999999994,0.0,0,20,3780.0
11147.0,0.49999999999999994,0.0,0,20,3780.0
11148.0,0.49999999999999994,0.0,0,20,3780.0
11149.0,0.49999999999999994,0.0,0,20,3780.0
11150.0,0.49999999999999994,0.0,0,20,3780.0
11151.0,0.49999999999999994,0.0,0,20,3780.0
11152.0,0.49999999999999994,0.0,0,20,3780.0
11153.0,0.49999999999999994,0.0,0,20,3780.0
11154.0,0.49999999999999994,0.0,0,20,3780.0
11155.0,0.49999999999999994,0.0,0,20,3780.0
11156.0,0.49999999999999994,0.0,0,20,3780.0
11157.0,0.49999999999999994,0.0,0,20,3780.0
11158.0,0.49999999999999994,0.0,0,20,3780.0
11159.0,0.49999999999999994,0.0,0,20,3780.0
11160.0,0.49999999999999994,0.0,0,20,3780.0
11161.0,0.49999999999999994,0.0,0,20,3780.0
11162.0,0.49999999999999994,0.0,0,20,3780.0
11163.0,0.49999999999999994,0.0,0,20,3780.0
11164.0,0.49999999999999994,0.0,0,20,3780.0
11165.0,0.49999999999999994,0.0,0,20,3780.0
11166.0,0.49999999999999994,0.0,0,20,3780.0
11167.0,0.49999999999999994,0.0,0,20,3780.0
11168.0,0.49999999999999994,0.0,0,20,3780.0
11169.0,0.49999999999999994,0.0,0,20,3780.0
11170.0,0.49999999999999994,0.0,0,20,3780.0
11171.0,0.49999999999999994,0.0,0,20,3780.0
11172.0,0.49999999999999994,0.0,0,20,3780.0
11173.0,0.49999999999999994,0.0,0,20,3780.0
11174.0,0.49999999999999994,0.0,0,20,3780.0
11175.0,0.49999999999999994,0.0,0,20,3780.0
11176.0,0.49999999999999994,0.0,0,20,3780.0
11177.0,0.49999999999999994,0.0,0,20,3780.0
11178.0,0.49999999999999994,0.0,0,20,3780.0
11179.0,0.49999999999999994,0.0,0,20,3780.0
11180.0,0.49999999999999994,0.0,0,20,3780.0
11181.0,0.49999999999999994,0.0,0,20,3780.0
11182.0,0.49999999999999994,0.0,0,20,3780.0
11183.0,0.49999999999999994,0.0,0,20,3780.0
11184.0,0.49999999999999994,0.0,0,20,3780.0
11185.0,0.49999999999999994,0.0,0,20,3780.0
11186.0,0.49999999999999994,0.0,0,20,3780.0
11187.0,0.49999999999999994,0.0,0,20,3780.0
11188.0,0.49999999999999994,0.0,0,20,3780.0
11189.0,0.49999999999999994,0.0,0,20,3780.0
11190.0,0.49999999999999994,0.0,0,20,3780.0
11191.0,0.49999999999999994,0.0,0,20,3780.0
11192.0,0.49999999999999994,0.0,0,20,3780.0
11193.0,0.49999999999999994,0.0,0,20,3780.0
11194.0,0.49999999999999994,0.0,0,20,3780.0
11195.0,0.49999999999999994,0.0,0,20,3780.0
11196.0,0.49999999999999994,0.0,0,20,3780.0
11197.0,0.49999999999999994,0.0,0,20,3780.0
11198.0,0.49999999999999994,0.0,0,20,3780.0
11199.0,0.49999999999999994,0.0,0,20,3780.0
11200.0,0.49999999999999994,0.0,0,20,3780.0
11201.0,0.49999999999999994,0.0,0,20,3780.0
11202.0,0.49999999999999994,0.0,0,20,3780.0
11203.0,0.49999999999999994,0.0,0,20,3780.0
11204.0,0.49999999999999994,0.0,0,20,3780.0
11205.0,0.49999999999999994,0.0,0,20,3780.0
11206.0,0.49999999999999994,0.0,0,20,3780.0
11207.0,0.49999999999999994,0.0,0,20,3780.0
11208.0,0.49999999999999994,0.0,0,20,3780.0
11209.0,0.49999999999999994,0.0,0,20,3780.0
11210.0,0.49999999999999994,0.0,0,20,3780.0
11211.0,0.49999999999999994,0.0,0,20,3780.0
11212.0,0.49999999999999994,0.0,0,20,3780.0
11213.0,0.49999999999999994,0.0,0,20,3780.0
11214.0,0.49999999999999994,0.0,0,20,3780.0
11215.0,0.49999999999999994,0.0,0,20,3780.0
11216.0,0.49999999999999994,0.0,0,20,3780.0
11217.0,0.49999999999999994,0.0,0,20,3780.0
11218.0,0.49999999999999994,0.0,0,20,3780.0
11219.0,0.49999999999999994,0.0,0,20,3780.0
11220.0,0.49999999999999994,0.0,0,20,3780.0
11221.0,0.49999999999999994,0.0,0,20,3780.0
11222.0,0.49999999999999994,0.0,0,20,3780.0
11223.0,0.49999999999999994,0.0,0,20,3780.0
11224.0,0.49999999999999994,0.0,0,20,3780.0
11225.0,0.49999999999999994,0.0,0,20,3780.0
11226.0,0.49999999999999994,0.0,0,20,3780.0
11227.0,0.49999999999999994,0.0,0,20,3780.0
11228.0,0.49999999999999994,0.0,0,20,3780.0
11229.0,0.49999999999999994,0.0,0,20,3780.0
11230.0,0.49999999999999994,0.0,0,20,3780.0
11231.0,0.49999999999999994,0.0,0,20,3780.0
11232.0,0.49999999999999994,0.0,0,20,3780.0
11233.0,0.49999999999999994,0.0,0,20,3780.0
11234.0,0.49999999999999994,0.0,0,20,3780.0
11235.0,0.49999999999999994,0.0,0,20,3780.0
11236.0,0.49999999999999994,0.0,0,20,3780.0
11237.0,0.49999999999999994,0.0,0,20,3780.0
11238.0,0.49999999999999994,0.0,0,20,3780.0
11239.0,0.49999999999999994,0.0,0,20,3780.0
11240.0,0.49999999999999994,0.0,0,20,3780.0
11241.0,0.49999999999999994,0.0,0,20,3780.0
11242.0,0.49999999999999994,0.0,0,20,3780.0
11243.0,0.49999999999999994,0.0,0,20,3780.0
11244.0,0.49999999999999994,0.0,0,20,3780.0
11245.0,0.49999999999999994,0.0,0,20,3780.0
11246.0,0.49999999999999994,0.0,0,20,3780.0
11247.0,0.49999999999999994,0.0,0,20,3780.0
11248.0,0.49999999999999994,0.0,0,20,3780.0
11249.0,0.49999999999999994,0.0,0,20,3780.0
11250.0,0.49999999999999994,0.0,0,20,3780.0
11251.0,0.49999999999999994,0.0,0,20,3780.0
11252.0,0.49999999999999994,0.0,0,20,3780.0
11253.0,0.49999999999999994,0.0,0,20,3780.0
11254.0,0.49999999999999994,0.0,0,20,3780.0
11255.0,0.49999999999999994,0.0,0,20,3780.0
11256.0,0.49999999999999994,0.0,0,20,3780.0
11257.0,0.49999999999999994,0.0,0,20,3780.0
11258.0,0.49999999999999994,0.0,0,20,3780.0
11259.0,0.49999999999999994,0.0,0,20,3780.0
11260.0,0.49999999999999994,0.0,0,20,3780.0
11261.0,0.49999999999999994,0.0,0,20,3780.0
11262.0,0.49999999999999994,0.0,0,20,3780.0
11263.0,0.49999999999999994,0.0,0,20,3780.0
11264.0,0.49999999999999994,0.0,0,20,3780.0
11265.0,0.49999999999999994,0.0,0,20,3780.0
11266.0,0.49999999999999994,0.0,0,20,3780.0
11267.0,0.49999999999999994,0.0,0,20,3780.0
11268.0,0.49999999999999994,0.0,0,20,3780.0
11269.0,0.49999999999999994,0.0,0,20,3780.0
11270.0,0.49999999999999994,0.0,0,20,3780.0
11271.0,0.49999999999999994,0.0,0,20,3780.0
11272.0,0.49999999999999994,0.0,0,20,3780.0
11273.0,0.49999999999999994,0.0,0,20,3780.0
11274.0,0.49999999999999994,0.0,0,20,3780.0
11275.0,0.49999999999999994,0.0,0,20,3780.0
11276.0,0.49999999999999994,0.0,0,20,3780.0
11277.0,0.49999999999999994,0.0,0,20,3780.0
11278.0,0.49999999999999994,0.0,0,20,3780.0
11279.0,0.49999999999999994,0.0,0,20,3780.0
11280.0,0.49999999999999994,0.0,0,20,3780.0
11281.0,0.49999999999999994,0.0,0,20,3780.0
11282.0,0.49999999999999994,0.0,0,20,3780.0
11283.0,0.49999999999999994,0.0,0,20,3780.0
11284.0,0.49999999999999994,0.0,0,20,3780.0
11285.0,0.49999999999999994,0.0,0,20,3780.0
11286.0,0.49999999999999994,0.0,0,20,3780.0
11287.0,0.49999999999999994,0.0,0,20,3780.0
11288.0,0.49999999999999994,0.0,0,20,3780.0
11289.0,0.49999999999999994,0.0,0,20,3780.0
11290.0,0.49999999999999994,0.0,0,20,3780.0
11291.0,0.49999999999999994,0.0,0,20,3780.0
11292.0,0.49999999999999994,0.0,0,20,3780.0
11293.0,0.49999999999999994,0.0,0,20,3780.0
11294.0,0.49999999999999994,0.0,0,20,3780.0
11295.0,0.49999999999999994,0.0,0,20,3780.0
11296.0,0.49999999999999994,0.0,0,20,3780.0
11297.0,0.49999999999999994,0.0,0,20,3780.0
11298.0,0.49999999999999994,0.0,0,20,3780.0
11299.0,0.49999999999999994,0.0,0,20,3780.0
11300.0,0.49999999999999994,0.0,0,20,3780.0
11301.0,0.49999999999999994,0.0,0,20,3780.0
11302.0,0.49999999999999994,0.0,0,20,3780.0
11303.0,0.49999999999999994,0.0,0,20,3780.0
11304.0,0.49999999999999994,0.0,0,20,3780.0
11305.0,0.49999999999999994,0.0,0,20,3780.0
11306.0,0.49999999999999994,0.0,0,20,3780.0
11307.0,0.49999999999999994,0.0,0,20,3780.0
11308.0,0.49999999999999994,0.0,0,20,3780.0
11309.0,0.49999999999999994,0.0,0,20,3780.0
11310.0,0.49999999999999994,0.0,0,20,3780.0
11311.0,0.49999999999999994,0.0,0,20,3780.0
11312.0,0.49999999999999994,0.0,0,20,3780.0
11313.0,0.49999999999999994,0.0,0,20,3780.0
11314.0,0.49999999999999994,0.0,0,20,3780.0
11315.0,0.49999999999999994,0.0,0,20,3780.0
11316.0,0.49999999999999994,0.0,0,20,3780.0
11317.0,0.49999999999999994,0.0,0,20,3780.0
11318.0,0.49999999999999994,0.0,0,20,3780.0
11319.0,0.49999999999999994,0.0,0,20,3780.0
11320.0,0.49999999999999994,0.0,0,20,3780.0
11321.0,0.49999999999999994,0.0,0,20,3780.0
11322.0,0.49999999999999994,0.0,0,20,3780.0
11323.0,0.49999999999999994,0.0,0,20,3780.0
11324.0,0.49999999999999994,0.0,0,20,3780.0
11325.0,0.49999999999999994,0.0,0,20,3780.0
11326.0,0.49999999999999994,0.0,0,20,3780.0
11327.0,0.49999999999999994,0.0,0,20,3780.0
11328.0,0.49999999999999994,0.0,0,20,3780.0
11329.0,0.49999999999999994,0.0,0,20,3780.0
11330.0,0.49999999999999994,0.0,0,20,3780.0
11331.0,0.49999999999999994,0.0,0,20,3780.0
11332.0,0.49999999999999994,0.0,0,20,3780.0
11333.0,0.49999999999999994,0.0,0,20,3780.0
11334.0,0.49999999999999994,0.0,0,20,3780.0
11335.0,0.49999999999999994,0.0,0,20,3780.0
11336.0,0.49999999999999994,0.0,0,20,3780.0
11337.0,0.49999999999999994,0.0,0,20,3780.0
11338.0,0.49999999999999994,0.0,0,20,3780.0
11339.0,0.49999999999999994,0.0,0,20,3780.0
11340.0,0.49999999999999994,0.0,0,20,3780.0
11341.0,0.49999999999999994,0.0,0,20,3780.0
11342.0,0.49999999999999994,0.0,0,20,3780.0
11343.0,0.49999999999999994,0.0,0,20,3780.0
11344.0,0.49999999999999994,0.0,0,20,3780.0
11345.0,0.49999999999999994,0.0,0,20,3780.0
11346.0,0.49999999999999994,0.0,0,20,3780.0
11347.0,0.49999999999999994,0.0,0,20,3780.0
11348.0,0.49999999999999994,0.0,0,20,3780.0
11349.0,0.49999999999999994,0.0,0,20,3780.0
11350.0,0.49999999999999994,0.0,0,20,3780.0
11351.0,0.49999999999999994,0.0,0,20,3780.0
11352.0,0.49999999999999994,0.0,0,20,3780.0
11353.0,0.49999999999999994,0.0,0,20,3780.0
11354.0,0.49999999999999994,0.0,0,20,3780.0
11355.0,0.49999999999999994,0.0,0,20,3780.0
11356.0,0.49999999999999994,0.0,0,20,3780.0
11357.0,0.49999999999999994,0.0,0,20,3780.0
11358.0,0.49999999999999994,0.0,0,20,3780.0
11359.0,0.49999999999999994,0.0,0,20,3780.0
11360.0,0.49999999999999994,0.0,0,20,3780.0
11361.0,0.49999999999999994,0.0,0,20,3780.0
11362.0,0.49999999999999994,0.0,0,20,3780.0
11363.0,0.49999999999999994,0.0,0,20,3780.0
11364.0,0.49999999999999994,0.0,0,20,3780.0
11365.0,0.49999999999999994,0.0,0,20,3780.0
11366.0,0.49999999999999994,0.0,0,20,3780.0
11367.0,0.49999999999999994,0.0,0,20,3780.0
11368.0,0.49999999999999994,0.0,0,20,3780.0
11369.0,0.49999999999999994,0.0,0,20,3780.0
11370.0,0.49999999999999994,0.0,0,20,3780.0
11371.0,0.49999999999999994,0.0,0,20,3780.0
11372.0,0.49999999999999994,0.0,0,20,3780.0
11373.0,0.49999999999999994,0.0,0,20,3780.0
11374.0,0.49999999999999994,0.0,0,20,3780.0
11375.0,0.49999999999999994,0.0,0,20,3780.0
11376.0,0.49999999999999994,0.0,0,20,3780.0
11377.0,0.49999999999999994,0.0,0,20,3780.0
11378.0,0.49999999999999994,0.0,0,20,3780.0
11379.0,0.49999999999999994,0.0,0,20,3780.0
11380.0,0.49999999999999994,0.0,0,20,3780.0
11381.0,0.49999999999999994,0.0,0,20,3780.0
11382.0,0.49999999999999994,0.0,0,20,3780.0
11383.0,0.49999999999999994,0.0,0,20,3780.0
11384.0,0.49999999999999994,0.0,0,20,3780.0
11385.0,0.49999999999999994,0.0,0,20,3780.0
11386.0,0.49999999999999994,0.0,0,20,3780.0
11387.0,0.49999999999999994,0.0,0,20,3780.0
11388.0,0.49999999999999994,0.0,0,20,3780.0
11389.0,0.49999999999999994,0.0,0,20,3780.0
11390.0,0.49999999999999994,0.0,0,20,3780.0
11391.0,0.49999999999999994,0.0,0,20,3780.0
11392.0,0.49999999999999994,0.0,0,20,3780.0
11393.0,0.49999999999999994,0.0,0,20,3780.0
11394.0,0.49999999999999994,0.0,0,20,3780.0
11395.0,0.49999999999999994,0.0,0,20,3780.0
11396.0,0.49999999999999994,0.0,0,20,3780.0
11397.0,0.49999999999999994,0.0,0,20,3780.0
11398.0,0.49999999999999994,0.0,0,20,3780.0
11399.0,0.49999999999999994,0.0,0,20,3780.0
11400.0,0.49999999999999994,0.0,0,20,3780.0
11401.0,0.49999999999999994,0.0,0,20,3780.0
11402.0,0.49999999999999994,0.0,0,20,3780.0
11403.0,0.49999999999999994,0.0,0,20,3780.0
11404.0,0.49999999999999994,0.0,0,20,3780.0
11405.0,0.49999999999999994,0.0,0,20,3780.0
11406.0,0.49999999999999994,0.0,0,20,3780.0
11407.0,0.49999999999999994,0.0,0,20,3780.0
11408.0,0.49999999999999994,0.0,0,20,3780.0
11409.0,0.49999999999999994,0.0,0,20,3780.0
11410.0,0.49999999999999994,0.0,0,20,3780.0
11411.0,0.49999999999999994,0.0,0,20,3780.0
11412.0,0.49999999999999994,0.0,0,20,3780.0
11413.0,0.49999999999999994,0.0,0,20,3780.0
11414.0,0.49999999999999994,0.0,0,20,3780.0
11415.0,0.49999999999999994,0.0,0,20,3780.0
11416.0,0.49999999999999994,0.0,0,20,3780.0
11417.0,0.49999999999999994,0.0,0,20,3780.0
11418.0,0.49999999999999994,0.0,0,20,3780.0
11419.0,0.49999999999999994,0.0,0,20,3780.0
11420.0,0.49999999999999994,0.0,0,20,3780.0
11421.0,0.49999999999999994,0.0,0,20,3780.0
11422.0,0.49999999999999994,0.0,0,20,3780.0
11423.0,0.49999999999999994,0.0,0,20,3780.0
11424.0,0.49999999999999994,0.0,0,20,3780.0
11425.0,0.49999999999999994,0.0,0,20,3780.0
11426.0,0.49999999999999994,0.0,0,20,3780.0
11427.0,0.49999999999999994,0.0,0,20,3780.0
11428.0,0.49999999999999994,0.0,0,20,3780.0
11429.0,0.49999999999999994,0.0,0,20,3780.0
11430.0,0.49999999999999994,0.0,0,20,3780.0
11431.0,0.49999999999999994,0.0,0,20,3780.0
11432.0,0.49999999999999994,0.0,0,20,3780.0
11433.0,0.49999999999999994,0.0,0,20,3780.0
11434.0,0.49999999999999994,0.0,0,20,3780.0
11435.0,0.49999999999999994,0.0,0,20,3780.0
11436.0,0.49999999999999994,0.0,0,20,3780.0
11437.0,0.49999999999999994,0.0,0,20,3780.0
11438.0,0.49999999999999994,0.0,0,20,3780.0
11439.0,0.49999999999999994,0.0,0,20,3780.0
11440.0,0.49999999999999994,0.0,0,20,3780.0
11441.0,0.49999999999999994,0.0,0,20,3780.0
11442.0,0.49999999999999994,0.0,0,20,3780.0
11443.0,0.49999999999999994,0.0,0,20,3780.0
11444.0,0.49999999999999994,0.0,0,20,3780.0
11445.0,0.49999999999999994,0.0,0,20,3780.0
11446.0,0.49999999999999994,0.0,0,20,3780.0
11447.0,0.49999999999999994,0.0,0,20,3780.0
11448.0,0.49999999999999994,0.0,0,20,3780.0
11449.0,0.49999999999999994,0.0,0,20,3780.0
11450.0,0.49999999999999994,0.0,0,20,3780.0
11451.0,0.49999999999999994,0.0,0,20,3780.0
11452.0,0.49999999999999994,0.0,0,20,3780.0
11453.0,0.49999999999999994,0.0,0,20,3780.0
11454.0,0.49999999999999994,0.0,0,20,3780.0
11455.0,0.49999999999999994,0.0,0,20,3780.0
11456.0,0.49999999999999994,0.0,0,20,3780.0
11457.0,0.49999999999999994,0.0,0,20,3780.0
11458.0,0.49999999999999994,0.0,0,20,3780.0
11459.0,0.49999999999999994,0.0,0,20,3780.0
11460.0,0.49999999999999994,0.0,0,20,3780.0
11461.0,0.49999999999999994,0.0,0,20,3780.0
11462.0,0.49999999999999994,0.0,0,20,3780.0
11463.0,0.49999999999999994,0.0,0,20,3780.0
11464.0,0.49999999999999994,0.0,0,20,3780.0
11465.0,0.49999999999999994,0.0,0,20,3780.0
11466.0,0.49999999999999994,0.0,0,20,3780.0
11467.0,0.49999999999999994,0.0,0,20,3780.0
11468.0,0.49999999999999994,0.0,0,20,3780.0
11469.0,0.49999999999999994,0.0,0,20,3780.0
11470.0,0.49999999999999994,0.0,0,20,3780.0
11471.0,0.49999999999999994,0.0,0,20,3780.0
11472.0,0.49999999999999994,0.0,0,20,3780.0
11473.0,0.49999999999999994,0.0,0,20,3780.0
11474.0,0.49999999999999994,0.0,0,20,3780.0
11475.0,0.49999999999999994,0.0,0,20,3780.0
11476.0,0.49999999999999994,0.0,0,20,3780.0
11477.0,0.49999999999999994,0.0,0,20,3780.0
11478.0,0.49999999999999994,0.0,0,20,3780.0
11479.0,0.49999999999999994,0.0,0,20,3780.0
11480.0,0.49999999999999994,0.0,0,20,3780.0
11481.0,0.49999999999999994,0.0,0,20,3780.0
11482.0,0.49999999999999994,0.0,0,20,3780.0
11483.0,0.49999999999999994,0.0,0,20,3780.0
11484.0,0.49999999999999994,0.0,0,20,3780.0
11485.0,0.49999999999999994,0.0,0,20,3780.0
11486.0,0.49999999999999994,0.0,0,20,3780.0
11487.0,0.49999999999999994,0.0,0,20,3780.0
11488.0,0.49999999999999994,0.0,0,20,3780.0
11489.0,0.49999999999999994,0.0,0,20,3780.0
11490.0,0.49999999999999994,0.0,0,20,3780.0
11491.0,0.49999999999999994,0.0,0,20,3780.0
11492.0,0.49999999999999994,0.0,0,20,3780.0
11493.0,0.49999999999999994,0.0,0,20,3780.0
11494.0,0.49999999999999994,0.0,0,20,3780.0
11495.0,0.49999999999999994,0.0,0,20,3780.0
11496.0,0.49999999999999994,0.0,0,20,3780.0
11497.0,0.49999999999999994,0.0,0,20,3780.0
11498.0,0.49999999999999994,0.0,0,20,3780.0
11499.0,0.49999999999999994,0.0,0,20,3780.0
11500.0,0.49999999999999994,0.0,0,20,3780.0
11501.0,0.49999999999999994,0.0,0,20,3780.0
11502.0,0.49999999999999994,0.0,0,20,3780.0
11503.0,0.49999999999999994,0.0,0,20,3780.0
11504.0,0.49999999999999994,0.0,0,20,3780.0
11505.0,0.49999999999999994,0.0,0,20,3780.0
11506.0,0.49999999999999994,0.0,0,20,3780.0
11507.0,0.49999999999999994,0.0,0,20,3780.0
11508.0,0.49999999999999994,0.0,0,20,3780.0
11509.0,0.49999999999999994,0.0,0,20,3780.0
11510.0,0.49999999999999994,0.0,0,20,3780.0
11511.0,0.49999999999999994,0.0,0,20,3780.0
11512.0,0.49999999999999994,0.0,0,20,3780.0
11513.0,0.49999999999999994,0.0,0,20,3780.0
11514.0,0.49999999999999994,0.0,0,20,3780.0
11515.0,0.49999999999999994,0.0,0,20,3780.0
11516.0,0.49999999999999994,0.0,0,20,3780.0
11517.0,0.49999999999999994,0.0,0,20,3780.0
11518.0,0.49999999999999994,0.0,0,20,3780.0
11519.0,0.49999999999999994,0.0,0,20,3780.0
11520.0,0.49999999999999994,0.0,0,20,3780.0
11521.0,0.49999999999999994,0.0,0,20,3780.0
11522.0,0.49999999999999994,0.0,0,20,3780.0
11523.0,0.49999999999999994,0.0,0,20,3780.0
11524.0,0.49999999999999994,0.0,0,20,3780.0
11525.0,0.49999999999999994,0.0,0,20,3780.0
11526.0,0.49999999999999994,0.0,0,20,3780.0
11527.0,0.49999999999999994,0.0,0,20,3780.0
11528.0,0.49999999999999994,0.0,0,20,3780.0
11529.0,0.49999999999999994,0.0,0,20,3780.0
11530.0,0.49999999999999994,0.0,0,20,3780.0
11531.0,0.49999999999999994,0.0,0,20,3780.0
11532.0,0.49999999999999994,0.0,0,20,3780.0
11533.0,0.49999999999999994,0.0,0,20,3780.0
11534.0,0.49999999999999994,0.0,0,20,3780.0
11535.0,0.49999999999999994,0.0,0,20,3780.0
11536.0,0.49999999999999994,0.0,0,20,3780.0
11537.0,0.49999999999999994,0.0,0,20,3780.0
11538.0,0.49999999999999994,0.0,0,20,3780.0
11539.0,0.49999999999999994,0.0,0,20,3780.0
11540.0,0.49999999999999994,0.0,0,20,3780.0
11541.0,0.49999999999999994,0.0,0,20,3780.0
11542.0,0.49999999999999994,0.0,0,20,3780.0
11543.0,0.49999999999999994,0.0,0,20,3780.0
11544.0,0.49999999999999994,0.0,0,20,3780.0
11545.0,0.49999999999999994,0.0,0,20,3780.0
11546.0,0.49999999999999994,0.0,0,20,3780.0
11547.0,0.49999999999999994,0.0,0,20,3780.0
11548.0,0.49999999999999994,0.0,0,20,3780.0
11549.0,0.49999999999999994,0.0,0,20,3780.0
11550.0,0.49999999999999994,0.0,0,20,3780.0
11551.0,0.49999999999999994,0.0,0,20,3780.0
11552.0,0.49999999999999994,0.0,0,20,3780.0
11553.0,0.49999999999999994,0.0,0,20,3780.0
11554.0,0.49999999999999994,0.0,0,20,3780.0
11555.0,0.49999999999999994,0.0,0,20,3780.0
11556.0,0.49999999999999994,0.0,0,20,3780.0
11557.0,0.49999999999999994,0.0,0,20,3780.0
11558.0,0.49999999999999994,0.0,0,20,3780.0
11559.0,0.49999999999999994,0.0,0,20,3780.0
11560.0,0.49999999999999994,0.0,0,20,3780.0
11561.0,0.49999999999999994,0.0,0,20,3780.0
11562.0,0.49999999999999994,0.0,0,20,3780.0
11563.0,0.49999999999999994,0.0,0,20,3780.0
11564.0,0.49999999999999994,0.0,0,20,3780.0
11565.0,0.49999999999999994,0.0,0,20,3780.0
11566.0,0.49999999999999994,0.0,0,20,3780.0
11567.0,0.49999999999999994,0.0,0,20,3780.0
11568.0,0.49999999999999994,0.0,0,20,3780.0
11569.0,0.49999999999999994,0.0,0,20,3780.0
11570.0,0.49999999999999994,0.0,0,20,3780.0
11571.0,0.49999999999999994,0.0,0,20,3780.0
11572.0,0.49999999999999994,0.0,0,20,3780.0
11573.0,0.49999999999999994,0.0,0,20,3780.0
11574.0,0.49999999999999994,0.0,0,20,3780.0
11575.0,0.49999999999999994,0.0,0,20,3780.0
11576.0,0.49999999999999994,0.0,0,20,3780.0
11577.0,0.49999999999999994,0.0,0,20,3780.0
11578.0,0.49999999999999994,0.0,0,20,3780.0
11579.0,0.49999999999999994,0.0,0,20,3780.0
11580.0,0.49999999999999994,0.0,0,20,3780.0
11581.0,0.49999999999999994,0.0,0,20,3780.0
11582.0,0.49999999999999994,0.0,0,20,3780.0
11583.0,0.49999999999999994,0.0,0,20,3780.0
11584.0,0.49999999999999994,0.0,0,20,3780.0
11585.0,0.49999999999999994,0.0,0,20,3780.0
11586.0,0.49999999999999994,0.0,0,20,3780.0
11587.0,0.49999999999999994,0.0,0,20,3780.0
11588.0,0.49999999999999994,0.0,0,20,3780.0
11589.0,0.49999999999999994,0.0,0,20,3780.0
11590.0,0.49999999999999994,0.0,0,20,3780.0
11591.0,0.49999999999999994,0.0,0,20,3780.0
11592.0,0.49999999999999994,0.0,0,20,3780.0
11593.0,0.49999999999999994,0.0,0,20,3780.0
11594.0,0.49999999999999994,0.0,0,20,3780.0
11595.0,0.49999999999999994,0.0,0,20,3780.0
11596.0,0.49999999999999994,0.0,0,20,3780.0
11597.0,0.49999999999999994,0.0,0,20,3780.0
11598.0,0.49999999999999994,0.0,0,20,3780.0
11599.0,0.49999999999999994,0.0,0,20,3780.0
11600.0,0.49999999999999994,0.0,0,20,3780.0
11601.0,0.49999999999999994,0.0,0,20,3780.0
11602.0,0.49999999999999994,0.0,0,20,3780.0
11603.0,0.49999999999999994,0.0,0,20,3780.0
11604.0,0.49999999999999994,0.0,0,20,3780.0
11605.0,0.49999999999999994,0.0,0,20,3780.0
11606.0,0.49999999999999994,0.0,0,20,3780.0
11607.0,0.49999999999999994,0.0,0,20,3780.0
11608.0,0.49999999999999994,0.0,0,20,3780.0
11609.0,0.49999999999999994,0.0,0,20,3780.0
11610.0,0.49999999999999994,0.0,0,20,3780.0
11611.0,0.49999999999999994,0.0,0,20,3780.0
11612.0,0.49999999999999994,0.0,0,20,3780.0
11613.0,0.49999999999999994,0.0,0,20,3780.0
11614.0,0.49999999999999994,0.0,0,20,3780.0
11615.0,0.49999999999999994,0.0,0,20,3780.0
11616.0,0.49999999999999994,0.0,0,20,3780.0
11617.0,0.49999999999999994,0.0,0,20,3780.0
11618.0,0.49999999999999994,0.0,0,20,3780.0
11619.0,0.49999999999999994,0.0,0,20,3780.0
11620.0,0.49999999999999994,0.0,0,20,3780.0
11621.0,0.49999999999999994,0.0,0,20,3780.0
11622.0,0.49999999999999994,0.0,0,20,3780.0
11623.0,0.49999999999999994,0.0,0,20,3780.0
11624.0,0.49999999999999994,0.0,0,20,3780.0
11625.0,0.49999999999999994,0.0,0,20,3780.0
11626.0,0.49999999999999994,0.0,0,20,3780.0
11627.0,0.49999999999999994,0.0,0,20,3780.0
11628.0,0.49999999999999994,0.0,0,20,3780.0
11629.0,0.49999999999999994,0.0,0,20,3780.0
11630.0,0.49999999999999994,0.0,0,20,3780.0
11631.0,0.49999999999999994,0.0,0,20,3780.0
11632.0,0.49999999999999994,0.0,0,20,3780.0
11633.0,0.49999999999999994,0.0,0,20,3780.0
11634.0,0.49999999999999994,0.0,0,20,3780.0
11635.0,0.49999999999999994,0.0,0,20,3780.0
11636.0,0.49999999999999994,0.0,0,20,3780.0
11637.0,0.49999999999999994,0.0,0,20,3780.0
11638.0,0.49999999999999994,0.0,0,20,3780.0
11639.0,0.49999999999999994,0.0,0,20,3780.0
11640.0,0.49999999999999994,0.0,0,20,3780.0
11641.0,0.49999999999999994,0.0,0,20,3780.0
11642.0,0.49999999999999994,0.0,0,20,3780.0
11643.0,0.49999999999999994,0.0,0,20,3780.0
11644.0,0.49999999999999994,0.0,0,20,3780.0
11645.0,0.49999999999999994,0.0,0,20,3780.0
11646.0,0.49999999999999994,0.0,0,20,3780.0
11647.0,0.49999999999999994,0.0,0,20,3780.0
11648.0,0.49999999999999994,0.0,0,20,3780.0
11649.0,0.49999999999999994,0.0,0,20,3780.0
11650.0,0.49999999999999994,0.0,0,20,3780.0
11651.0,0.49999999999999994,0.0,0,20,3780.0
11652.0,0.49999999999999994,0.0,0,20,3780.0
11653.0,0.49999999999999994,0.0,0,20,3780.0
11654.0,0.49999999999999994,0.0,0,20,3780.0
11655.0,0.49999999999999994,0.0,0,20,3780.0
11656.0,0.49999999999999994,0.0,0,20,3780.0
11657.0,0.49999999999999994,0.0,0,20,3780.0
11658.0,0.49999999999999994,0.0,0,20,3780.0
11659.0,0.49999999999999994,0.0,0,20,3780.0
11660.0,0.49999999999999994,0.0,0,20,3780.0
11661.0,0.49999999999999994,0.0,0,20,3780.0
11662.0,0.49999999999999994,0.0,0,20,3780.0
11663.0,0.49999999999999994,0.0,0,20,3780.0
11664.0,0.49999999999999994,0.0,0,20,3780.0
11665.0,0.49999999999999994,0.0,0,20,3780.0
11666.0,0.49999999999999994,0.0,0,20,3780.0
11667.0,0.49999999999999994,0.0,0,20,3780.0
11668.0,0.49999999999999994,0.0,0,20,3780.0
11669.0,0.49999999999999994,0.0,0,20,3780.0
11670.0,0.49999999999999994,0.0,0,20,3780.0
11671.0,0.49999999999999994,0.0,0,20,3780.0
11672.0,0.49999999999999994,0.0,0,20,3780.0
11673.0,0.49999999999999994,0.0,0,20,3780.0
11674.0,0.49999999999999994,0.0,0,20,3780.0
11675.0,0.49999999999999994,0.0,0,20,3780.0
11676.0,0.49999999999999994,0.0,0,20,3780.0
11677.0,0.49999999999999994,0.0,0,20,3780.0
11678.0,0.49999999999999994,0.0,0,20,3780.0
11679.0,0.49999999999999994,0.0,0,20,3780.0
11680.0,0.49999999999999994,0.0,0,20,3780.0
11681.0,0.49999999999999994,0.0,0,20,3780.0
11682.0,0.49999999999999994,0.0,0,20,3780.0
11683.0,0.49999999999999994,0.0,0,20,3780.0
11684.0,0.49999999999999994,0.0,0,20,3780.0
11685.0,0.49999999999999994,0.0,0,20,3780.0
11686.0,0.49999999999999994,0.0,0,20,3780.0
11687.0,0.49999999999999994,0.0,0,20,3780.0
11688.0,0.49999999999999994,0.0,0,20,3780.0
11689.0,0.49999999999999994,0.0,0,20,3780.0
11690.0,0.49999999999999994,0.0,0,20,3780.0
11691.0,0.49999999999999994,0.0,0,20,3780.0
11692.0,0.49999999999999994,0.0,0,20,3780.0
11693.0,0.49999999999999994,0.0,0,20,3780.0
11694.0,0.49999999999999994,0.0,0,20,3780.0
11695.0,0.49999999999999994,0.0,0,20,3780.0
11696.0,0.49999999999999994,0.0,0,20,3780.0
11697.0,0.49999999999999994,0.0,0,20,3780.0
11698.0,0.49999999999999994,0.0,0,20,3780.0
11699.0,0.49999999999999994,0.0,0,20,3780.0
11700.0,0.49999999999999994,0.0,0,20,3780.0
11701.0,0.49999999999999994,0.0,0,20,3780.0
11702.0,0.49999999999999994,0.0,0,20,3780.0
11703.0,0.49999999999999994,0.0,0,20,3780.0
11704.0,0.49999999999999994,0.0,0,20,3780.0
11705.0,0.49999999999999994,0.0,0,20,3780.0
11706.0,0.49999999999999994,0.0,0,20,3780.0
11707.0,0.49999999999999994,0.0,0,20,3780.0
11708.0,0.49999999999999994,0.0,0,20,3780.0
11709.0,0.49999999999999994,0.0,0,20,3780.0
11710.0,0.49999999999999994,0.0,0,20,3780.0
11711.0,0.49999999999999994,0.0,0,20,3780.0
11712.0,0.49999999999999994,0.0,0,20,3780.0
11713.0,0.49999999999999994,0.0,0,20,3780.0
11714.0,0.49999999999999994,0.0,0,20,3780.0
11715.0,0.49999999999999994,0.0,0,20,3780.0
11716.0,0.49999999999999994,0.0,0,20,3780.0
11717.0,0.49999999999999994,0.0,0,20,3780.0
11718.0,0.49999999999999994,0.0,0,20,3780.0
11719.0,0.49999999999999994,0.0,0,20,3780.0
11720.0,0.49999999999999994,0.0,0,20,3780.0
11721.0,0.49999999999999994,0.0,0,20,3780.0
11722.0,0.49999999999999994,0.0,0,20,3780.0
11723.0,0.49999999999999994,0.0,0,20,3780.0
11724.0,0.49999999999999994,0.0,0,20,3780.0
11725.0,0.49999999999999994,0.0,0,20,3780.0
11726.0,0.49999999999999994,0.0,0,20,3780.0
11727.0,0.49999999999999994,0.0,0,20,3780.0
11728.0,0.49999999999999994,0.0,0,20,3780.0
11729.0,0.49999999999999994,0.0,0,20,3780.0
11730.0,0.49999999999999994,0.0,0,20,3780.0
11731.0,0.49999999999999994,0.0,0,20,3780.0
11732.0,0.49999999999999994,0.0,0,20,3780.0
11733.0,0.49999999999999994,0.0,0,20,3780.0
11734.0,0.49999999999999994,0.0,0,20,3780.0
11735.0,0.49999999999999994,0.0,0,20,3780.0
11736.0,0.49999999999999994,0.0,0,20,3780.0
11737.0,0.49999999999999994,0.0,0,20,3780.0
11738.0,0.49999999999999994,0.0,0,20,3780.0
11739.0,0.49999999999999994,0.0,0,20,3780.0
11740.0,0.49999999999999994,0.0,0,20,3780.0
11741.0,0.49999999999999994,0.0,0,20,3780.0
11742.0,0.49999999999999994,0.0,0,20,3780.0
11743.0,0.49999999999999994,0.0,0,20,3780.0
11744.0,0.49999999999999994,0.0,0,20,3780.0
11745.0,0.49999999999999994,0.0,0,20,3780.0
11746.0,0.49999999999999994,0.0,0,20,3780.0
11747.0,0.49999999999999994,0.0,0,20,3780.0
11748.0,0.49999999999999994,0.0,0,20,3780.0
11749.0,0.49999999999999994,0.0,0,20,3780.0
11750.0,0.49999999999999994,0.0,0,20,3780.0
11751.0,0.49999999999999994,0.0,0,20,3780.0
11752.0,0.49999999999999994,0.0,0,20,3780.0
11753.0,0.49999999999999994,0.0,0,20,3780.0
11754.0,0.49999999999999994,0.0,0,20,3780.0
11755.0,0.49999999999999994,0.0,0,20,3780.0
11756.0,0.49999999999999994,0.0,0,20,3780.0
11757.0,0.49999999999999994,0.0,0,20,3780.0
11758.0,0.49999999999999994,0.0,0,20,3780.0
11759.0,0.49999999999999994,0.0,0,20,3780.0
11760.0,0.49999999999999994,0.0,0,20,3780.0
11761.0,0.49999999999999994,0.0,0,20,3780.0
11762.0,0.49999999999999994,0.0,0,20,3780.0
11763.0,0.49999999999999994,0.0,0,20,3780.0
11764.0,0.49999999999999994,0.0,0,20,3780.0
11765.0,0.49999999999999994,0.0,0,20,3780.0
11766.0,0.49999999999999994,0.0,0,20,3780.0
11767.0,0.49999999999999994,0.0,0,20,3780.0
11768.0,0.49999999999999994,0.0,0,20,3780.0
11769.0,0.49999999999999994,0.0,0,20,3780.0
11770.0,0.49999999999999994,0.0,0,20,3780.0
11771.0,0.49999999999999994,0.0,0,20,3780.0
11772.0,0.49999999999999994,0.0,0,20,3780.0
11773.0,0.49999999999999994,0.0,0,20,3780.0
11774.0,0.49999999999999994,0.0,0,20,3780.0
11775.0,0.49999999999999994,0.0,0,20,3780.0
11776.0,0.49999999999999994,0.0,0,20,3780.0
11777.0,0.49999999999999994,0.0,0,20,3780.0
11778.0,0.49999999999999994,0.0,0,20,3780.0
11779.0,0.49999999999999994,0.0,0,20,3780.0
11780.0,0.49999999999999994,0.0,0,20,3780.0
11781.0,0.49999999999999994,0.0,0,20,3780.0
11782.0,0.49999999999999994,0.0,0,20,3780.0
11783.0,0.49999999999999994,0.0,0,20,3780.0
11784.0,0.49999999999999994,0.0,0,20,3780.0
11785.0,0.49999999999999994,0.0,0,20,3780.0
11786.0,0.49999999999999994,0.0,0,20,3780.0
11787.0,0.49999999999999994,0.0,0,20,3780.0
11788.0,0.49999999999999994,0.0,0,20,3780.0
11789.0,0.49999999999999994,0.0,0,20,3780.0
11790.0,0.49999999999999994,0.0,0,20,3780.0
11791.0,0.49999999999999994,0.0,0,20,3780.0
11792.0,0.49999999999999994,0.0,0,20,3780.0
11793.0,0.49999999999999994,0.0,0,20,3780.0
11794.0,0.49999999999999994,0.0,0,20,3780.0
11795.0,0.49999999999999994,0.0,0,20,3780.0
11796.0,0.49999999999999994,0.0,0,20,3780.0
11797.0,0.49999999999999994,0.0,0,20,3780.0
11798.0,0.49999999999999994,0.0,0,20,3780.0
11799.0,0.49999999999999994,0.0,0,20,3780.0
11800.0,0.49999999999999994,0.0,0,20,3780.0
11801.0,0.49999999999999994,0.0,0,20,3780.0
11802.0,0.49999999999999994,0.0,0,20,3780.0
11803.0,0.49999999999999994,0.0,0,20,3780.0
11804.0,0.49999999999999994,0.0,0,20,3780.0
11805.0,0.49999999999999994,0.0,0,20,3780.0
11806.0,0.49999999999999994,0.0,0,20,3780.0
11807.0,0.49999999999999994,0.0,0,20,3780.0
11808.0,0.49999999999999994,0.0,0,20,3780.0
11809.0,0.49999999999999994,0.0,0,20,3780.0
11810.0,0.49999999999999994,0.0,0,20,3780.0
11811.0,0.49999999999999994,0.0,0,20,3780.0
11812.0,0.49999999999999994,0.0,0,20,3780.0
11813.0,0.49999999999999994,0.0,0,20,3780.0
11814.0,0.49999999999999994,0.0,0,20,3780.0
11815.0,0.49999999999999994,0.0,0,20,3780.0
11816.0,0.49999999999999994,0.0,0,20,3780.0
11817.0,0.49999999999999994,0.0,0,20,3780.0
11818.0,0.49999999999999994,0.0,0,20,3780.0
11819.0,0.49999999999999994,0.0,0,20,3780.0
11820.0,0.49999999999999994,0.0,0,20,3780.0
11821.0,0.49999999999999994,0.0,0,20,3780.0
11822.0,0.49999999999999994,0.0,0,20,3780.0
11823.0,0.49999999999999994,0.0,0,20,3780.0
11824.0,0.49999999999999994,0.0,0,20,3780.0
11825.0,0.49999999999999994,0.0,0,20,3780.0
11826.0,0.49999999999999994,0.0,0,20,3780.0
11827.0,0.49999999999999994,0.0,0,20,3780.0
11828.0,0.49999999999999994,0.0,0,20,3780.0
11829.0,0.49999999999999994,0.0,0,20,3780.0
11830.0,0.49999999999999994,0.0,0,20,3780.0
11831.0,0.49999999999999994,0.0,0,20,3780.0
11832.0,0.49999999999999994,0.0,0,20,3780.0
11833.0,0.49999999999999994,0.0,0,20,3780.0
11834.0,0.49999999999999994,0.0,0,20,3780.0
11835.0,0.49999999999999994,0.0,0,20,3780.0
11836.0,0.49999999999999994,0.0,0,20,3780.0
11837.0,0.49999999999999994,0.0,0,20,3780.0
11838.0,0.49999999999999994,0.0,0,20,3780.0
11839.0,0.49999999999999994,0.0,0,20,3780.0
11840.0,0.49999999999999994,0.0,0,20,3780.0
11841.0,0.49999999999999994,0.0,0,20,3780.0
11842.0,0.49999999999999994,0.0,0,20,3780.0
11843.0,0.49999999999999994,0.0,0,20,3780.0
11844.0,0.49999999999999994,0.0,0,20,3780.0
11845.0,0.49999999999999994,0.0,0,20,3780.0
11846.0,0.49999999999999994,0.0,0,20,3780.0
11847.0,0.49999999999999994,0.0,0,20,3780.0
11848.0,0.49999999999999994,0.0,0,20,3780.0
11849.0,0.49999999999999994,0.0,0,20,3780.0
11850.0,0.49999999999999994,0.0,0,20,3780.0
11851.0,0.49999999999999994,0.0,0,20,3780.0
11852.0,0.49999999999999994,0.0,0,20,3780.0
11853.0,0.49999999999999994,0.0,0,20,3780.0
11854.0,0.49999999999999994,0.0,0,20,3780.0
11855.0,0.49999999999999994,0.0,0,20,3780.0
11856.0,0.49999999999999994,0.0,0,20,3780.0
11857.0,0.49999999999999994,0.0,0,20,3780.0
11858.0,0.49999999999999994,0.0,0,20,3780.0
11859.0,0.49999999999999994,0.0,0,20,3780.0
11860.0,0.49999999999999994,0.0,0,20,3780.0
11861.0,0.49999999999999994,0.0,0,20,3780.0
11862.0,0.49999999999999994,0.0,0,20,3780.0
11863.0,0.49999999999999994,0.0,0,20,3780.0
11864.0,0.49999999999999994,0.0,0,20,3780.0
11865.0,0.49999999999999994,0.0,0,20,3780.0
11866.0,0.49999999999999994,0.0,0,20,3780.0
11867.0,0.49999999999999994,0.0,0,20,3780.0
11868.0,0.49999999999999994,0.0,0,20,3780.0
11869.0,0.49999999999999994,0.0,0,20,3780.0
11870.0,0.49999999999999994,0.0,0,20,3780.0
11871.0,0.49999999999999994,0.0,0,20,3780.0
11872.0,0.49999999999999994,0.0,0,20,3780.0
11873.0,0.49999999999999994,0.0,0,20,3780.0
11874.0,0.49999999999999994,0.0,0,20,3780.0
11875.0,0.49999999999999994,0.0,0,20,3780.0
11876.0,0.49999999999999994,0.0,0,20,3780.0
11877.0,0.49999999999999994,0.0,0,20,3780.0
11878.0,0.49999999999999994,0.0,0,20,3780.0
11879.0,0.49999999999999994,0.0,0,20,3780.0
11880.0,0.49999999999999994,0.0,0,20,3780.0
11881.0,0.49999999999999994,0.0,0,20,3780.0
11882.0,0.49999999999999994,0.0,0,20,3780.0
11883.0,0.49999999999999994,0.0,0,20,3780.0
11884.0,0.49999999999999994,0.0,0,20,3780.0
11885.0,0.49999999999999994,0.0,0,20,3780.0
11886.0,0.49999999999999994,0.0,0,20,3780.0
11887.0,0.49999999999999994,0.0,0,20,3780.0
11888.0,0.49999999999999994,0.0,0,20,3780.0
11889.0,0.49999999999999994,0.0,0,20,3780.0
11890.0,0.49999999999999994,0.0,0,20,3780.0
11891.0,0.49999999999999994,0.0,0,20,3780.0
11892.0,0.49999999999999994,0.0,0,20,3780.0
11893.0,0.49999999999999994,0.0,0,20,3780.0
11894.0,0.49999999999999994,0.0,0,20,3780.0
11895.0,0.49999999999999994,0.0,0,20,3780.0
11896.0,0.49999999999999994,0.0,0,20,3780.0
11897.0,0.49999999999999994,0.0,0,20,3780.0
11898.0,0.49999999999999994,0.0,0,20,3780.0
11899.0,0.49999999999999994,0.0,0,20,3780.0
11900.0,0.49999999999999994,0.0,0,20,3780.0
11901.0,0.49999999999999994,0.0,0,20,3780.0
11902.0,0.49999999999999994,0.0,0,20,3780.0
11903.0,0.49999999999999994,0.0,0,20,3780.0
11904.0,0.49999999999999994,0.0,0,20,3780.0
11905.0,0.49999999999999994,0.0,0,20,3780.0
11906.0,0.49999999999999994,0.0,0,20,3780.0
11907.0,0.49999999999999994,0.0,0,20,3780.0
11908.0,0.49999999999999994,0.0,0,20,3780.0
11909.0,0.49999999999999994,0.0,0,20,3780.0
11910.0,0.49999999999999994,0.0,0,20,3780.0
11911.0,0.49999999999999994,0.0,0,20,3780.0
11912.0,0.49999999999999994,0.0,0,20,3780.0
11913.0,0.49999999999999994,0.0,0,20,3780.0
11914.0,0.49999999999999994,0.0,0,20,3780.0
11915.0,0.49999999999999994,0.0,0,20,3780.0
11916.0,0.49999999999999994,0.0,0,20,3780.0
11917.0,0.49999999999999994,0.0,0,20,3780.0
11918.0,0.49999999999999994,0.0,0,20,3780.0
11919.0,0.49999999999999994,0.0,0,20,3780.0
11920.0,0.49999999999999994,0.0,0,20,3780.0
11921.0,0.49999999999999994,0.0,0,20,3780.0
11922.0,0.49999999999999994,0.0,0,20,3780.0
11923.0,0.49999999999999994,0.0,0,20,3780.0
11924.0,0.49999999999999994,0.0,0,20,3780.0
11925.0,0.49999999999999994,0.0,0,20,3780.0
11926.0,0.49999999999999994,0.0,0,20,3780.0
11927.0,0.49999999999999994,0.0,0,20,3780.0
11928.0,0.49999999999999994,0.0,0,20,3780.0
11929.0,0.49999999999999994,0.0,0,20,3780.0
11930.0,0.49999999999999994,0.0,0,20,3780.0
11931.0,0.49999999999999994,0.0,0,20,3780.0
11932.0,0.49999999999999994,0.0,0,20,3780.0
11933.0,0.49999999999999994,0.0,0,20,3780.0
11934.0,0.49999999999999994,0.0,0,20,3780.0
11935.0,0.49999999999999994,0.0,0,20,3780.0
11936.0,0.49999999999999994,0.0,0,20,3780.0
11937.0,0.49999999999999994,0.0,0,20,3780.0
11938.0,0.49999999999999994,0.0,0,20,3780.0
11939.0,0.49999999999999994,0.0,0,20,3780.0
11940.0,0.49999999999999994,0.0,0,20,3780.0
11941.0,0.49999999999999994,0.0,0,20,3780.0
11942.0,0.49999999999999994,0.0,0,20,3780.0
11943.0,0.49999999999999994,0.0,0,20,3780.0
11944.0,0.49999999999999994,0.0,0,20,3780.0
11945.0,0.49999999999999994,0.0,0,20,3780.0
11946.0,0.49999999999999994,0.0,0,20,3780.0
11947.0,0.49999999999999994,0.0,0,20,3780.0
11948.0,0.49999999999999994,0.0,0,20,3780.0
11949.0,0.49999999999999994,0.0,0,20,3780.0
11950.0,0.49999999999999994,0.0,0,20,3780.0
11951.0,0.49999999999999994,0.0,0,20,3780.0
11952.0,0.49999999999999994,0.0,0,20,3780.0
11953.0,0.49999999999999994,0.0,0,20,3780.0
11954.0,0.49999999999999994,0.0,0,20,3780.0
11955.0,0.49999999999999994,0.0,0,20,3780.0
11956.0,0.49999999999999994,0.0,0,20,3780.0
11957.0,0.49999999999999994,0.0,0,20,3780.0
11958.0,0.49999999999999994,0.0,0,20,3780.0
11959.0,0.49999999999999994,0.0,0,20,3780.0
11960.0,0.49999999999999994,0.0,0,20,3780.0
11961.0,0.49999999999999994,0.0,0,20,3780.0
11962.0,0.49999999999999994,0.0,0,20,3780.0
11963.0,0.49999999999999994,0.0,0,20,3780.0
11964.0,0.49999999999999994,0.0,0,20,3780.0
11965.0,0.49999999999999994,0.0,0,20,3780.0
11966.0,0.49999999999999994,0.0,0,20,3780.0
11967.0,0.49999999999999994,0.0,0,20,3780.0
11968.0,0.49999999999999994,0.0,0,20,3780.0
11969.0,0.49999999999999994,0.0,0,20,3780.0
11970.0,0.49999999999999994,0.0,0,20,3780.0
11971.0,0.49999999999999994,0.0,0,20,3780.0
11972.0,0.49999999999999994,0.0,0,20,3780.0
11973.0,0.49999999999999994,0.0,0,20,3780.0
11974.0,0.49999999999999994,0.0,0,20,3780.0
11975.0,0.49999999999999994,0.0,0,20,3780.0
11976.0,0.49999999999999994,0.0,0,20,3780.0
11977.0,0.49999999999999994,0.0,0,20,3780.0
11978.0,0.49999999999999994,0.0,0,20,3780.0
11979.0,0.49999999999999994,0.0,0,20,3780.0
11980.0,0.49999999999999994,0.0,0,20,3780.0
11981.0,0.49999999999999994,0.0,0,20,3780.0
11982.0,0.49999999999999994,0.0,0,20,3780.0
11983.0,0.49999999999999994,0.0,0,20,3780.0
11984.0,0.49999999999999994,0.0,0,20,3780.0
11985.0,0.49999999999999994,0.0,0,20,3780.0
11986.0,0.49999999999999994,0.0,0,20,3780.0
11987.0,0.49999999999999994,0.0,0,20,3780.0
11988.0,0.49999999999999994,0.0,0,20,3780.0
11989.0,0.49999999999999994,0.0,0,20,3780.0
11990.0,0.49999999999999994,0.0,0,20,3780.0
11991.0,0.49999999999999994,0.0,0,20,3780.0
11992.0,0.49999999999999994,0.0,0,20,3780.0
11993.0,0.49999999999999994,0.0,0,20,3780.0
11994.0,0.49999999999999994,0.0,0,20,3780.0
11995.0,0.49999999999999994,0.0,0,20,3780.0
11996.0,0.49999999999999994,0.0,0,20,3780.0
11997.0,0.49999999999999994,0.0,0,20,3780.0
11998.0,0.49999999999999994,0.0,0,20,3780.0
11999.0,0.49999999999999994,0.0,0,20,3780.0
12000.0,0.49999999999999994,0.0,0,20,3780.0
12001.0,0.49999999999999994,0.0,0,20,3780.0
12002.0,0.49999999999999994,0.0,0,20,3780.0
12003.0,0.49999999999999994,0.0,0,20,3780.0
12004.0,0.49999999999999994,0.0,0,20,3780.0
12005.0,0.49999999999999994,0.0,0,20,3780.0
12006.0,0.49999999999999994,0.0,0,20,3780.0
12007.0,0.49999999999999994,0.0,0,20,3780.0
12008.0,0.49999999999999994,0.0,0,20,3780.0
12009.0,0.49999999999999994,0.0,0,20,3780.0
12010.0,0.49999999999999994,0.0,0,20,3780.0
12011.0,0.49999999999999994,0.0,0,20,3780.0
12012.0,0.49999999999999994,0.0,0,20,3780.0
12013.0,0.49999999999999994,0.0,0,20,3780.0
12014.0,0.49999999999999994,0.0,0,20,3780.0
12015.0,0.49999999999999994,0.0,0,20,3780.0
12016.0,0.49999999999999994,0.0,0,20,3780.0
12017.0,0.49999999999999994,0.0,0,20,3780.0
12018.0,0.49999999999999994,0.0,0,20,3780.0
12019.0,0.49999999999999994,0.0,0,20,3780.0
12020.0,0.49999999999999994,0.0,0,20,3780.0
12021.0,0.49999999999999994,0.0,0,20,3780.0
12022.0,0.49999999999999994,0.0,0,20,3780.0
12023.0,0.49999999999999994,0.0,0,20,3780.0
12024.0,0.49999999999999994,0.0,0,20,3780.0
12025.0,0.49999999999999994,0.0,0,20,3780.0
12026.0,0.49999999999999994,0.0,0,20,3780.0
12027.0,0.49999999999999994,0.0,0,20,3780.0
12028.0,0.49999999999999994,0.0,0,20,3780.0
12029.0,0.49999999999999994,0.0,0,20,3780.0
12030.0,0.49999999999999994,0.0,0,20,3780.0
12031.0,0.49999999999999994,0.0,0,20,3780.0
12032.0,0.49999999999999994,0.0,0,20,3780.0
12033.0,0.49999999999999994,0.0,0,20,3780.0
12034.0,0.49999999999999994,0.0,0,20,3780.0
12035.0,0.49999999999999994,0.0,0,20,3780.0
12036.0,0.49999999999999994,0.0,0,20,3780.0
12037.0,0.49999999999999994,0.0,0,20,3780.0
12038.0,0.49999999999999994,0.0,0,20,3780.0
12039.0,0.49999999999999994,0.0,0,20,3780.0
12040.0,0.49999999999999994,0.0,0,20,3780.0
12041.0,0.49999999999999994,0.0,0,20,3780.0
12042.0,0.49999999999999994,0.0,0,20,3780.0
12043.0,0.49999999999999994,0.0,0,20,3780.0
12044.0,0.5499999999999999,0.0,0,20,3780.0
12045.0,0.5625598067889496,0.0,0,20,3780.0
12046.0,0.6156195799590983,0.0,0,20,3780.0
12047.0,0.7179561434074017,0.0,0,20,3780.0
12048.0,0.8700417983677953,0.0,0,20,3780.0
12049.0,1.072000114842012,0.0,0,20,3780.0
12050.0,1.3238812709468668,0.0,0,20,3780.0
12051.0,1.625710545457124,0.0,0,20,3780.0
12052.0,1.9775024479627443,0.0,0,20,3780.0
12053.0,2.3792660728797466,0.0,0,20,3780.0
12054.0,2.8310074944251453,0.0,0,20,3780.0
12055.0,3.332730969410391,0.0,0,20,3780.0
12056.0,3.8844395954226787,0.0,0,20,3780.0
12057.0,4.486135695698332,0.0,0,20,3780.0
12058.0,5.137821056414061,0.0,0,20,3780.0
12059.0,5.839497079455508,0.0,0,20,3780.0
12060.0,6.591164884378225,0.0,0,20,3780.0
12061.0,7.392825378564022,0.0,0,20,3780.0
12062.0,8.244479306769442,0.0,0,20,3780.0
12063.0,9.146127286918208,0.0,0,20,3780.0
12064.0,10.097769836470107,0.0,0,20,3780.0
12065.0,11.097769836470107,0.0,0,20,3780.0
12066.0,12.097769836470107,0.0,0,20,3780.0
12067.0,13.097769836470107,0.0,0,20,3780.0
12068.0,14.097769836470107,0.0,0,20,3780.0
12069.0,15.097769836470107,0.0,0,20,3780.0
12070.0,16.097769836470107,0.0,0,20,3780.0
12071.0,17.097769836470107,0.0,0,20,3780.0
12072.0,18.097769836470107,0.0,0,20,3780.0
12073.0,19.097769836470107,0.0,0,20,3780.0
12074.0,20.097769836470107,0.0,0,20,3780.0
12075.0,21.097769836470107,0.0,0,20,3780.0
12076.0,22.097769836470107,0.0,0,20,3780.0
12077.0,23.097769836470107,0.0,0,20,3780.0
12078.0,24.097769836470107,0.0,0,20,3780.0
12079.0,25.097769836470107,0.0,0,20,3780.0
12080.0,26.097769836470107,0.0,0,20,3780.0
12081.0,27.097769836470107,0.0,0,20,3780.0
12082.0,28.097769836470107,0.0,0,20,3780.0
12083.0,29.097769836470107,0.0,0,20,3780.0
12084.0,30.097769836470107,0.0,0,20,3780.0
12085.0,31.097769836470107,0.0,0,20,3780.0
12086.0,32.0977698364701,0.0,0,20,3780.0
12087.0,33.097769836470086,0.0,0,20,3780.0
12088.0,34.097769836470086,0.0,0,20,3780.0
12089.0,35.097769836470086,0.0,0,20,3780.0
12090.0,36.097769836470086,0.0,0,20,3780.0
12091.0,37.097769836470086,0.0,0,20,3780.0
12092.0,38.097769836470086,0.0,0,20,3780.0
12093.0,39.097769836470086,0.0,0,20,3780.0
12094.0,40.097769836470086,0.0,0,20,3780.0
12095.0,41.097769836470086,0.0,0,20,3780.0
12096.0,42.097769836470086,0.0,0,20,3780.0
12097.0,43.097769836470086,0.0,0,20,3780.0
12098.0,44.097769836470086,0.0,0,20,3780.0
12099.0,45.097769836470086,0.0,0,20,3780.0
12100.0,46.097769836470086,0.0,0,20,3780.0
12101.0,47.097769836470086,0.0,0,20,3780.0
12102.0,48.097769836470086,0.0,0,20,3780.0
12103.0,49.097769836470086,0.0,0,20,3780.0
12104.0,49.19776983647008,0.0,0,20,3780.0
12105.0,49.38981312447188,0.0,0,20,3780.0
12106.0,49.67925024893924,0.0,0,20,3780.0
12107.0,50.06743162587383,0.0,0,20,3780.0
12108.0,50.554877447328195,0.0,0,20,3780.0
12109.0,51.14184010485554,0.0,0,20,3780.0
12110.0,51.82846061446459,0.0,0,20,3780.0
12111.0,52.61482560907232,0.0,0,20,3780.0
12112.0,53.5009920663764,0.0,0,20,3780.0
12113.0,54.486999433265716,0.0,0,20,3780.0
12114.0,55.5728761340471,0.0,0,20,3780.0
12115.0,56.75864331677327,0.0,0,20,3780.0
12116.0,58.04431713300944,0.0,0,20,3780.0
12117.0,59.42991018944969,0.0,0,20,3780.0
12118.0,60.46543250767772,0.0,0,20,3780.0
12119.0,61.544984397000505,0.0,0,20,3780.0
12120.0,62.90623655695543,0.0,0,20,3780.0
12121.0,64.60224661636565,0.0,0,20,3780.0
12122.0,66.63627661687691,0.0,0,20,3780.0
12123.0,69.01176215630161,0.0,0,20,3780.0
12124.0,71.7322701471383,0.0,0,20,3780.0
12125.0,74.80144704907518,0.0,0,20,3780.0
12126.0,78.2229609410243,0.0,0,20,3780.0
12127.0,82.00044186616002,0.0,0,20,3780.0
12128.0,86.13742519538728,0.0,0,20,3780.0
12129.0,90.63730221313722,0.0,0,20,3780.0
12130.0,95.50328090226581,0.0,0,20,3780.0
12131.0,100.73835834741922,0.0,0,20,3780.0
12132.0,106.34530467929581,0.0,0,20,3780.0
12133.0,112.32665733363869,0.0,0,20,3780.0
12134.0,118.68472372072785,0.0,0,20,3780.0
12135.0,125.42159016759918,0.0,0,20,3780.0
12136.0,132.53913509326193,0.0,0,20,3780.0
12137.0,140.03904467070717,0.0,0,20,3780.0
12138.0,147.92282960151138,0.0,0,20,3780.0
12139.0,155.8918419986962,0.0,0,20,3780.0
12140.0,163.8918419986962,0.0,0,20,3780.0
12141.0,171.89184199869624,0.0,0,20,3780.0
12142.0,179.89184199869624,0.0,0,20,3780.0
12143.0,187.89184199869624,0.0,0,20,3780.0
12144.0,195.8918419986962,0.0,0,20,3780.0
12145.0,203.8918419986962,0.0,0,20,3780.0
12146.0,211.8918419986962,0.0,0,20,3780.0
12147.0,219.8918419986962,0.0,0,20,3780.0
12148.0,227.8918419986962,0.0,0,20,3780.0
12149.0,235.8918419986962,0.0,0,20,3780.0
12150.0,243.8918419986962,0.0,0,20,3780.0
12151.0,251.8918419986962,0.0,0,20,3780.0
12152.0,259.89184199869624,0.0,0,20,3780.0
12153.0,267.89184199869624,0.0,0,20,3780.0
12154.0,275.89184199869624,0.0,0,20,3780.0
12155.0,283.89184199869624,0.0,0,20,3780.0
12156.0,291.89184199869624,0.0,0,20,3780.0
12157.0,299.89184199869624,0.0,0,20,3780.0
12158.0,307.89184199869624,0.0,0,20,3780.0
12159.0,315.89184199869624,0.0,0,20,3780.0
12160.0,323.89184199869624,0.0,0,20,3780.0
12161.0,331.89184199869624,0.0,0,20,3780.0
12162.0,339.89184199869624,0.0,0,20,3780.0
12163.0,347.89184199869624,0.0,0,20,3780.0
12164.0,355.89184199869624,0.0,0,20,3780.0
12165.0,363.89184199869624,0.0,0,20,3780.0
12166.0,371.89184199869624,0.0,0,20,3780.0
12167.0,379.89184199869624,0.0,0,20,3780.0
12168.0,387.89184199869624,0.0,0,20,3780.0
12169.0,395.89184199869624,0.0,0,20,3780.0
12170.0,403.89184199869624,0.0,0,20,3780.0
12171.0,411.89184199869624,0.0,0,20,3780.0
12172.0,419.89184199869624,0.0,0,20,3780.0
12173.0,427.89184199869624,0.0,0,20,3780.0
12174.0,435.89184199869624,0.0,0,20,3780.0
12175.0,443.89184199869624,0.0,0,20,3780.0
12176.0,451.89184199869624,0.0,0,20,3780.0
12177.0,459.89184199869624,0.0,0,20,3780.0
12178.0,467.89184199869624,0.0,0,20,3780.0
12179.0,475.89184199869624,0.0,0,20,3780.0
12180.0,483.89184199869624,0.0,0,20,3780.0
12181.0,491.89184199869624,0.0,0,20,3780.0
12182.0,499.89184199869624,0.0,0,20,3780.0
12183.0,507.89184199869624,0.0,0,20,3780.0
12184.0,515.8918419986962,0.0,0,20,3780.0
12185.0,523.8918419986962,0.0,0,20,3780.0
12186.0,531.8918419986962,0.0,0,20,3780.0
12187.0,539.8918419986962,0.0,0,20,3780.0
12188.0,547.8918419986962,0.0,0,20,3780.0
12189.0,555.8918419986962,0.0,0,20,3780.0
12190.0,563.8918419986962,0.0,0,20,3780.0
12191.0,571.8918419986962,0.0,0,20,3780.0
12192.0,579.8918419986962,0.0,0,20,3780.0
12193.0,587.8918419986962,0.0,0,20,3780.0
12194.0,595.8918419986962,0.0,0,20,3780.0
12195.0,603.8918419986962,0.0,0,20,3780.0
12196.0,611.8918419986962,0.0,0,20,3780.0
12197.0,619.8918419986962,0.0,0,20,3780.0
12198.0,627.8918419986962,0.0,0,20,3780.0
12199.0,635.8918419986962,0.0,0,20,3780.0
12200.0,643.8918419986962,0.0,0,20,3780.0
12201.0,651.8918419986962,0.0,0,20,3780.0
12202.0,659.8918419986962,0.0,0,20,3780.0
12203.0,667.8918419986962,0.0,0,20,3780.0
12204.0,675.8918419986962,0.0,0,20,3780.0
12205.0,683.8918419986962,0.0,0,20,3780.0
12206.0,691.8918419986962,0.0,0,20,3780.0
12207.0,699.8918419986962,0.0,0,20,3780.0
12208.0,707.8918419986962,0.0,0,20,3780.0
12209.0,715.8918419986962,0.0,0,20,3780.0
12210.0,723.8918419986962,0.0,0,20,3780.0
12211.0,731.8918419986962,0.0,0,20,3780.0
12212.0,739.8918419986962,0.0,0,20,3780.0
12213.0,747.8918419986962,0.0,0,20,3780.0
12214.0,755.8918419986962,0.0,0,20,3780.0
12215.0,763.8918419986962,0.0,0,20,3780.0
12216.0,771.8918419986962,0.0,0,20,3780.0
12217.0,779.8918419986962,0.0,0,20,3780.0
12218.0,787.8918419986962,0.0,0,20,3780.0
12219.0,795.8918419986962,0.0,0,20,3780.0
12220.0,803.8918419986962,0.0,0,20,3780.0
12221.0,811.8918419986962,0.0,0,20,3780.0
12222.0,819.8918419986962,0.0,0,20,3780.0
12223.0,827.8918419986962,0.0,0,20,3780.0
12224.0,835.8918419986962,0.0,0,20,3780.0
12225.0,843.8918419986962,0.0,0,20,3780.0
12226.0,851.8918419986962,0.0,0,20,3780.0
12227.0,859.8918419986962,0.0,0,20,3780.0
12228.0,867.8918419986962,0.0,0,20,3780.0
12229.0,875.8918419986962,0.0,0,20,3780.0
12230.0,883.8918419986962,0.0,0,20,3780.0
12231.0,891.8918419986962,0.0,0,20,3780.0
12232.0,899.8918419986962,0.0,0,20,3780.0
12233.0,907.8918419986962,0.0,0,20,3780.0
12234.0,915.8918419986962,0.0,0,20,3780.0
12235.0,923.8918419986962,0.0,0,20,3780.0
12236.0,931.8918419986962,0.0,0,20,3780.0
12237.0,939.8918419986962,0.0,0,20,3780.0
12238.0,947.8918419986962,0.0,0,20,3780.0
12239.0,955.8918419986962,0.0,0,20,3780.0
12240.0,963.8918419986962,0.0,0,20,3780.0
12241.0,971.8918419986962,0.0,0,20,3780.0
12242.0,979.8918419986962,0.0,0,20,3780.0
12243.0,987.8918419986962,0.0,0,20,3780.0
12244.0,995.8918419986962,0.0,0,20,3780.0
12245.0,1003.8918419986962,0.0,0,20,3780.0
12246.0,1011.8918419986963,0.0,0,20,3780.0
12247.0,1019.8918419986963,0.0,0,20,3780.0
12248.0,1027.8918419986962,0.0,0,20,3780.0
12249.0,1035.8918419986962,0.0,0,20,3780.0
12250.0,1043.8918419986962,0.0,0,20,3780.0
12251.0,1051.8918419986962,0.0,0,20,3780.0
12252.0,1059.8918419986962,0.0,0,20,3780.0
12253.0,1067.8918419986962,0.0,0,20,3780.0
12254.0,1075.8918419986962,0.0,0,20,3780.0
12255.0,1083.8918419986962,0.0,0,20,3780.0
12256.0,1091.8918419986962,0.0,0,20,3780.0
12257.0,1099.8918419986962,0.0,0,20,3780.0
12258.0,1107.8918419986962,0.0,0,20,3780.0
12259.0,1115.8918419986962,0.0,0,20,3780.0
12260.0,1123.8918419986962,0.0,0,20,3780.0
12261.0,1131.8918419986962,0.0,0,20,3780.0
12262.0,1139.8918419986962,0.0,0,20,3780.0
12263.0,1147.8918419986962,0.0,0,20,3780.0
12264.0,1155.8918419986962,0.0,0,20,3780.0
12265.0,1163.891841998696,0.0,0,20,3780.0
12266.0,1171.891841998696,0.0,0,20,3780.0
12267.0,1179.891841998696,0.0,0,20,3780.0
12268.0,1187.891841998696,0.0,0,20,3780.0
12269.0,1195.891841998696,0.0,0,20,3780.0
12270.0,1203.891841998696,0.0,0,20,3780.0
12271.0,1211.891841998696,0.0,0,20,3780.0
12272.0,1219.891841998696,0.0,0,20,3780.0
12273.0,1227.891841998696,0.0,0,20,3780.0
12274.0,1235.891841998696,0.0,0,20,3780.0
12275.0,1243.891841998696,0.0,0,20,3780.0
12276.0,1251.891841998696,0.0,0,20,3780.0
12277.0,1259.891841998696,0.0,0,20,3780.0
12278.0,1267.891841998696,0.0,0,20,3780.0
12279.0,1275.891841998696,0.0,0,20,3780.0
12280.0,1283.891841998696,0.0,0,20,3780.0
12281.0,1291.891841998696,0.0,0,20,3780.0
12282.0,1299.891841998696,0.0,0,20,3780.0
12283.0,1307.891841998696,0.0,0,20,3780.0
12284.0,1315.891841998696,0.0,0,20,3780.0
12285.0,1323.891841998696,0.0,0,20,3780.0
12286.0,1331.891841998696,0.0,0,20,3780.0
12287.0,1339.891841998696,0.0,0,20,3780.0
12288.0,1347.891841998696,0.0,0,20,3780.0
12289.0,1355.891841998696,0.0,0,20,3780.0
12290.0,1363.891841998696,0.0,0,20,3780.0
12291.0,1371.891841998696,0.0,0,20,3780.0
12292.0,1379.891841998696,0.0,0,20,3780.0
12293.0,1387.891841998696,0.0,0,20,3780.0
12294.0,1395.891841998696,0.0,0,20,3780.0
12295.0,1403.891841998696,0.0,0,20,3780.0
12296.0,1411.891841998696,0.0,0,20,3780.0
12297.0,1419.891841998696,0.0,0,20,3780.0
12298.0,1427.891841998696,0.0,0,20,3780.0
12299.0,1435.891841998696,0.0,0,20,3780.0
12300.0,1443.891841998696,0.0,0,20,3780.0
12301.0,1451.8826435213869,0.0,0,20,3780.0
12302.0,1459.853629013624,0.0,0,20,3780.0
12303.0,1467.8051947960164,0.0,0,20,3780.0
12304.0,1475.737729262761,0.0,0,20,3780.0
12305.0,1483.6516130401703,0.0,0,20,3780.0
12306.0,1490.6516130401703,0.0,0,20,3780.0
12307.0,1497.6516130401703,0.0,0,20,3780.0
12308.0,1504.6516130401703,0.0,0,20,3780.0
12309.0,1511.6516130401703,0.0,0,20,3780.0
12310.0,1518.6516130401703,0.0,0,20,3780.0
12311.0,1525.6516130401703,0.0,0,20,3780.0
12312.0,1532.6516130401703,0.0,0,20,3780.0
12313.0,1539.6516130401703,0.0,0,20,3780.0
12314.0,1546.6516130401703,0.0,0,20,3780.0
12315.0,1553.6516130401703,0.0,0,20,3780.0
12316.0,1560.6516130401703,0.0,0,20,3780.0
12317.0,1567.6516130401703,0.0,0,20,3780.0
12318.0,1574.6516130401703,0.0,0,20,3780.0
12319.0,1581.6516130401703,0.0,0,20,3780.0
12320.0,1588.65161304017,0.0,0,20,3780.0
12321.0,1595.65161304017,0.0,0,20,3780.0
12322.0,1602.65161304017,0.0,0,20,3780.0
12323.0,1609.65161304017,0.0,0,20,3780.0
12324.0,1616.65161304017,0.0,0,20,3780.0
12325.0,1623.65161304017,0.0,0,20,3780.0
12326.0,1630.65161304017,0.0,0,20,3780.0
12327.0,1637.65161304017,0.0,0,20,3780.0
12328.0,1644.65161304017,0.0,0,20,3780.0
12329.0,1651.65161304017,0.0,0,20,3780.0
12330.0,1658.65161304017,0.0,0,20,3780.0
12331.0,1665.65161304017,0.0,0,20,3780.0
12332.0,1672.65161304017,0.0,0,20,3780.0
12333.0,1679.65161304017,0.0,0,20,3780.0
12334.0,1686.65161304017,0.0,0,20,3780.0
12335.0,1693.65161304017,0.0,0,20,3780.0
12336.0,1700.65161304017,0.0,0,20,3780.0
12337.0,1707.65161304017,0.0,0,20,3780.0
12338.0,1714.65161304017,0.0,0,20,3780.0
12339.0,1721.65161304017,0.0,0,20,3780.0
12340.0,1728.65161304017,0.0,0,20,3780.0
12341.0,1735.65161304017,0.0,0,20,3780.0
12342.0,1742.65161304017,0.0,0,20,3780.0
12343.0,1749.65161304017,0.0,0,20,3780.0
12344.0,1756.65161304017,0.0,0,20,3780.0
12345.0,1763.65161304017,0.0,0,20,3780.0
12346.0,1770.65161304017,0.0,0,20,3780.0
12347.0,1777.65161304017,0.0,0,20,3780.0
12348.0,1784.65161304017,0.0,0,20,3780.0
12349.0,1791.65161304017,0.0,0,20,3780.0
12350.0,1798.65161304017,0.0,0,20,3780.0
12351.0,1805.65161304017,0.0,0,20,3780.0
12352.0,1812.65161304017,0.0,0,20,3780.0
12353.0,1819.65161304017,0.0,0,20,3780.0
12354.0,1826.65161304017,0.0,0,20,3780.0
12355.0,1833.65161304017,0.0,0,20,3780.0
12356.0,1840.65161304017,0.0,0,20,3780.0
12357.0,1847.65161304017,0.0,0,20,3780.0
12358.0,1854.644011718095,0.0,0,20,3780.0
12359.0,1861.6165624224611,0.0,0,20,3780.0
12360.0,1868.5696621127402,0.0,0,20,3780.0
12361.0,1875.5036998092135,0.0,0,20,3780.0
12362.0,1882.4190567517574,0.0,0,20,3780.0
12363.0,1888.4190567517574,0.0,0,20,3780.0
12364.0,1894.4190567517574,0.0,0,20,3780.0
12365.0,1900.4190567517574,0.0,0,20,3780.0
12366.0,1906.4190567517574,0.0,0,20,3780.0
12367.0,1912.4190567517574,0.0,0,20,3780.0
12368.0,1918.4190567517574,0.0,0,20,3780.0
12369.0,1924.4190567517574,0.0,0,20,3780.0
12370.0,1930.4190567517574,0.0,0,20,3780.0
12371.0,1936.4190567517574,0.0,0,20,3780.0
12372.0,1942.4190567517574,0.0,0,20,3780.0
12373.0,1948.4190567517574,0.0,0,20,3780.0
12374.0,1954.4190567517574,0.0,0,20,3780.0
12375.0,1960.4190567517574,0.0,0,20,3780.0
12376.0,1966.4190567517574,0.0,0,20,3780.0
12377.0,1972.4190567517574,0.0,0,20,3780.0
12378.0,1978.4190567517574,0.0,0,20,3780.0
12379.0,1984.4190567517574,0.0,0,20,3780.0
12380.0,1990.4190567517574,0.0,0,20,3780.0
12381.0,1996.4190567517574,0.0,0,20,3780.0
12382.0,2002.4190567517574,0.0,0,20,3780.0
12383.0,2008.4190567517574,0.0,0,20,3780.0
12384.0,2014.4190567517571,0.0,0,20,3780.0
12385.0,2020.4190567517576,0.0,0,20,3780.0
12386.0,2026.4190567517576,0.0,0,20,3780.0
12387.0,2032.4190567517576,0.0,0,20,3780.0
12388.0,2038.4190567517576,0.0,0,20,3780.0
12389.0,2044.4190567517576,0.0,0,20,3780.0
12390.0,2050.4190567517576,0.0,0,20,3780.0
12391.0,2056.4190567517576,0.0,0,20,3780.0
12392.0,2062.4190567517576,0.0,0,20,3780.0
12393.0,2068.4190567517576,0.0,0,20,3780.0
12394.0,2074.4190567517576,0.0,0,20,3780.0
12395.0,2080.4190567517576,0.0,0,20,3780.0
12396.0,2086.4190567517576,0.0,0,20,3780.0
12397.0,2092.4190567517576,0.0,0,20,3780.0
12398.0,2098.4190567517576,0.0,0,20,3780.0
12399.0,2104.4190567517576,0.0,0,20,3780.0
12400.0,2110.4190567517576,0.0,0,20,3780.0
12401.0,2116.4190567517576,0.0,0,20,3780.0
12402.0,2122.4190567517576,0.0,0,20,3780.0
12403.0,2128.4190567517576,0.0,0,20,3780.0
12404.0,2134.4190567517576,0.0,0,20,3780.0
12405.0,2140.4190567517576,0.0,0,20,3780.0
12406.0,2146.4190567517576,0.0,0,20,3780.0
12407.0,2152.4190567517576,0.0,0,20,3780.0
12408.0,2158.4190567517576,0.0,0,20,3780.0
12409.0,2164.4190567517576,0.0,0,20,3780.0
12410.0,2170.4075503922254,0.0,0,20,3780.0
12411.0,2176.3762741598844,0.0,0,20,3780.0
12412.0,2182.32562345219,0.0,0,20,3780.0
12413.0,2188.2559857586493,0.0,0,20,3780.0
12414.0,2194.1677408189794,0.0,0,20,3780.0
12415.0,2199.3279064222197,0.0,0,20,3780.0
12416.0,2202.8171407918926,0.0,0,20,3780.0
12417.0,2204.7821459693773,0.0,0,20,3780.0
12418.0,2207.1872773767222,0.0,0,20,3780.0
12419.0,2210.0349704890427,0.0,0,20,3780.0
12420.0,2213.276292296155,0.0,0,20,3780.0
12421.0,2216.910227692246,0.0,0,20,3780.0
12422.0,2220.93942594205,0.0,0,20,3780.0
12423.0,2225.3665326124033,0.0,0,20,3780.0
12424.0,2230.1941691287966,0.0,0,20,3780.0
12425.0,2235.4249132066284,0.0,0,20,3780.0
12426.0,2241.0612808916435,0.0,0,20,3780.0
12427.0,2247.1057108033797,0.0,0,20,3780.0
12428.0,2253.5605509948455,0.0,0,20,3780.0
12429.0,2260.417799522108,0.0,0,20,3780.0
12430.0,2267.6537363574666,0.0,0,20,3780.0
12431.0,2275.1629422257556,0.0,0,20,3780.0
12432.0,2282.9369639766796,0.0,0,20,3780.0
12433.0,2290.976505292585,0.0,0,20,3780.0
12434.0,2299.282255782172,0.0,0,20,3780.0
12435.0,2307.8048912619674,0.0,0,20,3780.0
12436.0,2316.395074032167,0.0,0,20,3780.0
12437.0,2324.9534531469626,0.0,0,20,3780.0
12438.0,2333.4806646794623,0.0,0,20,3780.0
12439.0,2341.9773319813116,0.0,0,20,3780.0
12440.0,2350.4440659371244,0.0,0,20,3780.0
12441.0,2358.875893284718,0.0,0,20,3780.0
12442.0,2367.2590840853604,0.0,0,20,3780.0
12443.0,2375.59461106999,0.0,0,20,3780.0
12444.0,2383.8834275149266,0.0,0,20,3780.0
12445.0,2392.1264676309643,0.0,0,20,3780.0
12446.0,2400.324646944682,0.0,0,20,3780.0
12447.0,2408.4788626721243,0.0,0,20,3780.0
12448.0,2416.5899940850186,0.0,0,20,3780.0
12449.0,2424.658902869655,0.0,0,20,3780.0
12450.0,2432.683082272504,0.0,0,20,3780.0
12451.0,2440.6467780872968,0.0,0,20,3780.0
12452.0,2448.551199985793,0.0,0,20,3780.0
12453.0,2456.39753344632,0.0,0,20,3780.0
12454.0,2464.1869402376356,0.0,0,20,3780.0
12455.0,2471.9205588931254,0.0,0,20,3780.0
12456.0,2479.599505175506,0.0,0,20,3780.0
12457.0,2487.2248725322374,0.0,0,20,3780.0
12458.0,2494.7977325418356,0.0,0,20,3780.0
12459.0,2502.319135351241,0.0,0,20,3780.0
12460.0,2509.7901101044586,0.0,0,20,3780.0
12461.0,2517.211665362612,0.0,0,20,3780.0
12462.0,2524.584789515602,0.0,0,20,3780.0
12463.0,2531.9104511855326,0.0,0,20,3780.0
12464.0,2539.189599622065,0.0,0,20,3780.0
12465.0,2546.423165089866,0.0,0,20,3780.0
12466.0,2553.6120592483107,0.0,0,20,3780.0
12467.0,2560.757175523587,0.0,0,20,3780.0
12468.0,2567.859389473358,0.0,0,20,3780.0
12469.0,2574.919559144133,0.0,0,20,3780.0
12470.0,2581.9385254214926,0.0,0,20,3780.0
12471.0,2588.9171123733054,0.0,0,20,3780.0
12472.0,2595.856127586082,0.0,0,20,3780.0
12473.0,2602.7563624946024,0.0,0,20,3780.0
12474.0,2609.6185927049532,0.0,0,20,3780.0
12475.0,2616.4435783110966,0.0,0,20,3780.0
12476.0,2623.232064205117,0.0,0,20,3780.0
12477.0,2629.984780381257,0.0,0,20,3780.0
12478.0,2636.702442233874,0.0,0,20,3780.0
12479.0,2643.38575084944,0.0,0,20,3780.0
12480.0,2650.035393292693,0.0,0,20,3780.0
12481.0,2656.6520428870813,0.0,0,20,3780.0
12482.0,2663.236359489583,0.0,0,20,3780.0
12483.0,2669.7889897600335,0.0,0,20,3780.0
12484.0,2676.310567425075,0.0,0,20,3780.0
12485.0,2682.801713536816,0.0,0,20,3780.0
12486.0,2689.2630367263223,0.0,0,20,3780.0
12487.0,2695.695133452038,0.0,0,20,3780.0
12488.0,2702.0985882432396,0.0,0,20,3780.0
12489.0,2708.4739739386173,0.0,0,20,3780.0
12490.0,2714.8218519200877,0.0,0,20,3780.0
12491.0,2721.1427723419283,0.0,0,20,3780.0
12492.0,2727.437274355332,0.0,0,20,3780.0
12493.0,2733.705886328468,0.0,0,20,3780.0
12494.0,2739.9491260621407,0.0,0,20,3780.0
12495.0,2746.1675010011404,0.0,0,20,3780.0
12496.0,2752.36150844136,0.0,0,20,3780.0
12497.0,2758.531635732775,0.0,0,20,3780.0
12498.0,2764.6783604783623,0.0,0,20,3780.0
12499.0,2770.8021507290373,0.0,0,20,3780.0
12500.0,2776.9034651746992,0.0,0,20,3780.0
12501.0,2782.9827533314474,0.0,0,20,3780.0
12502.0,2789.0404557250613,0.0,0,20,3780.0
12503.0,2795.0770040708026,0.0,0,20,3780.0
12504.0,2801.0928214496284,0.0,0,20,3780.0
12505.0,2807.0883224808786,0.0,0,20,3780.0
12506.0,2813.0639134915036,0.0,0,20,3780.0
12507.0,2819.019992681916,0.0,0,20,3780.0
12508.0,2824.95695028852,0.0,0,20,3780.0
12509.0,2830.875168742992,0.0,0,20,3780.0
12510.0,2836.775022828375,0.0,0,20,3780.0
12511.0,2842.6568798320495,0.0,0,20,3780.0
12512.0,2848.5210996956516,0.0,0,20,3780.0
12513.0,2854.3680351619805,0.0,0,20,3780.0
12514.0,2860.1980319189834,0.0,0,20,3780.0
12515.0,2866.011428740846,0.0,0,20,3780.0
12516.0,2871.808557626272,0.0,0,20,3780.0
12517.0,2877.5897439339888,0.0,0,20,3780.0
12518.0,2883.355306515551,0.0,0,20,3780.0
12519.0,2889.105557845483,0.0,0,20,3780.0
12520.0,2894.840804148815,0.0,0,20,3780.0
12521.0,2900.561345526082,0.0,0,20,3780.0
12522.0,2906.2674760758027,0.0,0,20,3780.0
12523.0,2910.959484014529,0.0,0,20,3780.0
12524.0,2915.637651794481,0.0,0,20,3780.0
12525.0,2920.302256218834,0.0,0,20,3780.0
12526.0,2924.9535685546994,0.0,0,20,3780.0
12527.0,2929.591854643848,0.0,0,20,3780.0
12528.0,2934.2173750112133,0.0,0,20,3780.0
12529.0,2938.830384971232,0.0,0,20,3780.0
12530.0,2943.4311347320495,0.0,0,20,3780.0
12531.0,2948.0198694976507,0.0,0,20,3780.0
12532.0,2952.5968295679404,0.0,0,20,3780.0
12533.0,2957.1622504368243,0.0,0,20,3780.0
12534.0,2961.71636288833,0.0,0,20,3780.0
12535.0,2965.2593930908056,0.0,0,20,3780.0
12536.0,2968.7915626892323,0.0,0,20,3780.0
12537.0,2972.31308889569,0.0,0,20,3780.0
12538.0,2975.8241845780185,0.0,0,20,3780.0
12539.0,2979.3250583467006,0.0,0,20,3780.0
12540.0,2982.8159146400094,0.0,0,20,3780.0
12541.0,2986.2969538074512,0.0,0,20,3780.0
12542.0,2989.768372191545,0.0,0,20,3780.0
12543.0,2993.230362207956,0.0,0,20,3780.0
12544.0,2996.68311242404,0.0,0,20,3780.0
12545.0,3000.106913905158,0.0,0,20,3780.0
12546.0,3003.5222393566537,0.0,0,20,3780.0
12547.0,3006.929258299119,0.0,0,20,3780.0
12548.0,3010.328136862735,0.0,0,20,3780.0
12549.0,3013.719037855079,0.0,0,20,3780.0
12550.0,3017.102120827576,0.0,0,20,3780.0
12551.0,3020.4775421406234,0.0,0,20,3780.0
12552.0,3023.8454550274096,0.0,0,20,3780.0
12553.0,3027.20600965646,0.0,0,20,3780.0
12554.0,3030.55935319293,0.0,0,20,3780.0
12555.0,3033.9056298586693,0.0,0,20,3780.0
12556.0,3037.244980991095,0.0,0,20,3780.0
12557.0,3040.5775451008717,0.0,0,20,3780.0
12558.0,3043.9034579284535,0.0,0,20,3780.0
12559.0,3047.2228524994825,0.0,0,20,3780.0
12560.0,3050.535859179092,0.0,0,20,3780.0
12561.0,3053.842605725109,0.0,0,20,3780.0
12562.0,3057.143217340206,0.0,0,20,3780.0
12563.0,3060.437816723,0.0,0,20,3780.0
12564.0,3063.726524118139,0.0,0,20,3780.0
12565.0,3067.0094573653746,0.0,0,20,3780.0
12566.0,3070.286731947666,0.0,0,20,3780.0
12567.0,3073.558461038311,0.0,0,20,3780.0
12568.0,3076.824755547144,0.0,0,20,3780.0
12569.0,3080.0857241657995,0.0,0,20,3780.0
12570.0,3083.3414734120825,0.0,0,20,3780.0
12571.0,3086.5921076734394,0.0,0,20,3780.0
12572.0,3089.8377292495693,0.0,0,20,3780.0
12573.0,3093.0784383941764,0.0,0,20,3780.0
12574.0,3096.3143333558914,0.0,0,20,3780.0
12575.0,3099.545510418373,0.0,0,20,3780.0
12576.0,3102.772063939604,0.0,0,20,3780.0
12577.0,3105.9940863904108,0.0,0,20,3780.0
12578.0,3109.211668392201,0.0,0,20,3780.0
12579.0,3112.424898753956,0.0,0,20,3780.0
12580.0,3115.633864508475,0.0,0,20,3780.0
12581.0,3118.838650947904,0.0,0,20,3780.0
12582.0,3122.039341658545,0.0,0,20,3780.0
12583.0,3125.236018554973,0.0,0,20,3780.0
12584.0,3128.428761913472,0.0,0,20,3780.0
12585.0,3131.617650404801,0.0,0,20,3780.0
12586.0,3134.802761126304,0.0,0,20,3780.0
12587.0,3137.984169633376,0.0,0,20,3780.0
12588.0,3141.161949970308,0.0,0,20,3780.0
12589.0,3144.3361747005,0.0,0,20,3780.0
12590.0,3147.506914936089,0.0,0,20,3780.0
12591.0,3150.674240366966,0.0,0,20,3780.0
12592.0,3153.8382192892254,0.0,0,20,3780.0
12593.0,3156.9989186330395,0.0,0,20,3780.0
12594.0,3160.1564039899777,0.0,0,20,3780.0
12595.0,3163.310739639777,0.0,0,20,3780.0
12596.0,3166.4619885765796,0.0,0,20,3780.0
12597.0,3169.60127163505,0.0,0,20,3780.0
12598.0,3172.7177690323506,0.0,0,20,3780.0
12599.0,3175.8119364817053,0.0,0,20,3780.0
12600.0,3178.884220582073,0.0,0,20,3780.0
12601.0,3181.935059000434,0.0,0,20,3780.0
12602.0,3184.069041718715,0.0,0,20,3780.0
12603.0,3186.20034478263,0.0,0,20,3780.0
12604.0,3188.329021785267,0.0,0,20,3780.0
12605.0,3190.4551252478514,0.0,0,20,3780.0
12606.0,3192.578706641184,0.0,0,20,3780.0
12607.0,3194.699816406649,0.0,0,20,3780.0
12608.0,3196.818503976806,0.0,0,20,3780.0
12609.0,3198.9348177955594,0.0,0,20,3780.0
12610.0,3201.0488053379377,0.0,0,20,3780.0
12611.0,3203.160513129469,0.0,0,20,3780.0
12612.0,3205.2501799314564,0.0,0,20,3780.0
12613.0,3207.338053397404,0.0,0,20,3780.0
12614.0,3209.4045069119043,0.0,0,20,3780.0
12615.0,3211.469631356114,0.0,0,20,3780.0
12616.0,3213.5334533114396,0.0,0,20,3780.0
12617.0,3215.5959988276586,0.0,0,20,3780.0
12618.0,3217.6572934335536,0.0,0,20,3780.0
12619.0,3219.7173621473303,0.0,0,20,3780.0
12620.0,3221.7762294868317,0.0,0,20,3780.0
12621.0,3223.8339194795426,0.0,0,20,3780.0
12622.0,3225.8904556724,0.0,0,20,3780.0
12623.0,3227.9458611413997,0.0,0,20,3780.0
12624.0,3230.0001585010195,0.0,0,20,3780.0
12625.0,3232.053369913447,0.0,0,20,3780.0
12626.0,3234.1055170976265,0.0,0,20,3780.0
12627.0,3236.1566213381216,0.0,0,20,3780.0
12628.0,3238.2067034938073,0.0,0,20,3780.0
12629.0,3240.2557840063787,0.0,0,20,3780.0
12630.0,3242.303882908699,0.0,0,20,3780.0
12631.0,3244.351019832973,0.0,0,20,3780.0
12632.0,3246.3972140187616,0.0,0,20,3780.0
12633.0,3248.4424843208344,0.0,0,20,3780.0
12634.0,3250.4868492168653,0.0,0,20,3780.0
12635.0,3252.510582955129,0.0,0,20,3780.0
12636.0,3254.533842018627,0.0,0,20,3780.0
12637.0,3256.556635900856,0.0,0,20,3780.0
12638.0,3258.57897390544,0.0,0,20,3780.0
12639.0,3260.600865149932,0.0,0,20,3780.0
12640.0,3262.6223185695344,0.0,0,20,3780.0
12641.0,3264.6433429207445,0.0,0,20,3780.0
12642.0,3266.663946784931,0.0,0,20,3780.0
12643.0,3268.6841385718335,0.0,0,20,3780.0
12644.0,3270.6841385718335,2.0,0,20,3778.0
12645.0,3272.6841385718335,7.0,0,20,3773.0
12646.0,3274.6841385718335,12.0,0,20,3768.0
12647.0,3276.6841385718335,17.0,0,20,3763.0
12648.0,3278.6841385718335,22.0,0,20,3758.0
12649.0,3280.6841385718335,27.0,0,20,3753.0
12650.0,3282.6841385718335,32.0,0,20,3748.0
12651.0,3284.6841385718335,37.0,0,20,3743.0
12652.0,3286.6841385718335,42.0,0,20,3738.0
12653.0,3288.6841385718335,47.0,0,20,3733.0
12654.0,3290.6841385718335,52.0,0,20,3728.0
12655.0,3292.6841385718335,57.0,0,20,3723.0
12656.0,3294.6841385718335,62.0,0,20,3718.0
12657.0,3296.6841385718335,67.0,0,20,3713.0
12658.0,3298.6841385718335,72.0,0,20,3708.0
12659.0,3300.6841385718335,77.0,0,20,3703.0
12660.0,3302.6841385718335,82.0,0,20,3698.0
12661.0,3304.6841385718335,87.0,0,20,3693.0
12662.0,3306.6841385718335,92.0,0,20,3688.0
12663.0,3308.6839068527624,97.0,0,20,3683.0
12664.0,3310.663679768073,102.0,0,20,3678.0
12665.0,3312.6238572250777,107.0,0,20,3673.0
12666.0,3314.5648311329423,112.0,0,20,3668.0
12667.0,3316.4869855626494,117.0,0,20,3663.0
12668.0,3317.3906969037625,122.0,0,20,3658.0
12669.0,3317.3906969037625,127.0,0,20,3653.0
12670.0,3317.3906969037625,132.0,0,20,3648.0
12671.0,3317.3906969037625,137.0,0,20,3643.0
12672.0,3317.3906969037625,142.0,0,20,3638.0
12673.0,3317.3906969037625,147.0,0,20,3633.0
12674.0,3317.3906969037625,152.0,0,20,3628.0
12675.0,3317.3906969037625,157.0,0,20,3623.0
12676.0,3317.3906969037625,162.0,0,20,3618.0
12677.0,3317.3906969037625,167.0,0,20,3613.0
12678.0,3317.3906969037625,172.0,0,20,3608.0
12679.0,3317.490696903762,175.0,1,19,3605.0
12680.0,3317.8406969037624,175.0,1,19,3605.0
12681.0,3318.4406969037623,175.0,1,19,3605.0
12682.0,3319.290696903762,175.0,1,19,3605.0
12683.0,3320.3906969037625,175.0,1,19,3605.0
12684.0,3321.740696903762,175.0,1,19,3605.0
12685.0,3323.3406969037624,175.0,1,19,3605.0
12686.0,3325.1906969037623,175.0,1,19,3605.0
12687.0,3327.290696903762,175.0,1,19,3605.0
12688.0,3329.6406969037625,175.0,1,19,3605.0
12689.0,3332.240696903762,175.0,1,19,3605.0
12690.0,3335.0906969037624,175.0,1,19,3605.0
12691.0,3338.1906969037623,175.0,1,19,3605.0
12692.0,3341.540696903762,175.0,1,19,3605.0
12693.0,3345.1406969037625,175.0,1,19,3605.0
12694.0,3348.990696903762,175.0,1,19,3605.0
12695.0,3353.0906969037624,175.0,1,19,3605.0
12696.0,3357.4406969037623,175.0,1,19,3605.0
12697.0,3362.040696903762,175.0,1,19,3605.0
12698.0,3366.8906969037625,175.0,1,19,3605.0
12699.0,3371.8906969037625,175.0,1,19,3605.0
12700.0,3376.8906969037625,175.0,1,19,3605.0
12701.0,3381.8906969037625,175.0,1,19,3605.0
12702.0,3386.8906969037625,175.0,1,19,3605.0
12703.0,3391.8906969037625,175.0,1,19,3605.0
12704.0,3396.8906969037625,175.0,1,19,3605.0
12705.0,3401.8906969037625,175.0,1,19,3605.0
12706.0,3406.8906969037625,175.0,1,19,3605.0
12707.0,3411.8906969037625,175.0,1,19,3605.0
12708.0,3416.8906969037625,175.0,1,19,3605.0
12709.0,3421.8906969037625,175.0,1,19,3605.0
12710.0,3426.8906969037625,175.0,1,19,3605.0
12711.0,3431.8906969037625,175.0,1,19,3605.0
12712.0,3436.8906969037625,175.0,1,19,3605.0
12713.0,3441.8906969037625,175.0,1,19,3605.0
12714.0,3446.8906969037625,175.0,1,19,3605.0
12715.0,3451.8906969037625,175.0,1,19,3605.0
12716.0,3456.8906969037625,175.0,1,19,3605.0
12717.0,3461.8906969037625,175.0,1,19,3605.0
12718.0,3466.8906969037625,175.0,1,19,3605.0
12719.0,3471.8906969037625,175.0,1,19,3605.0
12720.0,3476.8906969037625,175.0,1,19,3605.0
12721.0,3481.8906969037625,175.0,1,19,3605.0
12722.0,3486.8906969037625,175.0,1,19,3605.0
12723.0,3491.8906969037625,175.0,1,19,3605.0
12724.0,3496.8906969037625,175.0,1,19,3605.0
12725.0,3501.8906969037625,175.0,1,19,3605.0
12726.0,3506.8906969037625,175.0,1,19,3605.0
12727.0,3511.8906969037625,175.0,1,19,3605.0
12728.0,3516.8906969037625,175.0,1,19,3605.0
12729.0,3521.8906969037625,175.0,1,19,3605.0
12730.0,3526.8906969037625,175.0,1,19,3605.0
12731.0,3531.8906969037625,175.0,1,19,3605.0
12732.0,3536.8906969037625,175.0,1,19,3605.0
12733.0,3541.8906969037625,175.0,1,19,3605.0
12734.0,3546.8906969037625,175.0,1,19,3605.0
12735.0,3551.8906969037625,175.0,1,19,3605.0
12736.0,3556.8906969037625,175.0,1,19,3605.0
12737.0,3561.8906969037625,175.0,1,19,3605.0
12738.0,3566.8906969037625,175.0,1,19,3605.0
12739.0,3571.8906969037625,175.0,1,19,3605.0
12740.0,3576.8906969037625,175.0,1,19,3605.0
12741.0,3581.8906969037625,175.0,1,19,3605.0
12742.0,3586.8906969037625,175.0,1,19,3605.0
12743.0,3591.8906969037625,175.0,1,19,3605.0
12744.0,3596.8906969037625,175.0,1,19,3605.0
12745.0,3601.8906969037625,175.0,1,19,3605.0
12746.0,3606.8906969037625,175.0,1,19,3605.0
12747.0,3611.8906969037625,175.0,1,19,3605.0
12748.0,3616.8906969037625,175.0,1,19,3605.0
12749.0,3621.8906969037625,175.0,1,19,3605.0
12750.0,3626.8906969037625,175.0,1,19,3605.0
12751.0,3631.8906969037625,175.0,1,19,3605.0
12752.0,3636.8906969037625,175.0,1,19,3605.0
12753.0,3641.8906969037625,175.0,1,19,3605.0
12754.0,3646.8906969037625,175.0,1,19,3605.0
12755.0,3651.8906969037625,175.0,1,19,3605.0
12756.0,3656.8906969037625,175.0,1,19,3605.0
12757.0,3661.8906969037625,175.0,1,19,3605.0
12758.0,3666.8906969037625,175.0,1,19,3605.0
12759.0,3671.8906969037625,175.0,1,19,3605.0
12760.0,3676.8906969037625,175.0,1,19,3605.0
12761.0,3681.8906969037625,175.0,1,19,3605.0
12762.0,3686.8906969037625,175.0,1,19,3605.0
12763.0,3691.8906969037625,175.0,1,19,3605.0
12764.0,3696.8906969037625,175.0,1,19,3605.0
12765.0,3701.8906969037625,175.0,1,19,3605.0
12766.0,3706.8906969037625,175.0,1,19,3605.0
12767.0,3711.8906969037625,175.0,1,19,3605.0
12768.0,3716.8906969037625,175.0,1,19,3605.0
12769.0,3721.8906969037625,175.0,1,19,3605.0
12770.0,3726.8906969037625,175.0,1,19,3605.0
12771.0,3731.8906969037625,175.0,1,19,3605.0
12772.0,3736.8906969037625,175.0,1,19,3605.0
12773.0,3741.8906969037625,175.0,1,19,3605.0
12774.0,3746.8906969037625,175.0,1,19,3605.0
12775.0,3751.8906969037625,175.0,1,19,3605.0
12776.0,3756.8906969037625,175.0,1,19,3605.0
12777.0,3761.8906969037625,175.0,1,19,3605.0
12778.0,3766.8906969037625,175.0,1,19,3605.0
12779.0,3771.8906969037625,175.0,1,19,3605.0
12780.0,3776.8906969037625,175.0,1,19,3605.0
12781.0,3781.8906969037625,175.0,1,19,3605.0
12782.0,3786.8906969037625,175.0,1,19,3605.0
12783.0,3791.8906969037625,175.0,1,19,3605.0
12784.0,3796.8906969037625,175.0,1,19,3605.0
12785.0,3801.8906969037625,175.0,1,19,3605.0
12786.0,3806.8906969037625,175.0,1,19,3605.0
12787.0,3811.8906969037625,175.0,1,19,3605.0
12788.0,3816.8906969037625,175.0,1,19,3605.0
12789.0,3821.8906969037625,175.0,1,19,3605.0
12790.0,3826.8906969037625,175.0,1,19,3605.0
12791.0,3831.8906969037625,175.0,1,19,3605.0
12792.0,3836.8906969037625,175.0,1,19,3605.0
12793.0,3841.8906969037625,175.0,1,19,3605.0
12794.0,3846.8906969037625,175.0,1,19,3605.0
12795.0,3851.8906969037625,175.0,1,19,3605.0
12796.0,3856.8906969037625,175.0,1,19,3605.0
12797.0,3861.8906969037625,175.0,1,19,3605.0
12798.0,3866.8906969037625,175.0,1,19,3605.0
12799.0,3871.8906969037625,175.0,1,19,3605.0
12800.0,3876.8906969037625,175.0,1,19,3605.0
12801.0,3881.8906969037625,175.0,1,19,3605.0
12802.0,3886.8906969037625,175.0,1,19,3605.0
12803.0,3891.8906969037625,175.0,1,19,3605.0
12804.0,3896.8906969037625,175.0,1,19,3605.0
12805.0,3901.8906969037625,175.0,1,19,3605.0
12806.0,3906.8906969037625,175.0,1,19,3605.0
12807.0,3911.8906969037625,175.0,1,19,3605.0
12808.0,3916.8906969037625,175.0,1,19,3605.0
12809.0,3921.8906969037625,175.0,1,19,3605.0
12810.0,3926.8906969037625,175.0,1,19,3605.0
12811.0,3931.8906969037625,175.0,1,19,3605.0
12812.0,3936.8906969037625,175.0,1,19,3605.0
12813.0,3941.8906969037625,175.0,1,19,3605.0
12814.0,3946.8906969037625,175.0,1,19,3605.0
12815.0,3951.8906969037625,175.0,1,19,3605.0
12816.0,3956.8906969037625,175.0,1,19,3605.0
12817.0,3961.8906969037625,175.0,1,19,3605.0
12818.0,3966.8906969037625,175.0,1,19,3605.0
12819.0,3971.8906969037625,175.0,1,19,3605.0
12820.0,3976.8906969037625,175.0,1,19,3605.0
12821.0,3981.8906969037625,175.0,1,19,3605.0
12822.0,3986.8906969037625,175.0,1,19,3605.0
12823.0,3991.8906969037625,175.0,1,19,3605.0
12824.0,3996.8906969037625,175.0,1,19,3605.0
12825.0,4001.8906969037625,175.0,1,19,3605.0
12826.0,4006.8906969037625,175.0,1,19,3605.0
12827.0,4011.8906969037625,175.0,1,19,3605.0
12828.0,4016.8906969037625,175.0,1,19,3605.0
12829.0,4021.8906969037625,175.0,1,19,3605.0
12830.0,4026.8906969037625,175.0,1,19,3605.0
12831.0,4031.8906969037625,175.0,1,19,3605.0
12832.0,4036.8906969037625,175.0,1,19,3605.0
12833.0,4041.8906969037625,175.0,1,19,3605.0
12834.0,4046.8906969037625,175.0,1,19,3605.0
12835.0,4051.8906969037625,175.0,1,19,3605.0
12836.0,4056.8906969037625,175.0,1,19,3605.0
12837.0,4061.8906969037625,175.0,1,19,3605.0
12838.0,4066.8906969037625,175.0,1,19,3605.0
12839.0,4071.8906969037625,175.0,1,19,3605.0
12840.0,4076.8906969037625,175.0,1,19,3605.0
12841.0,4081.8906969037625,175.0,1,19,3605.0
12842.0,4086.8906969037625,175.0,1,19,3605.0
12843.0,4091.8906969037625,175.0,1,19,3605.0
12844.0,4096.890696903763,175.0,1,19,3605.0
12845.0,4101.890696903763,175.0,1,19,3605.0
12846.0,4106.890696903763,175.0,1,19,3605.0
12847.0,4111.890696903763,175.0,1,19,3605.0
12848.0,4116.890696903763,175.0,1,19,3605.0
12849.0,4121.890696903763,175.0,1,19,3605.0
12850.0,4126.890696903763,175.0,1,19,3605.0
12851.0,4131.890696903763,175.0,1,19,3605.0
12852.0,4136.890696903763,175.0,1,19,3605.0
12853.0,4141.890696903763,175.0,1,19,3605.0
12854.0,4146.890696903763,175.0,1,19,3605.0
12855.0,4151.890696903763,175.0,1,19,3605.0
12856.0,4156.890696903763,175.0,1,19,3605.0
12857.0,4161.890696903763,175.0,1,19,3605.0
12858.0,4166.890696903763,175.0,1,19,3605.0
12859.0,4171.890696903763,175.0,1,19,3605.0
12860.0,4176.890696903763,175.0,1,19,3605.0
12861.0,4181.890696903763,175.0,1,19,3605.0
12862.0,4186.890696903763,175.0,1,19,3605.0
12863.0,4191.890696903763,175.0,1,19,3605.0
12864.0,4196.890696903763,175.0,1,19,3605.0
12865.0,4201.890696903763,175.0,1,19,3605.0
12866.0,4206.890696903763,175.0,1,19,3605.0
12867.0,4211.890696903763,175.0,1,19,3605.0
12868.0,4216.890696903763,175.0,1,19,3605.0
12869.0,4221.890696903763,175.0,1,19,3605.0
12870.0,4226.890696903763,175.0,1,19,3605.0
12871.0,4231.890696903763,175.0,1,19,3605.0
12872.0,4236.890696903763,175.0,1,19,3605.0
12873.0,4241.890696903763,175.0,1,19,3605.0
12874.0,4246.890696903763,175.0,1,19,3605.0
12875.0,4251.890696903763,175.0,1,19,3605.0
12876.0,4256.890696903763,175.0,1,19,3605.0
12877.0,4261.890696903763,175.0,1,19,3605.0
12878.0,4266.890696903763,175.0,1,19,3605.0
12879.0,4271.890696903763,175.0,1,19,3605.0
12880.0,4276.890696903763,175.0,1,19,3605.0
12881.0,4281.890696903763,175.0,1,19,3605.0
12882.0,4286.890696903763,175.0,1,19,3605.0
12883.0,4291.890696903763,175.0,1,19,3605.0
12884.0,4296.890696903763,175.0,1,19,3605.0
12885.0,4301.890696903763,175.0,1,19,3605.0
12886.0,4306.890696903763,175.0,1,19,3605.0
12887.0,4311.890696903763,175.0,1,19,3605.0
12888.0,4316.890696903763,175.0,1,19,3605.0
12889.0,4321.890696903763,175.0,1,19,3605.0
12890.0,4326.890696903763,175.0,1,19,3605.0
12891.0,4331.890696903763,175.0,1,19,3605.0
12892.0,4336.890696903763,175.0,1,19,3605.0
12893.0,4341.890696903763,175.0,1,19,3605.0
12894.0,4346.890696903763,175.0,1,19,3605.0
12895.0,4351.890696903763,175.0,1,19,3605.0
12896.0,4356.890696903763,175.0,1,19,3605.0
12897.0,4361.890696903763,175.0,1,19,3605.0
12898.0,4366.890696903763,175.0,1,19,3605.0
12899.0,4371.890696903763,175.0,1,19,3605.0
12900.0,4376.890696903763,175.0,1,19,3605.0
12901.0,4381.890696903763,175.0,1,19,3605.0
12902.0,4386.890696903763,175.0,1,19,3605.0
12903.0,4391.890696903763,175.0,1,19,3605.0
12904.0,4396.890696903763,175.0,1,19,3605.0
12905.0,4401.890696903763,175.0,1,19,3605.0
12906.0,4406.890696903763,175.0,1,19,3605.0
12907.0,4411.890696903763,175.0,1,19,3605.0
12908.0,4416.890696903763,175.0,1,19,3605.0
12909.0,4421.890696903763,175.0,1,19,3605.0
12910.0,4426.890696903763,175.0,1,19,3605.0
12911.0,4431.890696903763,175.0,1,19,3605.0
12912.0,4436.890696903763,175.0,1,19,3605.0
12913.0,4441.890696903763,175.0,1,19,3605.0
12914.0,4446.890696903763,175.0,1,19,3605.0
12915.0,4451.890696903763,175.0,1,19,3605.0
12916.0,4456.890696903763,175.0,1,19,3605.0
12917.0,4461.890696903763,175.0,1,19,3605.0
12918.0,4466.890696903763,175.0,1,19,3605.0
12919.0,4471.890696903763,175.0,1,19,3605.0
12920.0,4476.890696903763,175.0,1,19,3605.0
12921.0,4481.890696903763,175.0,1,19,3605.0
12922.0,4486.890696903763,175.0,1,19,3605.0
12923.0,4491.890696903763,175.0,1,19,3605.0
12924.0,4496.890696903763,175.0,1,19,3605.0
12925.0,4501.890696903763,175.0,1,19,3605.0
12926.0,4506.890696903763,175.0,1,19,3605.0
12927.0,4511.890696903763,175.0,1,19,3605.0
12928.0,4516.890696903763,175.0,1,19,3605.0
12929.0,4521.890696903763,175.0,1,19,3605.0
12930.0,4526.890696903763,175.0,1,19,3605.0
12931.0,4531.890696903763,175.0,1,19,3605.0
12932.0,4536.890696903763,175.0,1,19,3605.0
12933.0,4541.890696903763,175.0,1,19,3605.0
12934.0,4546.890696903763,175.0,1,19,3605.0
12935.0,4551.890696903763,175.0,1,19,3605.0
12936.0,4556.890696903763,175.0,1,19,3605.0
12937.0,4561.890696903763,175.0,1,19,3605.0
12938.0,4566.890696903763,175.0,1,19,3605.0
12939.0,4571.890696903763,175.0,1,19,3605.0
12940.0,4576.890696903763,175.0,1,19,3605.0
12941.0,4581.890696903763,175.0,1,19,3605.0
12942.0,4586.890696903763,175.0,1,19,3605.0
12943.0,4591.890696903763,175.0,1,19,3605.0
12944.0,4596.890696903763,175.0,1,19,3605.0
12945.0,4601.890696903763,175.0,1,19,3605.0
12946.0,4606.890696903763,175.0,1,19,3605.0
12947.0,4611.890696903763,175.0,1,19,3605.0
12948.0,4616.890696903763,175.0,1,19,3605.0
12949.0,4621.890696903763,175.0,1,19,3605.0
12950.0,4626.890696903763,175.0,1,19,3605.0
12951.0,4631.890696903763,175.0,1,19,3605.0
12952.0,4636.890696903763,175.0,1,19,3605.0
12953.0,4641.890696903763,175.0,1,19,3605.0
12954.0,4646.890696903763,175.0,1,19,3605.0
12955.0,4651.890696903763,175.0,1,19,3605.0
12956.0,4656.890696903763,175.0,1,19,3605.0
12957.0,4661.890696903763,175.0,1,19,3605.0
12958.0,4666.890696903763,175.0,1,19,3605.0
12959.0,4671.890696903763,175.0,1,19,3605.0
12960.0,4676.890696903763,175.0,1,19,3605.0
12961.0,4681.890696903763,175.0,1,19,3605.0
12962.0,4686.890696903763,175.0,1,19,3605.0
12963.0,4691.890696903763,175.0,1,19,3605.0
12964.0,4696.890696903763,175.0,1,19,3605.0
12965.0,4701.890696903763,175.0,1,19,3605.0
12966.0,4706.890696903763,175.0,1,19,3605.0
12967.0,4711.890696903763,175.0,1,19,3605.0
12968.0,4716.890696903763,175.0,1,19,3605.0
12969.0,4721.890696903763,175.0,1,19,3605.0
12970.0,4726.890696903763,175.0,1,19,3605.0
12971.0,4731.890696903763,175.0,1,19,3605.0
12972.0,4736.890696903763,175.0,1,19,3605.0
12973.0,4741.890696903763,175.0,1,19,3605.0
12974.0,4746.890696903763,175.0,1,19,3605.0
12975.0,4751.890696903763,175.0,1,19,3605.0
12976.0,4756.890696903763,175.0,1,19,3605.0
12977.0,4761.890696903763,175.0,1,19,3605.0
12978.0,4766.890696903763,175.0,1,19,3605.0
12979.0,4771.890696903763,175.0,1,19,3605.0
12980.0,4776.890696903763,175.0,1,19,3605.0
12981.0,4781.890696903763,175.0,1,19,3605.0
12982.0,4786.890696903763,175.0,1,19,3605.0
12983.0,4791.890696903763,175.0,1,19,3605.0
12984.0,4796.890696903763,175.0,1,19,3605.0
12985.0,4801.890696903763,175.0,1,19,3605.0
12986.0,4806.890696903763,175.0,1,19,3605.0
12987.0,4811.890696903763,175.0,1,19,3605.0
12988.0,4816.890696903763,175.0,1,19,3605.0
12989.0,4821.890696903763,175.0,1,19,3605.0
12990.0,4826.890696903763,175.0,1,19,3605.0
12991.0,4831.890696903763,175.0,1,19,3605.0
12992.0,4836.890696903763,175.0,1,19,3605.0
12993.0,4841.890696903763,175.0,1,19,3605.0
12994.0,4846.890696903763,175.0,1,19,3605.0
12995.0,4851.890696903763,175.0,1,19,3605.0
12996.0,4856.890696903763,175.0,1,19,3605.0
12997.0,4861.890696903763,175.0,1,19,3605.0
12998.0,4866.890696903763,175.0,1,19,3605.0
12999.0,4871.890696903763,175.0,1,19,3605.0
13000.0,4876.890696903763,175.0,1,19,3605.0
13001.0,4881.890696903763,175.0,1,19,3605.0
13002.0,4886.890696903763,175.0,1,19,3605.0
13003.0,4891.890696903763,175.0,1,19,3605.0
13004.0,4896.890696903763,175.0,1,19,3605.0
13005.0,4901.890696903763,175.0,1,19,3605.0
13006.0,4906.890696903763,175.0,1,19,3605.0
13007.0,4911.890696903763,175.0,1,19,3605.0
13008.0,4916.890696903763,175.0,1,19,3605.0
13009.0,4921.890696903763,175.0,1,19,3605.0
13010.0,4926.890696903763,175.0,1,19,3605.0
13011.0,4931.890696903763,175.0,1,19,3605.0
13012.0,4936.890696903763,175.0,1,19,3605.0
13013.0,4941.890696903763,175.0,1,19,3605.0
13014.0,4946.890696903763,175.0,1,19,3605.0
13015.0,4951.890696903763,175.0,1,19,3605.0
13016.0,4956.890696903763,175.0,1,19,3605.0
13017.0,4961.890696903763,175.0,1,19,3605.0
13018.0,4966.890696903763,175.0,1,19,3605.0
13019.0,4971.890696903763,175.0,1,19,3605.0
13020.0,4976.890696903763,175.0,1,19,3605.0
13021.0,4981.890696903763,175.0,1,19,3605.0
13022.0,4986.890696903763,175.0,1,19,3605.0
13023.0,4991.890696903763,175.0,1,19,3605.0
13024.0,4996.890696903763,175.0,1,19,3605.0
13025.0,5001.890696903763,175.0,1,19,3605.0
13026.0,5006.890696903763,175.0,1,19,3605.0
13027.0,5011.890696903763,175.0,1,19,3605.0
13028.0,5016.890696903763,175.0,1,19,3605.0
13029.0,5021.890696903763,175.0,1,19,3605.0
13030.0,5026.890696903763,175.0,1,19,3605.0
13031.0,5031.890696903763,175.0,1,19,3605.0
13032.0,5036.890696903763,175.0,1,19,3605.0
13033.0,5041.890696903763,175.0,1,19,3605.0
13034.0,5046.890696903763,175.0,1,19,3605.0
13035.0,5051.890696903763,175.0,1,19,3605.0
13036.0,5056.890696903763,175.0,1,19,3605.0
13037.0,5061.890696903763,175.0,1,19,3605.0
13038.0,5066.890696903763,175.0,1,19,3605.0
13039.0,5071.890696903763,175.0,1,19,3605.0
13040.0,5076.890696903763,175.0,1,19,3605.0
13041.0,5081.890696903763,175.0,1,19,3605.0
13042.0,5086.890696903763,175.0,1,19,3605.0
13043.0,5091.890696903763,175.0,1,19,3605.0
13044.0,5096.890696903763,175.0,1,19,3605.0
13045.0,5101.890696903763,175.0,1,19,3605.0
13046.0,5106.890696903763,175.0,1,19,3605.0
13047.0,5111.890696903763,175.0,1,19,3605.0
13048.0,5116.890696903763,175.0,1,19,3605.0
13049.0,5121.890696903763,175.0,1,19,3605.0
13050.0,5126.890696903763,175.0,1,19,3605.0
13051.0,5131.890696903763,175.0,1,19,3605.0
13052.0,5136.890696903763,175.0,1,19,3605.0
13053.0,5141.890696903763,175.0,1,19,3605.0
13054.0,5146.890696903763,175.0,1,19,3605.0
13055.0,5151.890696903763,175.0,1,19,3605.0
13056.0,5156.890696903763,175.0,1,19,3605.0
13057.0,5161.890696903763,175.0,1,19,3605.0
13058.0,5166.890696903763,175.0,1,19,3605.0
13059.0,5171.890696903763,175.0,1,19,3605.0
13060.0,5176.890696903763,175.0,1,19,3605.0
13061.0,5181.890696903763,175.0,1,19,3605.0
13062.0,5186.890696903763,175.0,1,19,3605.0
13063.0,5191.890696903763,175.0,1,19,3605.0
13064.0,5196.890696903763,175.0,1,19,3605.0
13065.0,5201.890696903763,175.0,1,19,3605.0
13066.0,5206.890696903763,175.0,1,19,3605.0
13067.0,5211.890696903763,175.0,1,19,3605.0
13068.0,5216.890696903763,175.0,1,19,3605.0
13069.0,5221.890696903763,175.0,1,19,3605.0
13070.0,5226.890696903763,175.0,1,19,3605.0
13071.0,5231.890696903763,175.0,1,19,3605.0
13072.0,5236.890696903763,175.0,1,19,3605.0
13073.0,5241.890696903763,175.0,1,19,3605.0
13074.0,5246.865945116868,175.0,1,19,3605.0
13075.0,5251.797136985823,175.0,1,19,3605.0
13076.0,5256.652436567453,175.0,1,19,3605.0
13077.0,5261.410630157452,175.0,1,19,3605.0
13078.0,5266.073659875649,175.0,1,19,3605.0
13079.0,5270.643428999483,175.0,1,19,3605.0
13080.0,5275.12180274084,175.0,1,19,3605.0
13081.0,5279.5106090073705,175.0,1,19,3605.0
13082.0,5283.81163914857,175.0,1,19,3605.0
13083.0,5288.026648686946,175.0,1,19,3605.0
13084.0,5292.157358034553,175.0,1,19,3605.0
13085.0,5296.205453195209,175.0,1,19,3605.0
13086.0,5300.172586452652,175.0,1,19,3605.0
13087.0,5304.060377044945,175.0,1,19,3605.0
13088.0,5307.870411825393,175.0,1,19,3605.0
13089.0,5311.604245910233,175.0,1,19,3605.0
13090.0,5315.263403313375,175.0,1,19,3605.0
13091.0,5318.849377568454,175.0,1,19,3605.0
13092.0,5322.363632338432,175.0,1,19,3605.0
13093.0,5325.807602013009,175.0,1,19,3605.0
13094.0,5329.182692294096,175.0,1,19,3605.0
13095.0,5332.490280769562,175.0,1,19,3605.0
13096.0,5335.731717475517,175.0,1,19,3605.0
13097.0,5338.9083254473535,175.0,1,19,3605.0
13098.0,5342.0214012597535,175.0,1,19,3605.0
13099.0,5345.072215555905,175.0,1,19,3605.0
13100.0,5348.062013566134,175.0,1,19,3605.0
13101.0,5350.992015616158,175.0,1,19,3605.0
13102.0,5353.863417625182,175.0,1,19,3605.0
13103.0,5356.677391594025,175.0,1,19,3605.0
13104.0,5359.435086083491,175.0,1,19,3605.0
13105.0,5362.1376266831685,175.0,1,19,3605.0
13106.0,5364.786116470852,175.0,1,19,3605.0
13107.0,5367.381636462781,175.0,1,19,3605.0
13108.0,5369.925246054872,175.0,1,19,3605.0
13109.0,5372.417983455121,175.0,1,19,3605.0
13110.0,5374.860866107366,175.0,1,19,3605.0
13111.0,5377.254891106566,175.0,1,19,3605.0
13112.0,5379.601035605781,175.0,1,19,3605.0
13113.0,5381.900257215012,175.0,1,19,3605.0
13114.0,5384.15349439206,175.0,1,19,3605.0
13115.0,5386.3616668255645,175.0,1,19,3605.0
13116.0,5388.525675810401,175.0,1,19,3605.0
13117.0,5390.646404615539,175.0,1,19,3605.0
13118.0,5392.724718844575,175.0,1,19,3605.0
13119.0,5394.76146678903,175.0,1,19,3605.0
13120.0,5396.757479774597,175.0,1,19,3605.0
13121.0,5398.713572500452,175.0,1,19,3605.0
13122.0,5400.63054337179,175.0,1,19,3605.0
13123.0,5402.5091748257,175.0,1,19,3605.0
13124.0,5404.3502336505335,175.0,1,19,3605.0
13125.0,5406.154471298869,175.0,1,19,3605.0
13126.0,5407.922624194239,175.0,1,19,3605.0
13127.0,5409.6554140317,175.0,1,19,3605.0
13128.0,5411.353548072413,175.0,1,19,3605.0
13129.0,5413.017719432311,175.0,1,19,3605.0
13130.0,5414.648607365013,175.0,1,19,3605.0
13131.0,5416.246877539059,175.0,1,19,3605.0
13132.0,5417.813182309625,175.0,1,19,3605.0
13133.0,5419.3481609847795,175.0,1,19,3605.0
13134.0,5420.852440086431,175.0,1,19,3605.0
13135.0,5422.326633606049,175.0,1,19,3605.0
13136.0,5423.771343255275,175.0,1,19,3605.0
13137.0,5425.187158711516,175.0,1,19,3605.0
13138.0,5426.574657858631,175.0,1,19,3605.0
13139.0,5427.934407022805,175.0,1,19,3605.0
13140.0,5429.266961203697,175.0,1,19,3605.0
13141.0,5430.57286430097,175.0,1,19,3605.0
13142.0,5431.852649336297,175.0,1,19,3605.0
13143.0,5433.106838670918,175.0,1,19,3605.0
13144.0,5434.335944218847,175.0,1,19,3605.0
13145.0,5435.540467655816,175.0,1,19,3605.0
13146.0,5436.720900624046,175.0,1,19,3605.0
13147.0,5437.877724932912,175.0,1,19,3605.0
13148.0,5439.011412755602,175.0,1,19,3605.0
13149.0,5440.122426821837,175.0,1,19,3605.0
13150.0,5441.211220606746,175.0,1,19,3605.0
13151.0,5442.278238515958,175.0,1,19,3605.0
13152.0,5443.3239160669855,175.0,1,19,3605.0
13153.0,5444.3486800669925,175.0,1,19,3605.0
13154.0,5445.352948786999,175.0,1,19,3605.0
13155.0,5446.337132132606,175.0,1,19,3605.0
13156.0,5447.3016318113005,175.0,1,19,3605.0
13157.0,5448.246841496422,175.0,1,19,3605.0
13158.0,5449.17314698784,175.0,1,19,3605.0
13159.0,5450.08092636943,175.0,1,19,3605.0
13160.0,5450.970550163388,175.0,1,19,3605.0
13161.0,5451.842381481468,175.0,1,19,3605.0
13162.0,5452.696776173185,175.0,1,19,3605.0
13163.0,5453.534082971068,175.0,1,19,3605.0
13164.0,5454.354643632993,175.0,1,19,3605.0
13165.0,5455.1587930816795,175.0,1,19,3605.0
13166.0,5455.946859541394,175.0,1,19,3605.0
13167.0,5456.719164671913,175.0,1,19,3605.0
13168.0,5457.476023699822,175.0,1,19,3605.0
13169.0,5458.217745547171,175.0,1,19,3605.0
13170.0,5458.944632957575,175.0,1,19,3605.0
13171.0,5459.65698261977,175.0,1,19,3605.0
13172.0,5460.355085288722,175.0,1,19,3605.0
13173.0,5461.039225904293,175.0,1,19,3605.0
13174.0,5461.709683707553,175.0,1,19,3605.0
13175.0,5462.366732354751,175.0,1,19,3605.0
13176.0,5463.0106400290015,175.0,1,19,3605.0
13177.0,5463.641669549768,175.0,1,19,3605.0
13178.0,5464.260078480121,175.0,1,19,3605.0
13179.0,5464.866119231864,175.0,1,19,3605.0
13180.0,5465.4600391685735,175.0,1,19,3605.0
13181.0,5466.042080706549,175.0,1,19,3605.0
13182.0,5466.612481413765,175.0,1,19,3605.0
13183.0,5467.171474106836,175.0,1,19,3605.0
13184.0,5467.719286946046,175.0,1,19,3605.0
13185.0,5468.256143528472,175.0,1,19,3605.0
13186.0,5468.78226297925,175.0,1,19,3605.0
13187.0,5469.2978600410115,175.0,1,19,3605.0
13188.0,5469.803145161538,175.0,1,19,3605.0
13189.0,5470.298324579655,175.0,1,19,3605.0
13190.0,5470.783600409408,175.0,1,19,3605.0
13191.0,5471.2591707225665,175.0,1,19,3605.0
13192.0,5471.725229629462,175.0,1,19,3605.0
13193.0,5472.18196735822,175.0,1,19,3605.0
13194.0,5472.629570332402,175.0,1,19,3605.0
13195.0,5473.0682212471,175.0,1,19,3605.0
13196.0,5473.498099143505,175.0,1,19,3605.0
13197.0,5473.919379481982,175.0,1,19,3605.0
13198.0,5474.33223421369,175.0,1,19,3605.0
13199.0,5474.736831850762,175.0,1,19,3605.0
13200.0,5475.133337535094,175.0,1,19,3605.0
13201.0,5475.521913105738,175.0,1,19,3605.0
13202.0,5475.902717164971,175.0,1,19,3605.0
13203.0,5476.275905143018,175.0,1,19,3605.0
13204.0,5476.641629361504,175.0,1,19,3605.0
13205.0,5477.000039095621,175.0,1,19,3605.0
13206.0,5477.351280635055,175.0,1,19,3605.0
13207.0,5477.695497343701,175.0,1,19,3605.0
13208.0,5478.032829718174,175.0,1,19,3605.0
13209.0,5478.363415445158,175.0,1,19,3605.0
13210.0,5478.687389457601,175.0,1,19,3605.0
13211.0,5479.004883989796,175.0,1,19,3605.0
13212.0,5479.316028631347,175.0,1,19,3605.0
13213.0,5479.620950380066,175.0,1,19,3605.0
13214.0,5479.919773693812,175.0,1,19,3605.0
13215.0,5480.212620541282,175.0,1,19,3605.0
13216.0,5480.499610451803,175.0,1,19,3605.0
13217.0,5480.780860564114,175.0,1,19,3605.0
13218.0,5481.0564856741785,175.0,1,19,3605.0
13219.0,5481.326598282042,175.0,1,19,3605.0
13220.0,5481.591308637748,175.0,1,19,3605.0
13221.0,5481.85072478634,175.0,1,19,3605.0
13222.0,5482.10495261196,175.0,1,19,3605.0
13223.0,5482.354095881067,175.0,1,19,3605.0
13224.0,5482.598256284793,175.0,1,19,3605.0
13225.0,5482.837533480444,175.0,1,19,3605.0
13226.0,5483.072025132182,175.0,1,19,3605.0
13227.0,5483.301826950885,175.0,1,19,3605.0
13228.0,5483.527032733214,175.0,1,19,3605.0
13229.0,5483.747734399897,175.0,1,19,3605.0
13230.0,5483.964022033245,175.0,1,19,3605.0
13231.0,5484.175983913928,175.0,1,19,3605.0
13232.0,5484.383706556995,175.0,1,19,3605.0
13233.0,5484.587274747202,175.0,1,19,3605.0
13234.0,5484.786771573606,175.0,1,19,3605.0
13235.0,5484.982278463481,175.0,1,19,3605.0
13236.0,5485.173875215557,175.0,1,19,3605.0
13237.0,5485.361640032593,175.0,1,19,3605.0
13238.0,5485.545649553288,175.0,1,19,3605.0
13239.0,5485.725978883569,175.0,1,19,3605.0
13240.0,5485.902701627245,175.0,1,19,3605.0
13241.0,5486.075889916046,175.0,1,19,3605.0
13242.0,5486.245614439073,175.0,1,19,3605.0
13243.0,5486.411944471637,175.0,1,19,3605.0
13244.0,5486.574947903552,175.0,1,19,3605.0
13245.0,5486.734691266827,175.0,1,19,3605.0
13246.0,5486.891239762837,175.0,1,19,3605.0
13247.0,5487.044657288928,175.0,1,19,3605.0
13248.0,5487.195006464495,175.0,1,19,3605.0
13249.0,5487.342348656552,175.0,1,19,3605.0
13250.0,5487.486744004768,175.0,1,19,3605.0
13251.0,5487.62825144602,175.0,1,19,3605.0
13252.0,5487.766928738447,175.0,1,19,3605.0
13253.0,5487.902832485025,175.0,1,19,3605.0
13254.0,5488.036018156671,175.0,1,19,3605.0
13255.0,5488.166540114884,175.0,1,19,3605.0
13256.0,5488.294451633934,175.0,1,19,3605.0
13257.0,5488.4198049226015,175.0,1,19,3605.0
13258.0,5488.542651145496,175.0,1,19,3605.0
13259.0,5488.663040443933,175.0,1,19,3605.0
13260.0,5488.781021956402,175.0,1,19,3605.0
13261.0,5488.89664383862,175.0,1,19,3605.0
13262.0,5489.009953283195,175.0,1,19,3605.0
13263.0,5489.120996538877,175.0,1,19,3605.0
13264.0,5489.229818929446,175.0,1,19,3605.0
13265.0,5489.3364648722045,175.0,1,19,3605.0
13266.0,5489.440977896107,175.0,1,19,3605.0
13267.0,5489.523527970297,176.0,1,19,3604.0
13268.0,5489.584684737212,178.0,1,19,3602.0
13269.0,5489.62485424646,181.0,1,19,3599.0
13270.0,5489.62485424646,186.0,1,19,3594.0
13271.0,5489.62485424646,191.0,1,19,3589.0
13272.0,5489.62485424646,196.0,1,19,3584.0
13273.0,5489.62485424646,201.0,1,19,3579.0
13274.0,5489.62485424646,206.0,1,19,3574.0
13275.0,5489.62485424646,211.0,1,19,3569.0
13276.0,5489.62485424646,216.0,1,19,3564.0
13277.0,5489.62485424646,221.0,1,19,3559.0
13278.0,5489.62485424646,226.0,1,19,3554.0
13279.0,5489.62485424646,231.0,1,19,3549.0
13280.0,5489.62485424646,236.0,1,19,3544.0
13281.0,5489.62485424646,241.0,1,19,3539.0
13282.0,5489.62485424646,246.0,1,19,3534.0
13283.0,5489.62485424646,251.0,1,19,3529.0
13284.0,5489.62485424646,256.0,1,19,3524.0
13285.0,5489.62485424646,261.0,1,19,3519.0
13286.0,5489.62485424646,266.0,1,19,3514.0
13287.0,5489.62485424646,271.0,1,19,3509.0
13288.0,5489.62485424646,276.0,1,19,3504.0
13289.0,5489.62485424646,281.0,1,19,3499.0
13290.0,5489.62485424646,286.0,1,19,3494.0
13291.0,5489.62485424646,291.0,1,19,3489.0
13292.0,5489.62485424646,296.0,1,19,3484.0
13293.0,5489.62485424646,301.0,1,19,3479.0
13294.0,5489.62485424646,306.0,1,19,3474.0
13295.0,5489.62485424646,311.0,1,19,3469.0
13296.0,5489.62485424646,316.0,1,19,3464.0
13297.0,5489.62485424646,321.0,1,19,3459.0
13298.0,5489.62485424646,326.0,1,19,3454.0
13299.0,5489.62485424646,331.0,1,19,3449.0
13300.0,5489.62485424646,336.0,1,19,3444.0
13301.0,5489.62485424646,341.0,1,19,3439.0
13302.0,5489.62485424646,346.0,1,19,3434.0
13303.0,5489.62485424646,350.0,2,18,3430.0
13304.0,5489.674854246459,350.0,2,18,3430.0
13305.0,5489.924854246458,350.0,2,18,3430.0
13306.0,5490.264564873904,350.0,2,18,3430.0
13307.0,5490.850929608519,350.0,2,18,3430.0
13308.0,5491.685705233666,350.0,2,18,3430.0
13309.0,5492.769560034366,350.0,2,18,3430.0
13310.0,5494.1028151272585,350.0,2,18,3430.0
13311.0,5495.685648672841,350.0,2,18,3430.0
13312.0,5497.51816956055,350.0,2,18,3430.0
13313.0,5499.600449129934,350.0,2,18,3430.0
13314.0,5501.932536627589,350.0,2,18,3430.0
13315.0,5504.514467462915,350.0,2,18,3430.0
13316.0,5507.346267941038,350.0,2,18,3430.0
13317.0,5510.427958133274,350.0,2,18,3430.0
13318.0,5513.759553699726,350.0,2,18,3430.0
13319.0,5517.341067091501,350.0,2,18,3430.0
13320.0,5521.172508369622,350.0,2,18,3430.0
13321.0,5525.2538857784275,350.0,2,18,3430.0
13322.0,5529.585206156728,350.0,2,18,3430.0
13323.0,5534.166475238844,350.0,2,18,3430.0
13324.0,5538.997697879079,350.0,2,18,3430.0
13325.0,5543.997697879079,350.0,2,18,3430.0
13326.0,5548.997697879079,350.0,2,18,3430.0
13327.0,5553.997697879079,350.0,2,18,3430.0
13328.0,5558.997697879079,350.0,2,18,3430.0
13329.0,5563.997697879079,350.0,2,18,3430.0
13330.0,5568.997697879079,350.0,2,18,3430.0
13331.0,5573.997697879079,350.0,2,18,3430.0
13332.0,5578.997697879079,350.0,2,18,3430.0
13333.0,5583.997697879079,350.0,2,18,3430.0
13334.0,5588.997697879079,350.0,2,18,3430.0
13335.0,5593.997697879079,350.0,2,18,3430.0
13336.0,5598.997697879079,350.0,2,18,3430.0
13337.0,5603.997697879079,350.0,2,18,3430.0
13338.0,5608.997697879079,350.0,2,18,3430.0
13339.0,5613.997697879079,350.0,2,18,3430.0
13340.0,5618.997697879079,350.0,2,18,3430.0
13341.0,5623.997697879079,350.0,2,18,3430.0
13342.0,5628.997697879079,350.0,2,18,3430.0
13343.0,5633.997697879079,350.0,2,18,3430.0
13344.0,5638.997697879079,350.0,2,18,3430.0
13345.0,5643.997697879079,350.0,2,18,3430.0
13346.0,5648.997697879079,350.0,2,18,3430.0
13347.0,5653.997697879079,350.0,2,18,3430.0
13348.0,5658.997697879079,350.0,2,18,3430.0
13349.0,5663.997697879079,350.0,2,18,3430.0
13350.0,5668.997697879079,350.0,2,18,3430.0
13351.0,5673.997697879079,350.0,2,18,3430.0
13352.0,5678.997697879079,350.0,2,18,3430.0
13353.0,5683.997697879079,350.0,2,18,3430.0
13354.0,5688.997697879079,350.0,2,18,3430.0
13355.0,5693.997697879079,350.0,2,18,3430.0
13356.0,5698.997697879079,350.0,2,18,3430.0
13357.0,5703.997697879079,350.0,2,18,3430.0
13358.0,5708.997697879079,350.0,2,18,3430.0
13359.0,5713.997697879079,350.0,2,18,3430.0
13360.0,5718.997697879079,350.0,2,18,3430.0
13361.0,5723.997697879079,350.0,2,18,3430.0
13362.0,5728.997697879079,350.0,2,18,3430.0
13363.0,5733.997697879079,350.0,2,18,3430.0
13364.0,5738.997697879079,350.0,2,18,3430.0
13365.0,5743.997697879079,350.0,2,18,3430.0
13366.0,5748.997697879079,350.0,2,18,3430.0
13367.0,5753.997697879079,350.0,2,18,3430.0
13368.0,5758.997697879079,350.0,2,18,3430.0
13369.0,5763.997697879079,350.0,2,18,3430.0
13370.0,5768.997697879079,350.0,2,18,3430.0
13371.0,5773.997697879079,350.0,2,18,3430.0
13372.0,5778.997697879079,350.0,2,18,3430.0
13373.0,5783.997697879079,350.0,2,18,3430.0
13374.0,5788.997697879079,350.0,2,18,3430.0
13375.0,5793.997697879079,350.0,2,18,3430.0
13376.0,5798.997697879079,350.0,2,18,3430.0
13377.0,5803.997697879079,350.0,2,18,3430.0
13378.0,5808.997697879079,350.0,2,18,3430.0
13379.0,5813.997697879079,350.0,2,18,3430.0
13380.0,5818.997697879079,350.0,2,18,3430.0
13381.0,5823.997697879079,350.0,2,18,3430.0
13382.0,5828.997697879079,350.0,2,18,3430.0
13383.0,5833.997697879079,350.0,2,18,3430.0
13384.0,5838.997697879079,350.0,2,18,3430.0
13385.0,5843.997697879079,350.0,2,18,3430.0
13386.0,5848.997697879079,350.0,2,18,3430.0
13387.0,5853.997697879079,350.0,2,18,3430.0
13388.0,5858.997697879079,350.0,2,18,3430.0
13389.0,5863.997697879079,350.0,2,18,3430.0
13390.0,5868.997697879079,350.0,2,18,3430.0
13391.0,5873.997697879079,350.0,2,18,3430.0
13392.0,5878.997697879079,350.0,2,18,3430.0
13393.0,5883.997697879079,350.0,2,18,3430.0
13394.0,5888.997697879079,350.0,2,18,3430.0
13395.0,5893.997697879079,350.0,2,18,3430.0
13396.0,5898.997697879079,350.0,2,18,3430.0
13397.0,5903.997697879079,350.0,2,18,3430.0
13398.0,5908.997697879079,350.0,2,18,3430.0
13399.0,5913.997697879079,350.0,2,18,3430.0
13400.0,5918.997697879079,350.0,2,18,3430.0
13401.0,5923.997697879079,350.0,2,18,3430.0
13402.0,5928.997697879079,350.0,2,18,3430.0
13403.0,5933.997697879079,350.0,2,18,3430.0
13404.0,5938.997697879079,350.0,2,18,3430.0
13405.0,5943.997697879079,350.0,2,18,3430.0
13406.0,5948.997697879079,350.0,2,18,3430.0
13407.0,5953.997697879079,350.0,2,18,3430.0
13408.0,5958.997697879079,350.0,2,18,3430.0
13409.0,5963.997697879079,350.0,2,18,3430.0
13410.0,5968.997697879079,350.0,2,18,3430.0
13411.0,5973.997697879079,350.0,2,18,3430.0
13412.0,5978.997697879079,350.0,2,18,3430.0
13413.0,5983.997697879079,350.0,2,18,3430.0
13414.0,5988.997697879079,350.0,2,18,3430.0
13415.0,5993.997697879079,350.0,2,18,3430.0
13416.0,5998.997697879079,350.0,2,18,3430.0
13417.0,6002.997697879079,350.0,2,18,3430.0
13418.0,6006.997697879079,350.0,2,18,3430.0
13419.0,6010.997697879079,350.0,2,18,3430.0
13420.0,6014.997697879079,350.0,2,18,3430.0
13421.0,6018.997697879079,350.0,2,18,3430.0
13422.0,6022.997697879079,350.0,2,18,3430.0
13423.0,6026.997697879079,350.0,2,18,3430.0
13424.0,6030.997697879079,350.0,2,18,3430.0
13425.0,6034.997697879079,350.0,2,18,3430.0
13426.0,6038.997697879079,350.0,2,18,3430.0
13427.0,6042.997697879079,350.0,2,18,3430.0
13428.0,6046.997697879079,350.0,2,18,3430.0
13429.0,6050.979884296637,350.0,2,18,3430.0
13430.0,6054.942426985844,350.0,2,18,3430.0
13431.0,6058.885718821267,350.0,2,18,3430.0
13432.0,6062.81014481998,350.0,2,18,3430.0
13433.0,6066.716082298721,350.0,2,18,3430.0
13434.0,6069.716082298721,350.0,2,18,3430.0
13435.0,6072.716082298721,350.0,2,18,3430.0
13436.0,6075.716082298721,350.0,2,18,3430.0
13437.0,6078.716082298721,350.0,2,18,3430.0
13438.0,6081.716082298721,350.0,2,18,3430.0
13439.0,6084.716082298721,350.0,2,18,3430.0
13440.0,6087.716082298721,350.0,2,18,3430.0
13441.0,6090.716082298721,350.0,2,18,3430.0
13442.0,6093.716082298721,350.0,2,18,3430.0
13443.0,6096.716082298721,350.0,2,18,3430.0
13444.0,6099.716082298721,350.0,2,18,3430.0
13445.0,6102.716082298721,350.0,2,18,3430.0
13446.0,6105.716082298721,350.0,2,18,3430.0
13447.0,6108.716082298721,350.0,2,18,3430.0
13448.0,6111.716082298721,350.0,2,18,3430.0
13449.0,6113.716082298721,350.0,2,18,3430.0
13450.0,6115.716082298721,350.0,2,18,3430.0
13451.0,6117.716082298721,350.0,2,18,3430.0
13452.0,6119.716082298721,350.0,2,18,3430.0
13453.0,6121.716082298721,350.0,2,18,3430.0
13454.0,6123.716082298721,350.0,2,18,3430.0
13455.0,6125.716082298721,350.0,2,18,3430.0
13456.0,6127.716082298721,350.0,2,18,3430.0
13457.0,6129.716082298721,350.0,2,18,3430.0
13458.0,6131.716082298721,350.0,2,18,3430.0
13459.0,6133.716082298721,350.0,2,18,3430.0
13460.0,6135.716082298721,350.0,2,18,3430.0
13461.0,6137.716082298721,350.0,2,18,3430.0
13462.0,6139.716082298721,350.0,2,18,3430.0
13463.0,6141.716082298721,350.0,2,18,3430.0
13464.0,6143.716082298721,350.0,2,18,3430.0
13465.0,6145.716082298721,350.0,2,18,3430.0
13466.0,6147.716082298721,350.0,2,18,3430.0
13467.0,6149.716082298721,350.0,2,18,3430.0
13468.0,6151.716082298721,350.0,2,18,3430.0
13469.0,6153.716082298721,350.0,2,18,3430.0
13470.0,6155.716082298721,350.0,2,18,3430.0
13471.0,6157.716082298721,350.0,2,18,3430.0
13472.0,6159.716082298721,350.0,2,18,3430.0
13473.0,6161.716082298721,350.0,2,18,3430.0
13474.0,6163.716082298721,350.0,2,18,3430.0
13475.0,6165.716082298721,350.0,2,18,3430.0
13476.0,6167.716082298721,350.0,2,18,3430.0
13477.0,6169.716082298721,350.0,2,18,3430.0
13478.0,6171.716082298721,350.0,2,18,3430.0
13479.0,6173.716082298721,350.0,2,18,3430.0
13480.0,6175.716082298721,350.0,2,18,3430.0
13481.0,6177.716082298721,350.0,2,18,3430.0
13482.0,6179.716082298721,350.0,2,18,3430.0
13483.0,6181.716082298721,350.0,2,18,3430.0
13484.0,6183.716082298721,350.0,2,18,3430.0
13485.0,6184.716082298721,350.0,2,18,3430.0
13486.0,6185.716082298721,350.0,2,18,3430.0
13487.0,6186.716082298721,350.0,2,18,3430.0
13488.0,6187.716082298721,350.0,2,18,3430.0
13489.0,6188.716082298721,350.0,2,18,3430.0
13490.0,6189.716082298721,350.0,2,18,3430.0
13491.0,6190.716082298721,350.0,2,18,3430.0
13492.0,6191.716082298721,350.0,2,18,3430.0
13493.0,6192.716082298721,350.0,2,18,3430.0
13494.0,6193.716082298721,350.0,2,18,3430.0
13495.0,6194.716082298721,350.0,2,18,3430.0
13496.0,6195.716082298721,350.0,2,18,3430.0
13497.0,6196.716082298721,350.0,2,18,3430.0
13498.0,6197.716082298721,350.0,2,18,3430.0
13499.0,6198.716082298721,350.0,2,18,3430.0
13500.0,6199.716082298721,350.0,2,18,3430.0
13501.0,6200.716082298721,350.0,2,18,3430.0
13502.0,6201.716082298721,350.0,2,18,3430.0
13503.0,6202.716082298721,350.0,2,18,3430.0
13504.0,6203.716082298721,350.0,2,18,3430.0
13505.0,6204.716082298721,350.0,2,18,3430.0
13506.0,6205.707907910288,350.0,2,18,3430.0
13507.0,6206.679897009624,350.0,2,18,3430.0
13508.0,6207.632446326973,350.0,2,18,3430.0
13509.0,6208.565944657976,350.0,2,18,3430.0
13510.0,6209.480773022358,350.0,2,18,3430.0
13511.0,6209.480773022358,350.0,2,18,3430.0
13512.0,6209.480773022358,350.0,2,18,3430.0
13513.0,6209.480773022358,350.0,2,18,3430.0
13514.0,6209.480773022358,350.0,2,18,3430.0
13515.0,6209.480773022358,350.0,2,18,3430.0
13516.0,6209.480773022358,350.0,2,18,3430.0
13517.0,6209.480773022358,350.0,2,18,3430.0
13518.0,6209.480773022358,350.0,2,18,3430.0
13519.0,6209.480773022358,350.0,2,18,3430.0
13520.0,6209.480773022358,350.0,2,18,3430.0
13521.0,6209.480773022358,350.0,2,18,3430.0
13522.0,6209.480773022358,350.0,2,18,3430.0
13523.0,6209.480773022358,350.0,2,18,3430.0
13524.0,6209.480773022358,350.0,2,18,3430.0
13525.0,6209.480773022358,350.0,2,18,3430.0
13526.0,6209.480773022358,350.0,2,18,3430.0
13527.0,6209.480773022358,350.0,2,18,3430.0
13528.0,6209.480773022358,350.0,2,18,3430.0
13529.0,6209.480773022358,350.0,2,18,3430.0
13530.0,6209.480773022358,350.0,2,18,3430.0
13531.0,6209.480773022358,350.0,2,18,3430.0
13532.0,6209.480773022358,350.0,2,18,3430.0
13533.0,6209.480773022358,350.0,2,18,3430.0
13534.0,6209.480773022358,350.0,2,18,3430.0
13535.0,6209.480773022358,350.0,2,18,3430.0
13536.0,6209.480773022358,350.0,2,18,3430.0
13537.0,6209.480773022358,350.0,2,18,3430.0
13538.0,6209.480773022358,350.0,2,18,3430.0
13539.0,6209.480773022358,350.0,2,18,3430.0
13540.0,6209.480773022358,350.0,2,18,3430.0
13541.0,6209.480773022358,350.0,2,18,3430.0
13542.0,6209.480773022358,350.0,2,18,3430.0
13543.0,6209.480773022358,350.0,2,18,3430.0
13544.0,6209.480773022358,350.0,2,18,3430.0
13545.0,6209.480773022358,350.0,2,18,3430.0
13546.0,6209.480773022358,350.0,2,18,3430.0
13547.0,6209.480773022358,350.0,2,18,3430.0
13548.0,6209.480773022358,350.0,2,18,3430.0
13549.0,6209.480773022358,350.0,2,18,3430.0
13550.0,6209.480773022358,350.0,2,18,3430.0
13551.0,6209.480773022358,350.0,2,18,3430.0
13552.0,6209.480773022358,350.0,2,18,3430.0
13553.0,6209.480773022358,350.0,2,18,3430.0
13554.0,6209.480773022358,350.0,2,18,3430.0
13555.0,6209.480773022358,350.0,2,18,3430.0
13556.0,6209.480773022358,350.0,2,18,3430.0
13557.0,6209.480773022358,350.0,2,18,3430.0
13558.0,6209.480773022358,350.0,2,18,3430.0
13559.0,6209.480773022358,350.0,2,18,3430.0
13560.0,6209.480773022358,350.0,2,18,3430.0
13561.0,6209.480773022358,350.0,2,18,3430.0
13562.0,6209.480773022358,350.0,2,18,3430.0
13563.0,6209.480773022358,350.0,2,18,3430.0
13564.0,6209.480773022358,350.0,2,18,3430.0
13565.0,6209.480773022358,350.0,2,18,3430.0
13566.0,6209.480773022358,350.0,2,18,3430.0
13567.0,6209.480773022358,350.0,2,18,3430.0
13568.0,6209.480773022358,350.0,2,18,3430.0
13569.0,6209.480773022358,350.0,2,18,3430.0
13570.0,6209.480773022358,350.0,2,18,3430.0
13571.0,6209.480773022358,350.0,2,18,3430.0
13572.0,6209.480773022358,350.0,2,18,3430.0
13573.0,6209.480773022358,350.0,2,18,3430.0
13574.0,6209.480773022358,350.0,2,18,3430.0
13575.0,6209.480773022358,350.0,2,18,3430.0
13576.0,6209.480773022358,350.0,2,18,3430.0
13577.0,6209.480773022358,350.0,2,18,3430.0
13578.0,6209.480773022358,350.0,2,18,3430.0
13579.0,6209.480773022358,350.0,2,18,3430.0
13580.0,6209.480773022358,350.0,2,18,3430.0
13581.0,6209.480773022358,350.0,2,18,3430.0
13582.0,6209.480773022358,350.0,2,18,3430.0
13583.0,6209.480773022358,350.0,2,18,3430.0
13584.0,6209.480773022358,350.0,2,18,3430.0
13585.0,6209.480773022358,350.0,2,18,3430.0
13586.0,6209.480773022358,350.0,2,18,3430.0
13587.0,6209.480773022358,350.0,2,18,3430.0
13588.0,6209.480773022358,350.0,2,18,3430.0
13589.0,6209.480773022358,350.0,2,18,3430.0
13590.0,6209.480773022358,350.0,2,18,3430.0
13591.0,6209.480773022358,350.0,2,18,3430.0
13592.0,6209.480773022358,350.0,2,18,3430.0
13593.0,6209.480773022358,350.0,2,18,3430.0
13594.0,6209.480773022358,350.0,2,18,3430.0
13595.0,6209.480773022358,350.0,2,18,3430.0
13596.0,6209.480773022358,350.0,2,18,3430.0
13597.0,6209.480773022358,350.0,2,18,3430.0
13598.0,6209.480773022358,350.0,2,18,3430.0
13599.0,6209.480773022358,350.0,2,18,3430.0
13600.0,6209.480773022358,350.0,2,18,3430.0
13601.0,6209.480773022358,350.0,2,18,3430.0
13602.0,6209.480773022358,350.0,2,18,3430.0
13603.0,6209.480773022358,350.0,2,18,3430.0
13604.0,6209.480773022358,350.0,2,18,3430.0
13605.0,6209.480773022358,350.0,2,18,3430.0
13606.0,6209.480773022358,350.0,2,18,3430.0
13607.0,6209.480773022358,350.0,2,18,3430.0
13608.0,6209.480773022358,350.0,2,18,3430.0
13609.0,6209.480773022358,350.0,2,18,3430.0
13610.0,6209.480773022358,350.0,2,18,3430.0
13611.0,6209.480773022358,350.0,2,18,3430.0
13612.0,6209.480773022358,350.0,2,18,3430.0
13613.0,6209.480773022358,350.0,2,18,3430.0
13614.0,6209.480773022358,350.0,2,18,3430.0
13615.0,6209.480773022358,350.0,2,18,3430.0
13616.0,6209.480773022358,350.0,2,18,3430.0
13617.0,6209.480773022358,350.0,2,18,3430.0
13618.0,6209.480773022358,350.0,2,18,3430.0
13619.0,6209.480773022358,350.0,2,18,3430.0
13620.0,6209.480773022358,350.0,2,18,3430.0
13621.0,6209.480773022358,350.0,2,18,3430.0
13622.0,6209.480773022358,350.0,2,18,3430.0
13623.0,6209.480773022358,350.0,2,18,3430.0
13624.0,6209.480773022358,350.0,2,18,3430.0
13625.0,6209.480773022358,350.0,2,18,3430.0
13626.0,6209.480773022358,350.0,2,18,3430.0
13627.0,6209.480773022358,350.0,2,18,3430.0
13628.0,6209.480773022358,350.0,2,18,3430.0
13629.0,6209.480773022358,350.0,2,18,3430.0
13630.0,6209.480773022358,350.0,2,18,3430.0
13631.0,6209.480773022358,350.0,2,18,3430.0
13632.0,6209.480773022358,350.0,2,18,3430.0
13633.0,6209.480773022358,350.0,2,18,3430.0
13634.0,6209.480773022358,350.0,2,18,3430.0
13635.0,6209.480773022358,350.0,2,18,3430.0
13636.0,6209.480773022358,350.0,2,18,3430.0
13637.0,6209.480773022358,350.0,2,18,3430.0
13638.0,6209.480773022358,350.0,2,18,3430.0
13639.0,6209.480773022358,350.0,2,18,3430.0
13640.0,6209.480773022358,350.0,2,18,3430.0
13641.0,6209.480773022358,350.0,2,18,3430.0
13642.0,6209.480773022358,350.0,2,18,3430.0
13643.0,6209.480773022358,350.0,2,18,3430.0
13644.0,6209.480773022358,350.0,2,18,3430.0
13645.0,6209.480773022358,350.0,2,18,3430.0
13646.0,6209.480773022358,350.0,2,18,3430.0
13647.0,6209.480773022358,350.0,2,18,3430.0
13648.0,6209.480773022358,350.0,2,18,3430.0
13649.0,6209.480773022358,350.0,2,18,3430.0
13650.0,6209.480773022358,350.0,2,18,3430.0
13651.0,6209.480773022358,350.0,2,18,3430.0
13652.0,6209.480773022358,350.0,2,18,3430.0
13653.0,6209.480773022358,350.0,2,18,3430.0
13654.0,6209.480773022358,350.0,2,18,3430.0
13655.0,6209.480773022358,350.0,2,18,3430.0
13656.0,6209.480773022358,350.0,2,18,3430.0
13657.0,6209.480773022358,350.0,2,18,3430.0
13658.0,6209.480773022358,350.0,2,18,3430.0
13659.0,6209.480773022358,350.0,2,18,3430.0
13660.0,6209.480773022358,350.0,2,18,3430.0
13661.0,6209.480773022358,350.0,2,18,3430.0
13662.0,6209.480773022358,350.0,2,18,3430.0
13663.0,6209.480773022358,350.0,2,18,3430.0
13664.0,6209.480773022358,350.0,2,18,3430.0
13665.0,6209.480773022358,350.0,2,18,3430.0
13666.0,6209.480773022358,350.0,2,18,3430.0
13667.0,6209.480773022358,350.0,2,18,3430.0
13668.0,6209.480773022358,350.0,2,18,3430.0
13669.0,6209.480773022358,350.0,2,18,3430.0
13670.0,6209.480773022358,350.0,2,18,3430.0
13671.0,6209.480773022358,350.0,2,18,3430.0
13672.0,6209.480773022358,350.0,2,18,3430.0
13673.0,6209.480773022358,350.0,2,18,3430.0
13674.0,6209.480773022358,350.0,2,18,3430.0
13675.0,6209.480773022358,350.0,2,18,3430.0
13676.0,6209.480773022358,350.0,2,18,3430.0
13677.0,6209.480773022358,350.0,2,18,3430.0
13678.0,6209.480773022358,350.0,2,18,3430.0
13679.0,6209.480773022358,350.0,2,18,3430.0
13680.0,6209.480773022358,350.0,2,18,3430.0
13681.0,6209.480773022358,350.0,2,18,3430.0
13682.0,6209.480773022358,350.0,2,18,3430.0
13683.0,6209.480773022358,350.0,2,18,3430.0
13684.0,6209.480773022358,350.0,2,18,3430.0
13685.0,6209.480773022358,350.0,2,18,3430.0
13686.0,6209.480773022358,350.0,2,18,3430.0
13687.0,6209.480773022358,350.0,2,18,3430.0
13688.0,6209.480773022358,350.0,2,18,3430.0
13689.0,6209.480773022358,350.0,2,18,3430.0
13690.0,6209.480773022358,350.0,2,18,3430.0
13691.0,6209.480773022358,350.0,2,18,3430.0
13692.0,6209.480773022358,350.0,2,18,3430.0
13693.0,6209.480773022358,350.0,2,18,3430.0
13694.0,6209.480773022358,350.0,2,18,3430.0
13695.0,6209.480773022358,350.0,2,18,3430.0
13696.0,6209.480773022358,350.0,2,18,3430.0
13697.0,6209.480773022358,350.0,2,18,3430.0
13698.0,6209.480773022358,350.0,2,18,3430.0
13699.0,6209.480773022358,350.0,2,18,3430.0
13700.0,6209.480773022358,350.0,2,18,3430.0
13701.0,6209.480773022358,350.0,2,18,3430.0
13702.0,6209.480773022358,350.0,2,18,3430.0
13703.0,6209.480773022358,350.0,2,18,3430.0
13704.0,6209.480773022358,350.0,2,18,3430.0
13705.0,6209.480773022358,350.0,2,18,3430.0
13706.0,6209.480773022358,350.0,2,18,3430.0
13707.0,6209.480773022358,350.0,2,18,3430.0
13708.0,6209.480773022358,350.0,2,18,3430.0
13709.0,6209.480773022358,350.0,2,18,3430.0
13710.0,6209.480773022358,350.0,2,18,3430.0
13711.0,6209.480773022358,350.0,2,18,3430.0
13712.0,6209.480773022358,350.0,2,18,3430.0
13713.0,6209.480773022358,350.0,2,18,3430.0
13714.0,6209.480773022358,350.0,2,18,3430.0
13715.0,6209.480773022358,350.0,2,18,3430.0
13716.0,6209.480773022358,350.0,2,18,3430.0
13717.0,6209.480773022358,350.0,2,18,3430.0
13718.0,6209.480773022358,350.0,2,18,3430.0
13719.0,6209.480773022358,350.0,2,18,3430.0
13720.0,6209.480773022358,350.0,2,18,3430.0
13721.0,6209.480773022358,350.0,2,18,3430.0
13722.0,6209.480773022358,350.0,2,18,3430.0
13723.0,6209.480773022358,350.0,2,18,3430.0
13724.0,6209.480773022358,350.0,2,18,3430.0
13725.0,6209.480773022358,350.0,2,18,3430.0
13726.0,6209.480773022358,350.0,2,18,3430.0
13727.0,6209.480773022358,350.0,2,18,3430.0
13728.0,6209.480773022358,350.0,2,18,3430.0
13729.0,6209.480773022358,350.0,2,18,3430.0
13730.0,6209.480773022358,350.0,2,18,3430.0
13731.0,6209.480773022358,350.0,2,18,3430.0
13732.0,6209.480773022358,350.0,2,18,3430.0
13733.0,6209.480773022358,350.0,2,18,3430.0
13734.0,6209.480773022358,350.0,2,18,3430.0
13735.0,6209.480773022358,350.0,2,18,3430.0
13736.0,6209.480773022358,350.0,2,18,3430.0
13737.0,6209.480773022358,350.0,2,18,3430.0
13738.0,6209.480773022358,350.0,2,18,3430.0
13739.0,6209.480773022358,350.0,2,18,3430.0
13740.0,6209.480773022358,350.0,2,18,3430.0
13741.0,6209.480773022358,350.0,2,18,3430.0
13742.0,6209.480773022358,350.0,2,18,3430.0
13743.0,6209.480773022358,350.0,2,18,3430.0
13744.0,6209.480773022358,350.0,2,18,3430.0
13745.0,6209.480773022358,350.0,2,18,3430.0
13746.0,6209.480773022358,350.0,2,18,3430.0
13747.0,6209.480773022358,350.0,2,18,3430.0
13748.0,6209.480773022358,350.0,2,18,3430.0
13749.0,6209.480773022358,350.0,2,18,3430.0
13750.0,6209.480773022358,350.0,2,18,3430.0
13751.0,6209.480773022358,350.0,2,18,3430.0
13752.0,6209.480773022358,350.0,2,18,3430.0
13753.0,6209.480773022358,350.0,2,18,3430.0
13754.0,6209.480773022358,350.0,2,18,3430.0
13755.0,6209.480773022358,350.0,2,18,3430.0
13756.0,6209.480773022358,350.0,2,18,3430.0
13757.0,6209.480773022358,350.0,2,18,3430.0
13758.0,6209.480773022358,350.0,2,18,3430.0
13759.0,6209.480773022358,350.0,2,18,3430.0
13760.0,6209.480773022358,350.0,2,18,3430.0
13761.0,6209.480773022358,350.0,2,18,3430.0
13762.0,6209.480773022358,350.0,2,18,3430.0
13763.0,6209.480773022358,350.0,2,18,3430.0
13764.0,6209.480773022358,350.0,2,18,3430.0
13765.0,6209.480773022358,350.0,2,18,3430.0
13766.0,6209.480773022358,350.0,2,18,3430.0
13767.0,6209.480773022358,350.0,2,18,3430.0
13768.0,6209.480773022358,350.0,2,18,3430.0
13769.0,6209.480773022358,350.0,2,18,3430.0
13770.0,6209.480773022358,350.0,2,18,3430.0
13771.0,6209.480773022358,350.0,2,18,3430.0
13772.0,6209.480773022358,350.0,2,18,3430.0
13773.0,6209.480773022358,350.0,2,18,3430.0
13774.0,6209.480773022358,350.0,2,18,3430.0
13775.0,6209.480773022358,350.0,2,18,3430.0
13776.0,6209.480773022358,350.0,2,18,3430.0
13777.0,6209.480773022358,350.0,2,18,3430.0
13778.0,6209.480773022358,350.0,2,18,3430.0
13779.0,6209.480773022358,350.0,2,18,3430.0
13780.0,6209.480773022358,350.0,2,18,3430.0
13781.0,6209.480773022358,350.0,2,18,3430.0
13782.0,6209.480773022358,350.0,2,18,3430.0
13783.0,6209.480773022358,350.0,2,18,3430.0
13784.0,6209.480773022358,350.0,2,18,3430.0
13785.0,6209.480773022358,350.0,2,18,3430.0
13786.0,6209.480773022358,350.0,2,18,3430.0
13787.0,6209.480773022358,350.0,2,18,3430.0
13788.0,6209.480773022358,350.0,2,18,3430.0
13789.0,6209.480773022358,350.0,2,18,3430.0
13790.0,6209.480773022358,350.0,2,18,3430.0
13791.0,6209.480773022358,350.0,2,18,3430.0
13792.0,6209.480773022358,350.0,2,18,3430.0
13793.0,6209.480773022358,350.0,2,18,3430.0
13794.0,6209.480773022358,350.0,2,18,3430.0
13795.0,6209.480773022358,350.0,2,18,3430.0
13796.0,6209.480773022358,350.0,2,18,3430.0
13797.0,6209.480773022358,350.0,2,18,3430.0
13798.0,6209.480773022358,350.0,2,18,3430.0
13799.0,6209.480773022358,350.0,2,18,3430.0
13800.0,6209.480773022358,350.0,2,18,3430.0
13801.0,6209.480773022358,350.0,2,18,3430.0
13802.0,6209.480773022358,350.0,2,18,3430.0
13803.0,6209.480773022358,350.0,2,18,3430.0
13804.0,6209.480773022358,350.0,2,18,3430.0
13805.0,6209.480773022358,350.0,2,18,3430.0
13806.0,6209.480773022358,350.0,2,18,3430.0
13807.0,6209.480773022358,350.0,2,18,3430.0
13808.0,6209.480773022358,350.0,2,18,3430.0
13809.0,6209.480773022358,350.0,2,18,3430.0
13810.0,6209.480773022358,350.0,2,18,3430.0
13811.0,6209.480773022358,350.0,2,18,3430.0
13812.0,6209.480773022358,350.0,2,18,3430.0
13813.0,6209.480773022358,350.0,2,18,3430.0
13814.0,6209.480773022358,350.0,2,18,3430.0
13815.0,6209.480773022358,350.0,2,18,3430.0
13816.0,6209.480773022358,350.0,2,18,3430.0
13817.0,6209.480773022358,350.0,2,18,3430.0
13818.0,6209.480773022358,350.0,2,18,3430.0
13819.0,6209.480773022358,350.0,2,18,3430.0
13820.0,6209.480773022358,350.0,2,18,3430.0
13821.0,6209.480773022358,350.0,2,18,3430.0
13822.0,6209.480773022358,350.0,2,18,3430.0
13823.0,6209.480773022358,350.0,2,18,3430.0
13824.0,6209.480773022358,350.0,2,18,3430.0
13825.0,6209.480773022358,350.0,2,18,3430.0
13826.0,6209.480773022358,350.0,2,18,3430.0
13827.0,6209.480773022358,350.0,2,18,3430.0
13828.0,6209.480773022358,350.0,2,18,3430.0
13829.0,6209.480773022358,350.0,2,18,3430.0
13830.0,6209.480773022358,350.0,2,18,3430.0
13831.0,6209.480773022358,350.0,2,18,3430.0
13832.0,6209.480773022358,350.0,2,18,3430.0
13833.0,6209.480773022358,350.0,2,18,3430.0
13834.0,6209.480773022358,350.0,2,18,3430.0
13835.0,6209.480773022358,350.0,2,18,3430.0
13836.0,6209.480773022358,350.0,2,18,3430.0
13837.0,6209.480773022358,350.0,2,18,3430.0
13838.0,6209.480773022358,350.0,2,18,3430.0
13839.0,6209.480773022358,350.0,2,18,3430.0
13840.0,6209.480773022358,350.0,2,18,3430.0
13841.0,6209.480773022358,350.0,2,18,3430.0
13842.0,6209.480773022358,350.0,2,18,3430.0
13843.0,6209.480773022358,350.0,2,18,3430.0
13844.0,6209.480773022358,350.0,2,18,3430.0
13845.0,6209.480773022358,350.0,2,18,3430.0
13846.0,6209.480773022358,350.0,2,18,3430.0
13847.0,6209.480773022358,350.0,2,18,3430.0
13848.0,6209.480773022358,350.0,2,18,3430.0
13849.0,6209.480773022358,350.0,2,18,3430.0
13850.0,6209.480773022358,350.0,2,18,3430.0
13851.0,6209.480773022358,350.0,2,18,3430.0
13852.0,6209.480773022358,350.0,2,18,3430.0
13853.0,6209.480773022358,350.0,2,18,3430.0
13854.0,6209.480773022358,350.0,2,18,3430.0
13855.0,6209.480773022358,350.0,2,18,3430.0
13856.0,6209.480773022358,350.0,2,18,3430.0
13857.0,6209.480773022358,350.0,2,18,3430.0
13858.0,6209.480773022358,350.0,2,18,3430.0
13859.0,6209.480773022358,350.0,2,18,3430.0
13860.0,6209.480773022358,350.0,2,18,3430.0
13861.0,6209.480773022358,350.0,2,18,3430.0
13862.0,6209.480773022358,350.0,2,18,3430.0
13863.0,6209.480773022358,350.0,2,18,3430.0
13864.0,6209.480773022358,350.0,2,18,3430.0
13865.0,6209.480773022358,350.0,2,18,3430.0
13866.0,6209.480773022358,350.0,2,18,3430.0
13867.0,6209.480773022358,350.0,2,18,3430.0
13868.0,6209.480773022358,350.0,2,18,3430.0
13869.0,6209.480773022358,350.0,2,18,3430.0
13870.0,6209.480773022358,350.0,2,18,3430.0
13871.0,6209.480773022358,350.0,2,18,3430.0
13872.0,6209.480773022358,350.0,2,18,3430.0
13873.0,6209.480773022358,350.0,2,18,3430.0
13874.0,6209.480773022358,350.0,2,18,3430.0
13875.0,6209.480773022358,350.0,2,18,3430.0
13876.0,6209.480773022358,350.0,2,18,3430.0
13877.0,6209.480773022358,350.0,2,18,3430.0
13878.0,6209.480773022358,350.0,2,18,3430.0
13879.0,6209.480773022358,350.0,2,18,3430.0
13880.0,6209.480773022358,350.0,2,18,3430.0
13881.0,6209.480773022358,350.0,2,18,3430.0
13882.0,6209.480773022358,350.0,2,18,3430.0
13883.0,6209.480773022358,350.0,2,18,3430.0
13884.0,6209.480773022358,350.0,2,18,3430.0
13885.0,6209.480773022358,350.0,2,18,3430.0
13886.0,6209.480773022358,350.0,2,18,3430.0
13887.0,6209.480773022358,350.0,2,18,3430.0
13888.0,6209.480773022358,350.0,2,18,3430.0
13889.0,6209.480773022358,350.0,2,18,3430.0
13890.0,6209.480773022358,350.0,2,18,3430.0
13891.0,6209.480773022358,350.0,2,18,3430.0
13892.0,6209.480773022358,350.0,2,18,3430.0
13893.0,6209.480773022358,350.0,2,18,3430.0
13894.0,6209.480773022358,350.0,2,18,3430.0
13895.0,6209.480773022358,350.0,2,18,3430.0
13896.0,6209.480773022358,350.0,2,18,3430.0
13897.0,6209.480773022358,350.0,2,18,3430.0
13898.0,6209.480773022358,350.0,2,18,3430.0
13899.0,6209.480773022358,350.0,2,18,3430.0
13900.0,6209.480773022358,350.0,2,18,3430.0
13901.0,6209.480773022358,350.0,2,18,3430.0
13902.0,6209.480773022358,350.0,2,18,3430.0
13903.0,6209.480773022358,350.0,2,18,3430.0
13904.0,6209.480773022358,350.0,2,18,3430.0
13905.0,6209.480773022358,350.0,2,18,3430.0
13906.0,6209.480773022358,350.0,2,18,3430.0
13907.0,6209.480773022358,350.0,2,18,3430.0
13908.0,6209.480773022358,350.0,2,18,3430.0
13909.0,6209.480773022358,350.0,2,18,3430.0
13910.0,6209.480773022358,350.0,2,18,3430.0
13911.0,6209.480773022358,350.0,2,18,3430.0
13912.0,6209.480773022358,350.0,2,18,3430.0
13913.0,6209.480773022358,350.0,2,18,3430.0
13914.0,6209.480773022358,350.0,2,18,3430.0
13915.0,6209.480773022358,350.0,2,18,3430.0
13916.0,6209.480773022358,350.0,2,18,3430.0
13917.0,6209.480773022358,350.0,2,18,3430.0
13918.0,6209.480773022358,350.0,2,18,3430.0
13919.0,6209.480773022358,350.0,2,18,3430.0
13920.0,6209.480773022358,350.0,2,18,3430.0
13921.0,6209.480773022358,350.0,2,18,3430.0
13922.0,6209.480773022358,350.0,2,18,3430.0
13923.0,6209.480773022358,350.0,2,18,3430.0
13924.0,6209.480773022358,350.0,2,18,3430.0
13925.0,6209.480773022358,350.0,2,18,3430.0
13926.0,6209.480773022358,350.0,2,18,3430.0
13927.0,6209.480773022358,350.0,2,18,3430.0
13928.0,6209.480773022358,350.0,2,18,3430.0
13929.0,6209.480773022358,350.0,2,18,3430.0
13930.0,6209.480773022358,350.0,2,18,3430.0
13931.0,6209.480773022358,350.0,2,18,3430.0
13932.0,6209.480773022358,350.0,2,18,3430.0
13933.0,6209.480773022358,350.0,2,18,3430.0
13934.0,6209.480773022358,350.0,2,18,3430.0
13935.0,6209.480773022358,350.0,2,18,3430.0
13936.0,6209.480773022358,350.0,2,18,3430.0
13937.0,6209.480773022358,350.0,2,18,3430.0
13938.0,6209.480773022358,350.0,2,18,3430.0
13939.0,6209.480773022358,350.0,2,18,3430.0
13940.0,6209.480773022358,350.0,2,18,3430.0
13941.0,6209.480773022358,350.0,2,18,3430.0
13942.0,6209.480773022358,350.0,2,18,3430.0
13943.0,6209.480773022358,350.0,2,18,3430.0
13944.0,6209.480773022358,350.0,2,18,3430.0
13945.0,6209.480773022358,350.0,2,18,3430.0
13946.0,6209.480773022358,350.0,2,18,3430.0
13947.0,6209.480773022358,350.0,2,18,3430.0
13948.0,6209.480773022358,350.0,2,18,3430.0
13949.0,6209.480773022358,350.0,2,18,3430.0
13950.0,6209.480773022358,350.0,2,18,3430.0
13951.0,6209.480773022358,350.0,2,18,3430.0
13952.0,6209.480773022358,350.0,2,18,3430.0
13953.0,6209.480773022358,350.0,2,18,3430.0
13954.0,6209.480773022358,350.0,2,18,3430.0
13955.0,6209.480773022358,350.0,2,18,3430.0
13956.0,6209.480773022358,350.0,2,18,3430.0
13957.0,6209.480773022358,350.0,2,18,3430.0
13958.0,6209.480773022358,350.0,2,18,3430.0
13959.0,6209.480773022358,350.0,2,18,3430.0
13960.0,6209.480773022358,350.0,2,18,3430.0
13961.0,6209.480773022358,350.0,2,18,3430.0
13962.0,6209.480773022358,350.0,2,18,3430.0
13963.0,6209.480773022358,350.0,2,18,3430.0
13964.0,6209.480773022358,350.0,2,18,3430.0
13965.0,6209.480773022358,350.0,2,18,3430.0
13966.0,6209.480773022358,350.0,2,18,3430.0
13967.0,6209.480773022358,350.0,2,18,3430.0
13968.0,6209.480773022358,350.0,2,18,3430.0
13969.0,6209.480773022358,350.0,2,18,3430.0
13970.0,6209.480773022358,350.0,2,18,3430.0
13971.0,6209.480773022358,350.0,2,18,3430.0
13972.0,6209.480773022358,350.0,2,18,3430.0
13973.0,6209.480773022358,350.0,2,18,3430.0
13974.0,6209.480773022358,350.0,2,18,3430.0
13975.0,6209.480773022358,350.0,2,18,3430.0
13976.0,6209.480773022358,350.0,2,18,3430.0
13977.0,6209.480773022358,350.0,2,18,3430.0
13978.0,6209.480773022358,350.0,2,18,3430.0
13979.0,6209.480773022358,350.0,2,18,3430.0
13980.0,6209.480773022358,350.0,2,18,3430.0
13981.0,6209.480773022358,350.0,2,18,3430.0
13982.0,6209.480773022358,350.0,2,18,3430.0
13983.0,6209.480773022358,350.0,2,18,3430.0
13984.0,6209.480773022358,350.0,2,18,3430.0
13985.0,6209.480773022358,350.0,2,18,3430.0
13986.0,6209.480773022358,350.0,2,18,3430.0
13987.0,6209.480773022358,350.0,2,18,3430.0
13988.0,6209.480773022358,350.0,2,18,3430.0
13989.0,6209.480773022358,350.0,2,18,3430.0
13990.0,6209.480773022358,350.0,2,18,3430.0
13991.0,6209.480773022358,350.0,2,18,3430.0
13992.0,6209.480773022358,350.0,2,18,3430.0
13993.0,6209.480773022358,350.0,2,18,3430.0
13994.0,6209.480773022358,350.0,2,18,3430.0
13995.0,6209.480773022358,350.0,2,18,3430.0
13996.0,6209.480773022358,350.0,2,18,3430.0
13997.0,6209.480773022358,350.0,2,18,3430.0
13998.0,6209.480773022358,350.0,2,18,3430.0
13999.0,6209.480773022358,350.0,2,18,3430.0
14000.0,6209.480773022358,350.0,2,18,3430.0
14001.0,6209.480773022358,350.0,2,18,3430.0
14002.0,6209.480773022358,350.0,2,18,3430.0
14003.0,6209.480773022358,350.0,2,18,3430.0
14004.0,6209.480773022358,350.0,2,18,3430.0
14005.0,6209.480773022358,350.0,2,18,3430.0
14006.0,6209.480773022358,350.0,2,18,3430.0
14007.0,6209.480773022358,350.0,2,18,3430.0
14008.0,6209.480773022358,350.0,2,18,3430.0
14009.0,6209.480773022358,350.0,2,18,3430.0
14010.0,6209.480773022358,350.0,2,18,3430.0
14011.0,6209.480773022358,350.0,2,18,3430.0
14012.0,6209.480773022358,350.0,2,18,3430.0
14013.0,6209.480773022358,350.0,2,18,3430.0
14014.0,6209.480773022358,350.0,2,18,3430.0
14015.0,6209.480773022358,350.0,2,18,3430.0
14016.0,6209.480773022358,350.0,2,18,3430.0
14017.0,6209.480773022358,350.0,2,18,3430.0
14018.0,6209.480773022358,350.0,2,18,3430.0
14019.0,6209.480773022358,350.0,2,18,3430.0
14020.0,6209.480773022358,350.0,2,18,3430.0
14021.0,6209.480773022358,350.0,2,18,3430.0
14022.0,6209.480773022358,350.0,2,18,3430.0
14023.0,6209.480773022358,350.0,2,18,3430.0
14024.0,6209.480773022358,350.0,2,18,3430.0
14025.0,6209.480773022358,350.0,2,18,3430.0
14026.0,6209.480773022358,350.0,2,18,3430.0
14027.0,6209.480773022358,350.0,2,18,3430.0
14028.0,6209.480773022358,350.0,2,18,3430.0
14029.0,6209.480773022358,350.0,2,18,3430.0
14030.0,6209.480773022358,350.0,2,18,3430.0
14031.0,6209.480773022358,350.0,2,18,3430.0
14032.0,6209.480773022358,350.0,2,18,3430.0
14033.0,6209.480773022358,350.0,2,18,3430.0
14034.0,6209.480773022358,350.0,2,18,3430.0
14035.0,6209.480773022358,350.0,2,18,3430.0
14036.0,6209.480773022358,350.0,2,18,3430.0
14037.0,6209.480773022358,350.0,2,18,3430.0
14038.0,6209.480773022358,350.0,2,18,3430.0
14039.0,6209.480773022358,350.0,2,18,3430.0
14040.0,6209.480773022358,350.0,2,18,3430.0
14041.0,6209.480773022358,350.0,2,18,3430.0
14042.0,6209.480773022358,350.0,2,18,3430.0
14043.0,6209.480773022358,350.0,2,18,3430.0
14044.0,6209.480773022358,350.0,2,18,3430.0
14045.0,6209.480773022358,350.0,2,18,3430.0
14046.0,6209.480773022358,350.0,2,18,3430.0
14047.0,6209.480773022358,350.0,2,18,3430.0
14048.0,6209.480773022358,350.0,2,18,3430.0
14049.0,6209.480773022358,350.0,2,18,3430.0
14050.0,6209.480773022358,350.0,2,18,3430.0
14051.0,6209.480773022358,350.0,2,18,3430.0
14052.0,6209.480773022358,350.0,2,18,3430.0
14053.0,6209.480773022358,350.0,2,18,3430.0
14054.0,6209.480773022358,350.0,2,18,3430.0
14055.0,6209.480773022358,350.0,2,18,3430.0
14056.0,6209.480773022358,350.0,2,18,3430.0
14057.0,6209.480773022358,350.0,2,18,3430.0
14058.0,6209.480773022358,350.0,2,18,3430.0
14059.0,6209.480773022358,350.0,2,18,3430.0
14060.0,6209.480773022358,350.0,2,18,3430.0
14061.0,6209.480773022358,350.0,2,18,3430.0
14062.0,6209.480773022358,350.0,2,18,3430.0
14063.0,6209.480773022358,350.0,2,18,3430.0
14064.0,6209.480773022358,350.0,2,18,3430.0
14065.0,6209.480773022358,350.0,2,18,3430.0
14066.0,6209.480773022358,350.0,2,18,3430.0
14067.0,6209.480773022358,350.0,2,18,3430.0
14068.0,6209.480773022358,350.0,2,18,3430.0
14069.0,6209.480773022358,350.0,2,18,3430.0
14070.0,6209.480773022358,350.0,2,18,3430.0
14071.0,6209.480773022358,350.0,2,18,3430.0
14072.0,6209.480773022358,350.0,2,18,3430.0
14073.0,6209.480773022358,350.0,2,18,3430.0
14074.0,6209.480773022358,350.0,2,18,3430.0
14075.0,6209.480773022358,350.0,2,18,3430.0
14076.0,6209.480773022358,350.0,2,18,3430.0
14077.0,6209.480773022358,350.0,2,18,3430.0
14078.0,6209.480773022358,350.0,2,18,3430.0
14079.0,6209.480773022358,350.0,2,18,3430.0
14080.0,6209.480773022358,350.0,2,18,3430.0
14081.0,6209.480773022358,350.0,2,18,3430.0
14082.0,6209.480773022358,350.0,2,18,3430.0
14083.0,6209.480773022358,350.0,2,18,3430.0
14084.0,6209.480773022358,350.0,2,18,3430.0
14085.0,6209.480773022358,350.0,2,18,3430.0
14086.0,6209.480773022358,350.0,2,18,3430.0
14087.0,6209.480773022358,350.0,2,18,3430.0
14088.0,6209.480773022358,350.0,2,18,3430.0
14089.0,6209.480773022358,350.0,2,18,3430.0
14090.0,6209.480773022358,350.0,2,18,3430.0
14091.0,6209.480773022358,350.0,2,18,3430.0
14092.0,6209.480773022358,350.0,2,18,3430.0
14093.0,6209.480773022358,350.0,2,18,3430.0
14094.0,6209.480773022358,350.0,2,18,3430.0
14095.0,6209.480773022358,350.0,2,18,3430.0
14096.0,6209.480773022358,350.0,2,18,3430.0
14097.0,6209.480773022358,350.0,2,18,3430.0
14098.0,6209.480773022358,350.0,2,18,3430.0
14099.0,6209.480773022358,350.0,2,18,3430.0
14100.0,6209.480773022358,350.0,2,18,3430.0
14101.0,6209.480773022358,350.0,2,18,3430.0
14102.0,6209.480773022358,350.0,2,18,3430.0
14103.0,6209.480773022358,350.0,2,18,3430.0
14104.0,6209.480773022358,350.0,2,18,3430.0
14105.0,6209.480773022358,350.0,2,18,3430.0
14106.0,6209.480773022358,350.0,2,18,3430.0
14107.0,6209.480773022358,350.0,2,18,3430.0
14108.0,6209.480773022358,350.0,2,18,3430.0
14109.0,6209.480773022358,350.0,2,18,3430.0
14110.0,6209.480773022358,350.0,2,18,3430.0
14111.0,6209.480773022358,350.0,2,18,3430.0
14112.0,6209.480773022358,350.0,2,18,3430.0
14113.0,6209.480773022358,350.0,2,18,3430.0
14114.0,6209.480773022358,350.0,2,18,3430.0
14115.0,6209.480773022358,350.0,2,18,3430.0
14116.0,6209.480773022358,350.0,2,18,3430.0
14117.0,6209.480773022358,350.0,2,18,3430.0
14118.0,6209.480773022358,350.0,2,18,3430.0
14119.0,6209.480773022358,350.0,2,18,3430.0
14120.0,6209.480773022358,350.0,2,18,3430.0
14121.0,6209.480773022358,350.0,2,18,3430.0
14122.0,6209.480773022358,350.0,2,18,3430.0
14123.0,6209.480773022358,350.0,2,18,3430.0
14124.0,6209.480773022358,350.0,2,18,3430.0
14125.0,6209.480773022358,350.0,2,18,3430.0
14126.0,6209.480773022358,350.0,2,18,3430.0
14127.0,6209.480773022358,350.0,2,18,3430.0
14128.0,6209.480773022358,350.0,2,18,3430.0
14129.0,6209.480773022358,350.0,2,18,3430.0
14130.0,6209.480773022358,350.0,2,18,3430.0
14131.0,6209.480773022358,350.0,2,18,3430.0
14132.0,6209.480773022358,350.0,2,18,3430.0
14133.0,6209.480773022358,350.0,2,18,3430.0
14134.0,6209.480773022358,350.0,2,18,3430.0
14135.0,6209.480773022358,350.0,2,18,3430.0
14136.0,6209.480773022358,350.0,2,18,3430.0
14137.0,6209.480773022358,350.0,2,18,3430.0
14138.0,6209.480773022358,350.0,2,18,3430.0
14139.0,6209.530773022358,350.0,2,18,3430.0
14140.0,6209.540383304269,350.0,2,18,3430.0
14141.0,6209.59219740852,350.0,2,18,3430.0
14142.0,6209.693573104036,350.0,2,18,3430.0
14143.0,6209.844799253358,350.0,2,18,3430.0
14144.0,6210.045950070373,350.0,2,18,3430.0
14145.0,6210.297055507332,350.0,2,18,3430.0
14146.0,6210.598130607728,350.0,2,18,3430.0
14147.0,6210.949183991125,350.0,2,18,3430.0
14148.0,6211.350221054496,350.0,2,18,3430.0
14149.0,6211.801245400473,350.0,2,18,3430.0
14150.0,6212.302259553334,350.0,2,18,3430.0
14151.0,6212.853265350292,350.0,2,18,3430.0
14152.0,6213.454264170065,350.0,2,18,3430.0
14153.0,6214.10525707371,350.0,2,18,3430.0
14154.0,6214.806244895235,350.0,2,18,3430.0
14155.0,6215.557228302052,350.0,2,18,3430.0
14156.0,6216.358207836569,350.0,2,18,3430.0
14157.0,6217.2091839455625,350.0,2,18,3430.0
14158.0,6218.110157001403,350.0,2,18,3430.0
14159.0,6219.061127317704,350.0,2,18,3430.0
14160.0,6220.061127317704,350.0,2,18,3430.0
14161.0,6221.061127317704,350.0,2,18,3430.0
14162.0,6222.061127317704,350.0,2,18,3430.0
14163.0,6223.061127317704,350.0,2,18,3430.0
14164.0,6224.061127317704,350.0,2,18,3430.0
14165.0,6225.061127317704,350.0,2,18,3430.0
14166.0,6226.061127317704,350.0,2,18,3430.0
14167.0,6227.061127317704,350.0,2,18,3430.0
14168.0,6228.061127317704,350.0,2,18,3430.0
14169.0,6229.061127317704,350.0,2,18,3430.0
14170.0,6230.061127317704,350.0,2,18,3430.0
14171.0,6231.061127317704,350.0,2,18,3430.0
14172.0,6232.061127317704,350.0,2,18,3430.0
14173.0,6233.061127317704,350.0,2,18,3430.0
14174.0,6234.061127317704,350.0,2,18,3430.0
14175.0,6235.061127317704,350.0,2,18,3430.0
14176.0,6236.061127317704,350.0,2,18,3430.0
14177.0,6237.061127317704,350.0,2,18,3430.0
14178.0,6238.061127317704,350.0,2,18,3430.0
14179.0,6239.061127317704,350.0,2,18,3430.0
14180.0,6240.061127317704,350.0,2,18,3430.0
14181.0,6241.061127317704,350.0,2,18,3430.0
14182.0,6242.061127317704,350.0,2,18,3430.0
14183.0,6243.061127317704,350.0,2,18,3430.0
14184.0,6244.061127317704,350.0,2,18,3430.0
14185.0,6245.061127317704,350.0,2,18,3430.0
14186.0,6246.061127317704,350.0,2,18,3430.0
14187.0,6247.061127317704,350.0,2,18,3430.0
14188.0,6248.061127317704,350.0,2,18,3430.0
14189.0,6249.061127317704,350.0,2,18,3430.0
14190.0,6250.061127317704,350.0,2,18,3430.0
14191.0,6251.061127317704,350.0,2,18,3430.0
14192.0,6252.061127317704,350.0,2,18,3430.0
14193.0,6253.061127317704,350.0,2,18,3430.0
14194.0,6254.061127317704,350.0,2,18,3430.0
14195.0,6255.061127317704,350.0,2,18,3430.0
14196.0,6256.061127317704,350.0,2,18,3430.0
14197.0,6257.061127317704,350.0,2,18,3430.0
14198.0,6258.061127317704,350.0,2,18,3430.0
14199.0,6259.061127317704,350.0,2,18,3430.0
14200.0,6260.061127317704,350.0,2,18,3430.0
14201.0,6261.061127317704,350.0,2,18,3430.0
14202.0,6262.061127317704,350.0,2,18,3430.0
14203.0,6263.061127317704,350.0,2,18,3430.0
14204.0,6264.061127317704,350.0,2,18,3430.0
14205.0,6265.061127317704,350.0,2,18,3430.0
14206.0,6266.061127317704,350.0,2,18,3430.0
14207.0,6267.061127317704,350.0,2,18,3430.0
14208.0,6268.061127317704,350.0,2,18,3430.0
14209.0,6269.061127317704,350.0,2,18,3430.0
14210.0,6270.061127317704,350.0,2,18,3430.0
14211.0,6271.061127317704,350.0,2,18,3430.0
14212.0,6272.061127317704,350.0,2,18,3430.0
14213.0,6273.061127317704,350.0,2,18,3430.0
14214.0,6274.061127317704,350.0,2,18,3430.0
14215.0,6275.061127317704,350.0,2,18,3430.0
14216.0,6276.061127317704,350.0,2,18,3430.0
14217.0,6277.061127317704,350.0,2,18,3430.0
14218.0,6278.061127317704,350.0,2,18,3430.0
14219.0,6279.061127317704,350.0,2,18,3430.0
14220.0,6280.061127317704,350.0,2,18,3430.0
14221.0,6281.061127317704,350.0,2,18,3430.0
14222.0,6282.061127317704,350.0,2,18,3430.0
14223.0,6283.061127317704,350.0,2,18,3430.0
14224.0,6284.061127317704,350.0,2,18,3430.0
14225.0,6285.061127317704,350.0,2,18,3430.0
14226.0,6286.061127317704,350.0,2,18,3430.0
14227.0,6287.061127317704,350.0,2,18,3430.0
14228.0,6288.061127317704,350.0,2,18,3430.0
14229.0,6289.061127317704,350.0,2,18,3430.0
14230.0,6290.061127317704,350.0,2,18,3430.0
14231.0,6291.061127317704,350.0,2,18,3430.0
14232.0,6292.061127317704,350.0,2,18,3430.0
14233.0,6293.061127317704,350.0,2,18,3430.0
14234.0,6294.061127317704,350.0,2,18,3430.0
14235.0,6295.061127317704,350.0,2,18,3430.0
14236.0,6296.061127317704,350.0,2,18,3430.0
14237.0,6297.061127317704,350.0,2,18,3430.0
14238.0,6298.061127317704,350.0,2,18,3430.0
14239.0,6299.061127317704,350.0,2,18,3430.0
14240.0,6300.061127317704,350.0,2,18,3430.0
14241.0,6301.061127317704,350.0,2,18,3430.0
14242.0,6302.061127317704,350.0,2,18,3430.0
14243.0,6303.061127317704,350.0,2,18,3430.0
14244.0,6304.061127317704,350.0,2,18,3430.0
14245.0,6305.061127317704,350.0,2,18,3430.0
14246.0,6306.061127317704,350.0,2,18,3430.0
14247.0,6307.061127317704,350.0,2,18,3430.0
14248.0,6308.061127317704,350.0,2,18,3430.0
14249.0,6309.061127317704,350.0,2,18,3430.0
14250.0,6310.061127317704,350.0,2,18,3430.0
14251.0,6311.061127317704,350.0,2,18,3430.0
14252.0,6312.061127317704,350.0,2,18,3430.0
14253.0,6313.061127317704,350.0,2,18,3430.0
14254.0,6314.061127317704,350.0,2,18,3430.0
14255.0,6315.061127317704,350.0,2,18,3430.0
14256.0,6316.061127317704,350.0,2,18,3430.0
14257.0,6317.061127317704,350.0,2,18,3430.0
14258.0,6318.061127317704,350.0,2,18,3430.0
14259.0,6319.061127317704,350.0,2,18,3430.0
14260.0,6320.061127317704,350.0,2,18,3430.0
14261.0,6321.061127317704,350.0,2,18,3430.0
14262.0,6322.061127317704,350.0,2,18,3430.0
14263.0,6323.061127317704,350.0,2,18,3430.0
14264.0,6324.061127317704,350.0,2,18,3430.0
14265.0,6325.061127317704,350.0,2,18,3430.0
14266.0,6326.061127317704,350.0,2,18,3430.0
14267.0,6327.061127317704,350.0,2,18,3430.0
14268.0,6328.061127317704,350.0,2,18,3430.0
14269.0,6329.061127317704,350.0,2,18,3430.0
14270.0,6330.061127317704,350.0,2,18,3430.0
14271.0,6331.061127317704,350.0,2,18,3430.0
14272.0,6332.061127317704,350.0,2,18,3430.0
14273.0,6333.061127317704,350.0,2,18,3430.0
14274.0,6334.061127317704,350.0,2,18,3430.0
14275.0,6335.061127317704,350.0,2,18,3430.0
14276.0,6336.061127317704,350.0,2,18,3430.0
14277.0,6337.061127317704,350.0,2,18,3430.0
14278.0,6338.061127317704,350.0,2,18,3430.0
14279.0,6339.061127317704,350.0,2,18,3430.0
14280.0,6340.061127317704,350.0,2,18,3430.0
14281.0,6341.061127317704,350.0,2,18,3430.0
14282.0,6342.061127317704,350.0,2,18,3430.0
14283.0,6343.061127317704,350.0,2,18,3430.0
14284.0,6344.061127317704,350.0,2,18,3430.0
14285.0,6345.061127317704,350.0,2,18,3430.0
14286.0,6346.061127317704,350.0,2,18,3430.0
14287.0,6347.061127317704,350.0,2,18,3430.0
14288.0,6348.061127317704,350.0,2,18,3430.0
14289.0,6349.061127317704,350.0,2,18,3430.0
14290.0,6350.061127317704,350.0,2,18,3430.0
14291.0,6351.061127317704,350.0,2,18,3430.0
14292.0,6352.061127317704,350.0,2,18,3430.0
14293.0,6353.061127317704,350.0,2,18,3430.0
14294.0,6354.061127317704,350.0,2,18,3430.0
14295.0,6355.061127317704,350.0,2,18,3430.0
14296.0,6356.061127317704,350.0,2,18,3430.0
14297.0,6357.061127317704,350.0,2,18,3430.0
14298.0,6358.061127317704,350.0,2,18,3430.0
14299.0,6359.061127317704,350.0,2,18,3430.0
14300.0,6360.061127317704,350.0,2,18,3430.0
14301.0,6361.061127317704,350.0,2,18,3430.0
14302.0,6362.061127317704,350.0,2,18,3430.0
14303.0,6363.061127317704,350.0,2,18,3430.0
14304.0,6364.061127317704,350.0,2,18,3430.0
14305.0,6365.061127317704,350.0,2,18,3430.0
14306.0,6366.061127317704,350.0,2,18,3430.0
14307.0,6367.061127317704,350.0,2,18,3430.0
14308.0,6368.061127317704,350.0,2,18,3430.0
14309.0,6369.061127317704,350.0,2,18,3430.0
14310.0,6370.061127317704,350.0,2,18,3430.0
14311.0,6371.061127317704,350.0,2,18,3430.0
14312.0,6372.061127317704,350.0,2,18,3430.0
14313.0,6373.061127317704,350.0,2,18,3430.0
14314.0,6374.061127317704,350.0,2,18,3430.0
14315.0,6375.061127317704,350.0,2,18,3430.0
14316.0,6376.061127317704,350.0,2,18,3430.0
14317.0,6377.061127317704,350.0,2,18,3430.0
14318.0,6378.061127317704,350.0,2,18,3430.0
14319.0,6379.061127317704,350.0,2,18,3430.0
14320.0,6380.061127317704,350.0,2,18,3430.0
14321.0,6381.061127317704,350.0,2,18,3430.0
14322.0,6382.061127317704,350.0,2,18,3430.0
14323.0,6383.061127317704,350.0,2,18,3430.0
14324.0,6384.061127317704,350.0,2,18,3430.0
14325.0,6385.061127317704,350.0,2,18,3430.0
14326.0,6386.061127317704,350.0,2,18,3430.0
14327.0,6387.061127317704,350.0,2,18,3430.0
14328.0,6388.061127317704,350.0,2,18,3430.0
14329.0,6389.061127317704,350.0,2,18,3430.0
14330.0,6390.061127317704,350.0,2,18,3430.0
14331.0,6391.061127317704,350.0,2,18,3430.0
14332.0,6392.061127317704,350.0,2,18,3430.0
14333.0,6393.061127317704,350.0,2,18,3430.0
14334.0,6394.061127317704,350.0,2,18,3430.0
14335.0,6395.061127317704,350.0,2,18,3430.0
14336.0,6396.061127317704,350.0,2,18,3430.0
14337.0,6397.061127317704,350.0,2,18,3430.0
14338.0,6398.061127317704,350.0,2,18,3430.0
14339.0,6399.061127317704,350.0,2,18,3430.0
14340.0,6400.061127317704,350.0,2,18,3430.0
14341.0,6401.061127317704,350.0,2,18,3430.0
14342.0,6402.061127317704,350.0,2,18,3430.0
14343.0,6403.061127317704,350.0,2,18,3430.0
14344.0,6404.061127317704,350.0,2,18,3430.0
14345.0,6405.061127317704,350.0,2,18,3430.0
14346.0,6406.061127317704,350.0,2,18,3430.0
14347.0,6407.061127317704,350.0,2,18,3430.0
14348.0,6408.061127317704,350.0,2,18,3430.0
14349.0,6409.061127317704,350.0,2,18,3430.0
14350.0,6410.061127317704,350.0,2,18,3430.0
14351.0,6411.061127317704,350.0,2,18,3430.0
14352.0,6412.061127317704,350.0,2,18,3430.0
14353.0,6413.061127317704,350.0,2,18,3430.0
14354.0,6414.061127317704,350.0,2,18,3430.0
14355.0,6415.061127317704,350.0,2,18,3430.0
14356.0,6416.061127317704,350.0,2,18,3430.0
14357.0,6417.061127317704,350.0,2,18,3430.0
14358.0,6418.061127317704,350.0,2,18,3430.0
14359.0,6419.061127317704,350.0,2,18,3430.0
14360.0,6420.061127317704,350.0,2,18,3430.0
14361.0,6421.061127317704,350.0,2,18,3430.0
14362.0,6422.061127317704,350.0,2,18,3430.0
14363.0,6423.061127317704,350.0,2,18,3430.0
14364.0,6424.061127317704,350.0,2,18,3430.0
14365.0,6425.061127317704,350.0,2,18,3430.0
14366.0,6426.061127317704,350.0,2,18,3430.0
14367.0,6427.061127317704,350.0,2,18,3430.0
14368.0,6428.061127317704,350.0,2,18,3430.0
14369.0,6429.061127317704,350.0,2,18,3430.0
14370.0,6430.061127317704,350.0,2,18,3430.0
14371.0,6431.061127317704,350.0,2,18,3430.0
14372.0,6432.061127317704,350.0,2,18,3430.0
14373.0,6433.061127317704,350.0,2,18,3430.0
14374.0,6434.061127317704,350.0,2,18,3430.0
14375.0,6435.061127317704,350.0,2,18,3430.0
14376.0,6436.061127317704,350.0,2,18,3430.0
14377.0,6437.061127317704,350.0,2,18,3430.0
14378.0,6438.061127317704,350.0,2,18,3430.0
14379.0,6439.061127317704,350.0,2,18,3430.0
14380.0,6440.061127317704,350.0,2,18,3430.0
14381.0,6441.061127317704,350.0,2,18,3430.0
14382.0,6442.061127317704,350.0,2,18,3430.0
14383.0,6443.061127317704,350.0,2,18,3430.0
14384.0,6444.061127317704,350.0,2,18,3430.0
14385.0,6445.061127317704,350.0,2,18,3430.0
14386.0,6446.061127317704,350.0,2,18,3430.0
14387.0,6447.061127317704,350.0,2,18,3430.0
14388.0,6448.061127317704,350.0,2,18,3430.0
14389.0,6449.061127317704,350.0,2,18,3430.0
14390.0,6450.061127317704,350.0,2,18,3430.0
14391.0,6451.061127317704,350.0,2,18,3430.0
14392.0,6452.061127317704,350.0,2,18,3430.0
14393.0,6453.061127317704,350.0,2,18,3430.0
14394.0,6454.061127317704,350.0,2,18,3430.0
14395.0,6455.061127317704,350.0,2,18,3430.0
14396.0,6456.061127317704,350.0,2,18,3430.0
14397.0,6457.061127317704,350.0,2,18,3430.0
14398.0,6458.061127317704,350.0,2,18,3430.0
14399.0,6459.061127317704,350.0,2,18,3430.0
14400.0,6460.061127317704,350.0,2,18,3430.0
14401.0,6461.061127317704,350.0,2,18,3430.0
14402.0,6462.061127317704,350.0,2,18,3430.0
14403.0,6463.061127317704,350.0,2,18,3430.0
14404.0,6464.061127317704,350.0,2,18,3430.0
14405.0,6465.061127317704,350.0,2,18,3430.0
14406.0,6466.061127317704,350.0,2,18,3430.0
14407.0,6467.061127317704,350.0,2,18,3430.0
14408.0,6468.061127317704,350.0,2,18,3430.0
14409.0,6469.061127317704,350.0,2,18,3430.0
14410.0,6470.061127317704,350.0,2,18,3430.0
14411.0,6471.061127317704,350.0,2,18,3430.0
14412.0,6472.061127317704,350.0,2,18,3430.0
14413.0,6473.061127317704,350.0,2,18,3430.0
14414.0,6474.061127317704,350.0,2,18,3430.0
14415.0,6475.061127317704,350.0,2,18,3430.0
14416.0,6476.061127317704,350.0,2,18,3430.0
14417.0,6477.061127317704,350.0,2,18,3430.0
14418.0,6478.061127317704,350.0,2,18,3430.0
14419.0,6479.061127317704,350.0,2,18,3430.0
14420.0,6480.061127317704,350.0,2,18,3430.0
14421.0,6481.061127317704,350.0,2,18,3430.0
14422.0,6482.061127317704,350.0,2,18,3430.0
14423.0,6483.061127317704,350.0,2,18,3430.0
14424.0,6484.061127317704,350.0,2,18,3430.0
14425.0,6485.061127317704,350.0,2,18,3430.0
14426.0,6486.061127317704,350.0,2,18,3430.0
14427.0,6487.061127317704,350.0,2,18,3430.0
14428.0,6488.061127317704,350.0,2,18,3430.0
14429.0,6489.061127317704,350.0,2,18,3430.0
14430.0,6490.061127317704,350.0,2,18,3430.0
14431.0,6491.061127317704,350.0,2,18,3430.0
14432.0,6492.061127317704,350.0,2,18,3430.0
14433.0,6493.061127317704,350.0,2,18,3430.0
14434.0,6494.061127317704,350.0,2,18,3430.0
14435.0,6495.061127317704,350.0,2,18,3430.0
14436.0,6496.061127317704,350.0,2,18,3430.0
14437.0,6497.061127317704,350.0,2,18,3430.0
14438.0,6498.061127317704,350.0,2,18,3430.0
14439.0,6499.061127317704,350.0,2,18,3430.0
14440.0,6500.061127317704,350.0,2,18,3430.0
14441.0,6501.061127317704,350.0,2,18,3430.0
14442.0,6502.061127317704,350.0,2,18,3430.0
14443.0,6503.061127317704,350.0,2,18,3430.0
14444.0,6504.061127317704,350.0,2,18,3430.0
14445.0,6505.061127317704,350.0,2,18,3430.0
14446.0,6506.061127317704,350.0,2,18,3430.0
14447.0,6507.061127317704,350.0,2,18,3430.0
14448.0,6508.061127317704,350.0,2,18,3430.0
14449.0,6509.061127317704,350.0,2,18,3430.0
14450.0,6510.061127317704,350.0,2,18,3430.0
14451.0,6511.061127317704,350.0,2,18,3430.0
14452.0,6512.061127317704,350.0,2,18,3430.0
14453.0,6513.061127317704,350.0,2,18,3430.0
14454.0,6514.061127317704,350.0,2,18,3430.0
14455.0,6515.061127317704,350.0,2,18,3430.0
14456.0,6516.061127317704,350.0,2,18,3430.0
14457.0,6517.061127317704,350.0,2,18,3430.0
14458.0,6518.061127317704,350.0,2,18,3430.0
14459.0,6519.061127317704,350.0,2,18,3430.0
14460.0,6520.061127317704,350.0,2,18,3430.0
14461.0,6521.061127317704,350.0,2,18,3430.0
14462.0,6522.061127317704,350.0,2,18,3430.0
14463.0,6523.061127317704,350.0,2,18,3430.0
14464.0,6524.061127317704,350.0,2,18,3430.0
14465.0,6525.061127317704,350.0,2,18,3430.0
14466.0,6526.061127317704,350.0,2,18,3430.0
14467.0,6527.061127317704,350.0,2,18,3430.0
14468.0,6528.061127317704,350.0,2,18,3430.0
14469.0,6529.061127317704,350.0,2,18,3430.0
14470.0,6530.061127317704,350.0,2,18,3430.0
14471.0,6531.061127317704,350.0,2,18,3430.0
14472.0,6532.061127317704,350.0,2,18,3430.0
14473.0,6533.061127317704,350.0,2,18,3430.0
14474.0,6534.061127317704,350.0,2,18,3430.0
14475.0,6535.061127317704,350.0,2,18,3430.0
14476.0,6536.061127317704,350.0,2,18,3430.0
14477.0,6537.061127317704,350.0,2,18,3430.0
14478.0,6538.061127317704,350.0,2,18,3430.0
14479.0,6539.061127317704,350.0,2,18,3430.0
14480.0,6540.061127317704,350.0,2,18,3430.0
14481.0,6541.061127317704,350.0,2,18,3430.0
14482.0,6542.061127317704,350.0,2,18,3430.0
14483.0,6543.061127317704,350.0,2,18,3430.0
14484.0,6544.061127317704,350.0,2,18,3430.0
14485.0,6545.061127317704,350.0,2,18,3430.0
14486.0,6546.061127317704,350.0,2,18,3430.0
14487.0,6547.061127317704,350.0,2,18,3430.0
14488.0,6548.061127317704,350.0,2,18,3430.0
14489.0,6549.061127317704,350.0,2,18,3430.0
14490.0,6550.061127317704,350.0,2,18,3430.0
14491.0,6551.061127317704,350.0,2,18,3430.0
14492.0,6552.061127317704,350.0,2,18,3430.0
14493.0,6553.061127317704,350.0,2,18,3430.0
14494.0,6554.061127317704,350.0,2,18,3430.0
14495.0,6555.061127317704,350.0,2,18,3430.0
14496.0,6556.061127317704,350.0,2,18,3430.0
14497.0,6557.061127317704,350.0,2,18,3430.0
14498.0,6558.061127317704,350.0,2,18,3430.0
14499.0,6559.061127317704,350.0,2,18,3430.0
14500.0,6560.061127317704,350.0,2,18,3430.0
14501.0,6561.061127317704,350.0,2,18,3430.0
14502.0,6562.061127317704,350.0,2,18,3430.0
14503.0,6563.061127317704,350.0,2,18,3430.0
14504.0,6564.061127317704,350.0,2,18,3430.0
14505.0,6565.061127317704,350.0,2,18,3430.0
14506.0,6566.061127317704,350.0,2,18,3430.0
14507.0,6567.061127317704,350.0,2,18,3430.0
14508.0,6568.061127317704,350.0,2,18,3430.0
14509.0,6569.061127317704,350.0,2,18,3430.0
14510.0,6570.061127317704,350.0,2,18,3430.0
14511.0,6571.061127317704,350.0,2,18,3430.0
14512.0,6572.061127317704,350.0,2,18,3430.0
14513.0,6573.061127317704,350.0,2,18,3430.0
14514.0,6574.061127317704,350.0,2,18,3430.0
14515.0,6575.061127317704,350.0,2,18,3430.0
14516.0,6576.061127317704,350.0,2,18,3430.0
14517.0,6577.061127317704,350.0,2,18,3430.0
14518.0,6578.061127317704,350.0,2,18,3430.0
14519.0,6579.061127317704,350.0,2,18,3430.0
14520.0,6580.061127317704,350.0,2,18,3430.0
14521.0,6581.061127317704,350.0,2,18,3430.0
14522.0,6582.061127317704,350.0,2,18,3430.0
14523.0,6583.061127317704,350.0,2,18,3430.0
14524.0,6584.061127317704,350.0,2,18,3430.0
14525.0,6585.061127317704,350.0,2,18,3430.0
14526.0,6586.061127317704,350.0,2,18,3430.0
14527.0,6587.061127317704,350.0,2,18,3430.0
14528.0,6588.061127317704,350.0,2,18,3430.0
14529.0,6589.061127317704,350.0,2,18,3430.0
14530.0,6590.061127317704,350.0,2,18,3430.0
14531.0,6591.061127317704,350.0,2,18,3430.0
14532.0,6592.061127317704,350.0,2,18,3430.0
14533.0,6593.061127317704,350.0,2,18,3430.0
14534.0,6594.061127317704,350.0,2,18,3430.0
14535.0,6595.061127317704,350.0,2,18,3430.0
14536.0,6596.061127317704,350.0,2,18,3430.0
14537.0,6597.061127317704,350.0,2,18,3430.0
14538.0,6598.061127317704,350.0,2,18,3430.0
14539.0,6599.061127317704,350.0,2,18,3430.0
14540.0,6600.061127317704,350.0,2,18,3430.0
14541.0,6601.061127317704,350.0,2,18,3430.0
14542.0,6602.061127317704,350.0,2,18,3430.0
14543.0,6603.061127317704,350.0,2,18,3430.0
14544.0,6604.061127317704,350.0,2,18,3430.0
14545.0,6605.061127317704,350.0,2,18,3430.0
14546.0,6606.061127317704,350.0,2,18,3430.0
14547.0,6607.061127317704,350.0,2,18,3430.0
14548.0,6608.061127317704,350.0,2,18,3430.0
14549.0,6609.061127317704,350.0,2,18,3430.0
14550.0,6610.061127317704,350.0,2,18,3430.0
14551.0,6611.061127317704,350.0,2,18,3430.0
14552.0,6612.061127317704,350.0,2,18,3430.0
14553.0,6613.061127317704,350.0,2,18,3430.0
14554.0,6614.061127317704,350.0,2,18,3430.0
14555.0,6615.061127317704,350.0,2,18,3430.0
14556.0,6616.061127317704,350.0,2,18,3430.0
14557.0,6617.061127317704,350.0,2,18,3430.0
14558.0,6618.061127317704,350.0,2,18,3430.0
14559.0,6619.061127317704,350.0,2,18,3430.0
14560.0,6620.061127317704,350.0,2,18,3430.0
14561.0,6621.061127317704,350.0,2,18,3430.0
14562.0,6622.061127317704,350.0,2,18,3430.0
14563.0,6623.061127317704,350.0,2,18,3430.0
14564.0,6624.061127317704,350.0,2,18,3430.0
14565.0,6625.061127317704,350.0,2,18,3430.0
14566.0,6626.061127317704,350.0,2,18,3430.0
14567.0,6627.061127317704,350.0,2,18,3430.0
14568.0,6628.061127317704,350.0,2,18,3430.0
14569.0,6629.061127317704,350.0,2,18,3430.0
14570.0,6630.061127317704,350.0,2,18,3430.0
14571.0,6631.061127317704,350.0,2,18,3430.0
14572.0,6632.061127317704,350.0,2,18,3430.0
14573.0,6633.061127317704,350.0,2,18,3430.0
14574.0,6634.061127317704,350.0,2,18,3430.0
14575.0,6635.061127317704,350.0,2,18,3430.0
14576.0,6636.061127317704,350.0,2,18,3430.0
14577.0,6637.061127317704,350.0,2,18,3430.0
14578.0,6638.061127317704,350.0,2,18,3430.0
14579.0,6639.061127317704,350.0,2,18,3430.0
14580.0,6640.061127317704,350.0,2,18,3430.0
14581.0,6641.061127317704,350.0,2,18,3430.0
14582.0,6642.061127317704,350.0,2,18,3430.0
14583.0,6643.061127317704,350.0,2,18,3430.0
14584.0,6644.061127317704,350.0,2,18,3430.0
14585.0,6645.061127317704,350.0,2,18,3430.0
14586.0,6646.061127317704,350.0,2,18,3430.0
14587.0,6647.061127317704,350.0,2,18,3430.0
14588.0,6648.061127317704,350.0,2,18,3430.0
14589.0,6649.061127317704,350.0,2,18,3430.0
14590.0,6650.061127317704,350.0,2,18,3430.0
14591.0,6651.061127317704,350.0,2,18,3430.0
14592.0,6652.061127317704,350.0,2,18,3430.0
14593.0,6653.061127317704,350.0,2,18,3430.0
14594.0,6654.061127317704,350.0,2,18,3430.0
14595.0,6655.061127317704,350.0,2,18,3430.0
14596.0,6656.061127317704,350.0,2,18,3430.0
14597.0,6657.061127317704,350.0,2,18,3430.0
14598.0,6658.061127317704,350.0,2,18,3430.0
14599.0,6659.061127317704,350.0,2,18,3430.0
14600.0,6660.061127317704,350.0,2,18,3430.0
14601.0,6661.061127317704,350.0,2,18,3430.0
14602.0,6662.061127317704,350.0,2,18,3430.0
14603.0,6663.061127317704,350.0,2,18,3430.0
14604.0,6664.061127317704,350.0,2,18,3430.0
14605.0,6665.061127317704,350.0,2,18,3430.0
14606.0,6666.061127317704,350.0,2,18,3430.0
14607.0,6667.061127317704,350.0,2,18,3430.0
14608.0,6668.061127317704,350.0,2,18,3430.0
14609.0,6669.061127317704,350.0,2,18,3430.0
14610.0,6670.061127317704,350.0,2,18,3430.0
14611.0,6671.061127317704,350.0,2,18,3430.0
14612.0,6672.061127317704,350.0,2,18,3430.0
14613.0,6673.061127317704,350.0,2,18,3430.0
14614.0,6674.061127317704,350.0,2,18,3430.0
14615.0,6675.061127317704,350.0,2,18,3430.0
14616.0,6676.061127317704,350.0,2,18,3430.0
14617.0,6677.061127317704,350.0,2,18,3430.0
14618.0,6678.061127317704,350.0,2,18,3430.0
14619.0,6679.061127317704,350.0,2,18,3430.0
14620.0,6680.061127317704,350.0,2,18,3430.0
14621.0,6681.061127317704,350.0,2,18,3430.0
14622.0,6682.061127317704,350.0,2,18,3430.0
14623.0,6683.061127317704,350.0,2,18,3430.0
14624.0,6684.061127317704,350.0,2,18,3430.0
14625.0,6685.061127317704,350.0,2,18,3430.0
14626.0,6686.061127317704,350.0,2,18,3430.0
14627.0,6687.061127317704,350.0,2,18,3430.0
14628.0,6688.061127317704,350.0,2,18,3430.0
14629.0,6689.061127317704,350.0,2,18,3430.0
14630.0,6690.061127317704,350.0,2,18,3430.0
14631.0,6691.061127317704,350.0,2,18,3430.0
14632.0,6692.061127317704,350.0,2,18,3430.0
14633.0,6693.061127317704,350.0,2,18,3430.0
14634.0,6694.061127317704,350.0,2,18,3430.0
14635.0,6695.061127317704,350.0,2,18,3430.0
14636.0,6696.061127317704,350.0,2,18,3430.0
14637.0,6697.061127317704,350.0,2,18,3430.0
14638.0,6698.061127317704,350.0,2,18,3430.0
14639.0,6699.061127317704,350.0,2,18,3430.0
14640.0,6700.061127317704,350.0,2,18,3430.0
14641.0,6701.061127317704,350.0,2,18,3430.0
14642.0,6702.061127317704,350.0,2,18,3430.0
14643.0,6703.061127317704,350.0,2,18,3430.0
14644.0,6704.061127317704,350.0,2,18,3430.0
14645.0,6705.061127317704,350.0,2,18,3430.0
14646.0,6706.061127317704,350.0,2,18,3430.0
14647.0,6707.061127317704,350.0,2,18,3430.0
14648.0,6708.061127317704,350.0,2,18,3430.0
14649.0,6709.061127317704,350.0,2,18,3430.0
14650.0,6710.061127317704,350.0,2,18,3430.0
14651.0,6711.061127317704,350.0,2,18,3430.0
14652.0,6712.061127317704,350.0,2,18,3430.0
14653.0,6713.061127317704,350.0,2,18,3430.0
14654.0,6714.061127317704,350.0,2,18,3430.0
14655.0,6715.061127317704,350.0,2,18,3430.0
14656.0,6716.061127317704,350.0,2,18,3430.0
14657.0,6717.061127317704,350.0,2,18,3430.0
14658.0,6718.061127317704,350.0,2,18,3430.0
14659.0,6719.061127317704,350.0,2,18,3430.0
14660.0,6720.061127317704,350.0,2,18,3430.0
14661.0,6721.061127317704,350.0,2,18,3430.0
14662.0,6722.061127317704,350.0,2,18,3430.0
14663.0,6723.061127317704,350.0,2,18,3430.0
14664.0,6724.061127317704,350.0,2,18,3430.0
14665.0,6725.061127317704,350.0,2,18,3430.0
14666.0,6726.061127317704,350.0,2,18,3430.0
14667.0,6727.061127317704,350.0,2,18,3430.0
14668.0,6728.061127317704,350.0,2,18,3430.0
14669.0,6729.061127317704,350.0,2,18,3430.0
14670.0,6730.061127317704,350.0,2,18,3430.0
14671.0,6731.061127317704,350.0,2,18,3430.0
14672.0,6732.061127317704,350.0,2,18,3430.0
14673.0,6733.061127317704,350.0,2,18,3430.0
14674.0,6734.061127317704,350.0,2,18,3430.0
14675.0,6735.061127317704,350.0,2,18,3430.0
14676.0,6736.061127317704,350.0,2,18,3430.0
14677.0,6737.061127317704,350.0,2,18,3430.0
14678.0,6738.061127317704,350.0,2,18,3430.0
14679.0,6739.061127317704,350.0,2,18,3430.0
14680.0,6740.061127317704,350.0,2,18,3430.0
14681.0,6741.061127317704,350.0,2,18,3430.0
14682.0,6742.061127317704,350.0,2,18,3430.0
14683.0,6743.061127317704,350.0,2,18,3430.0
14684.0,6744.061127317704,350.0,2,18,3430.0
14685.0,6745.061127317704,350.0,2,18,3430.0
14686.0,6746.061127317704,350.0,2,18,3430.0
14687.0,6747.061127317704,350.0,2,18,3430.0
14688.0,6748.061127317704,350.0,2,18,3430.0
14689.0,6749.061127317704,350.0,2,18,3430.0
14690.0,6750.061127317704,350.0,2,18,3430.0
14691.0,6751.061127317704,350.0,2,18,3430.0
14692.0,6752.061127317704,350.0,2,18,3430.0
14693.0,6753.061127317704,350.0,2,18,3430.0
14694.0,6754.061127317704,350.0,2,18,3430.0
14695.0,6755.061127317704,350.0,2,18,3430.0
14696.0,6756.061127317704,350.0,2,18,3430.0
14697.0,6757.061127317704,350.0,2,18,3430.0
14698.0,6758.061127317704,350.0,2,18,3430.0
14699.0,6759.061127317704,350.0,2,18,3430.0
14700.0,6760.061127317704,350.0,2,18,3430.0
14701.0,6761.061127317704,350.0,2,18,3430.0
14702.0,6762.061127317704,350.0,2,18,3430.0
14703.0,6763.061127317704,350.0,2,18,3430.0
14704.0,6764.061127317704,350.0,2,18,3430.0
14705.0,6765.061127317704,350.0,2,18,3430.0
14706.0,6766.061127317704,350.0,2,18,3430.0
14707.0,6767.061127317704,350.0,2,18,3430.0
14708.0,6768.061127317704,350.0,2,18,3430.0
14709.0,6769.061127317704,350.0,2,18,3430.0
14710.0,6770.061127317704,350.0,2,18,3430.0
14711.0,6771.061127317704,350.0,2,18,3430.0
14712.0,6772.061127317704,350.0,2,18,3430.0
14713.0,6773.061127317704,350.0,2,18,3430.0
14714.0,6774.061127317704,350.0,2,18,3430.0
14715.0,6775.061127317704,350.0,2,18,3430.0
14716.0,6776.061127317704,350.0,2,18,3430.0
14717.0,6777.061127317704,350.0,2,18,3430.0
14718.0,6778.061127317704,350.0,2,18,3430.0
14719.0,6779.061127317704,350.0,2,18,3430.0
14720.0,6780.061127317704,350.0,2,18,3430.0
14721.0,6781.061127317704,350.0,2,18,3430.0
14722.0,6782.061127317704,350.0,2,18,3430.0
14723.0,6783.061127317704,350.0,2,18,3430.0
14724.0,6784.061127317704,350.0,2,18,3430.0
14725.0,6785.061127317704,350.0,2,18,3430.0
14726.0,6786.061127317704,350.0,2,18,3430.0
14727.0,6787.061127317704,350.0,2,18,3430.0
14728.0,6788.061127317704,350.0,2,18,3430.0
14729.0,6789.061127317704,350.0,2,18,3430.0
14730.0,6790.061127317704,350.0,2,18,3430.0
14731.0,6791.061127317704,350.0,2,18,3430.0
14732.0,6792.061127317704,350.0,2,18,3430.0
14733.0,6793.061127317704,350.0,2,18,3430.0
14734.0,6794.061127317704,350.0,2,18,3430.0
14735.0,6795.061127317704,350.0,2,18,3430.0
14736.0,6796.061127317704,350.0,2,18,3430.0
14737.0,6797.061127317704,350.0,2,18,3430.0
14738.0,6798.061127317704,350.0,2,18,3430.0
14739.0,6799.061127317704,350.0,2,18,3430.0
14740.0,6800.061127317704,350.0,2,18,3430.0
14741.0,6801.061127317704,350.0,2,18,3430.0
14742.0,6802.061127317704,350.0,2,18,3430.0
14743.0,6803.061127317704,350.0,2,18,3430.0
14744.0,6804.061127317704,350.0,2,18,3430.0
14745.0,6805.061127317704,350.0,2,18,3430.0
14746.0,6806.061127317704,350.0,2,18,3430.0
14747.0,6807.061127317704,350.0,2,18,3430.0
14748.0,6808.061127317704,350.0,2,18,3430.0
14749.0,6809.061127317704,350.0,2,18,3430.0
14750.0,6810.061127317704,350.0,2,18,3430.0
14751.0,6811.061127317704,350.0,2,18,3430.0
14752.0,6812.061127317704,350.0,2,18,3430.0
14753.0,6813.061127317704,350.0,2,18,3430.0
14754.0,6814.061127317704,350.0,2,18,3430.0
14755.0,6815.061127317704,350.0,2,18,3430.0
14756.0,6816.061127317704,350.0,2,18,3430.0
14757.0,6817.061127317704,350.0,2,18,3430.0
14758.0,6818.061127317704,350.0,2,18,3430.0
14759.0,6819.061127317704,350.0,2,18,3430.0
14760.0,6820.061127317704,350.0,2,18,3430.0
14761.0,6821.061127317704,350.0,2,18,3430.0
14762.0,6822.061127317704,350.0,2,18,3430.0
14763.0,6823.061127317704,350.0,2,18,3430.0
14764.0,6824.061127317704,350.0,2,18,3430.0
14765.0,6825.061127317704,350.0,2,18,3430.0
14766.0,6826.061127317704,350.0,2,18,3430.0
14767.0,6827.061127317704,350.0,2,18,3430.0
14768.0,6828.061127317704,350.0,2,18,3430.0
14769.0,6829.061127317704,350.0,2,18,3430.0
14770.0,6830.061127317704,350.0,2,18,3430.0
14771.0,6831.061127317704,350.0,2,18,3430.0
14772.0,6832.049667314363,350.0,2,18,3430.0
14773.0,6833.018436511089,350.0,2,18,3430.0
14774.0,6833.967830323881,350.0,2,18,3430.0
14775.0,6834.8982362604165,350.0,2,18,3430.0
14776.0,6835.810034078221,350.0,2,18,3430.0
14777.0,6836.210034078221,350.0,2,18,3430.0
14778.0,6836.627150316429,350.0,2,18,3430.0
14779.0,6837.4344297401285,350.0,2,18,3430.0
14780.0,6838.637768762801,350.0,2,18,3430.0
14781.0,6840.239055952338,350.0,2,18,3430.0
14782.0,6842.239095759067,350.0,2,18,3430.0
14783.0,6844.638299656866,350.0,2,18,3430.0
14784.0,6847.436905071191,350.0,2,18,3430.0
14785.0,6850.635061060598,350.0,2,18,3430.0
14786.0,6854.232867205101,350.0,2,18,3430.0
14787.0,6858.23039327264,350.0,2,18,3430.0
14788.0,6862.627690016507,350.0,2,18,3430.0
14789.0,6867.424795498281,350.0,2,18,3430.0
14790.0,6872.621738987915,350.0,2,18,3430.0
14791.0,6878.218543474401,350.0,2,18,3430.0
14792.0,6884.215227340852,350.0,2,18,3430.0
14793.0,6890.611805516577,350.0,2,18,3430.0
14794.0,6897.4082902904365,350.0,2,18,3430.0
14795.0,6904.604691898233,350.0,2,18,3430.0
14796.0,6912.201018955489,350.0,2,18,3430.0
14797.0,6920.197278781937,350.0,2,18,3430.0
14798.0,6928.197278781937,350.0,2,18,3430.0
14799.0,6936.197278781937,350.0,2,18,3430.0
14800.0,6944.197278781937,350.0,2,18,3430.0
14801.0,6952.197278781937,350.0,2,18,3430.0
14802.0,6960.197278781937,350.0,2,18,3430.0
14803.0,6968.197278781937,350.0,2,18,3430.0
14804.0,6976.197278781937,350.0,2,18,3430.0
14805.0,6984.197278781937,350.0,2,18,3430.0
14806.0,6992.197278781937,350.0,2,18,3430.0
14807.0,7000.197278781937,350.0,2,18,3430.0
14808.0,7008.197278781937,350.0,2,18,3430.0
14809.0,7016.197278781937,350.0,2,18,3430.0
14810.0,7024.197278781937,350.0,2,18,3430.0
14811.0,7032.197278781937,350.0,2,18,3430.0
14812.0,7040.197278781937,350.0,2,18,3430.0
14813.0,7048.197278781937,350.0,2,18,3430.0
14814.0,7056.197278781937,350.0,2,18,3430.0
14815.0,7064.197278781937,350.0,2,18,3430.0
14816.0,7072.197278781937,350.0,2,18,3430.0
14817.0,7080.197278781937,350.0,2,18,3430.0
14818.0,7088.197278781937,350.0,2,18,3430.0
14819.0,7096.197278781937,350.0,2,18,3430.0
14820.0,7104.197278781937,350.0,2,18,3430.0
14821.0,7112.197278781937,350.0,2,18,3430.0
14822.0,7120.197278781937,350.0,2,18,3430.0
14823.0,7128.197278781937,350.0,2,18,3430.0
14824.0,7136.197278781937,350.0,2,18,3430.0
14825.0,7144.197278781937,350.0,2,18,3430.0
14826.0,7152.197278781937,350.0,2,18,3430.0
14827.0,7160.197278781937,350.0,2,18,3430.0
14828.0,7168.197278781937,350.0,2,18,3430.0
14829.0,7176.197278781937,350.0,2,18,3430.0
14830.0,7184.197278781937,350.0,2,18,3430.0
14831.0,7192.197278781937,350.0,2,18,3430.0
14832.0,7200.197278781937,350.0,2,18,3430.0
14833.0,7208.197278781937,350.0,2,18,3430.0
14834.0,7216.197278781937,350.0,2,18,3430.0
14835.0,7224.197278781937,350.0,2,18,3430.0
14836.0,7232.197278781937,350.0,2,18,3430.0
14837.0,7240.197278781937,350.0,2,18,3430.0
14838.0,7248.197278781937,350.0,2,18,3430.0
14839.0,7256.197278781937,350.0,2,18,3430.0
14840.0,7264.197278781937,350.0,2,18,3430.0
14841.0,7272.197278781937,350.0,2,18,3430.0
14842.0,7280.197278781937,350.0,2,18,3430.0
14843.0,7288.197278781937,350.0,2,18,3430.0
14844.0,7296.197278781937,350.0,2,18,3430.0
14845.0,7304.197278781937,350.0,2,18,3430.0
14846.0,7312.197278781937,350.0,2,18,3430.0
14847.0,7320.197278781937,350.0,2,18,3430.0
14848.0,7328.197278781937,350.0,2,18,3430.0
14849.0,7336.197278781937,350.0,2,18,3430.0
14850.0,7344.197278781937,350.0,2,18,3430.0
14851.0,7352.197278781937,350.0,2,18,3430.0
14852.0,7360.197278781937,350.0,2,18,3430.0
14853.0,7368.197278781937,350.0,2,18,3430.0
14854.0,7376.197278781937,350.0,2,18,3430.0
14855.0,7384.197278781937,350.0,2,18,3430.0
14856.0,7392.197278781937,350.0,2,18,3430.0
14857.0,7400.197278781937,350.0,2,18,3430.0
14858.0,7408.197278781937,350.0,2,18,3430.0
14859.0,7416.197278781937,350.0,2,18,3430.0
14860.0,7424.197278781937,350.0,2,18,3430.0
14861.0,7432.197278781937,350.0,2,18,3430.0
14862.0,7440.197278781937,350.0,2,18,3430.0
14863.0,7448.197278781937,350.0,2,18,3430.0
14864.0,7456.197278781937,350.0,2,18,3430.0
14865.0,7464.197278781937,350.0,2,18,3430.0
14866.0,7472.197278781937,350.0,2,18,3430.0
14867.0,7480.197278781937,350.0,2,18,3430.0
14868.0,7488.197278781937,350.0,2,18,3430.0
14869.0,7496.197278781937,350.0,2,18,3430.0
14870.0,7504.197278781937,350.0,2,18,3430.0
14871.0,7512.197278781937,350.0,2,18,3430.0
14872.0,7520.197278781937,350.0,2,18,3430.0
14873.0,7528.197278781937,350.0,2,18,3430.0
14874.0,7536.197278781937,350.0,2,18,3430.0
14875.0,7544.197278781937,350.0,2,18,3430.0
14876.0,7552.197278781937,350.0,2,18,3430.0
14877.0,7560.197278781937,350.0,2,18,3430.0
14878.0,7568.197278781937,350.0,2,18,3430.0
14879.0,7576.197278781937,350.0,2,18,3430.0
14880.0,7584.197278781937,350.0,2,18,3430.0
14881.0,7592.197278781937,350.0,2,18,3430.0
14882.0,7600.197278781937,350.0,2,18,3430.0
14883.0,7608.197278781937,350.0,2,18,3430.0
14884.0,7616.197278781937,350.0,2,18,3430.0
14885.0,7624.197278781937,350.0,2,18,3430.0
14886.0,7632.197278781937,350.0,2,18,3430.0
14887.0,7640.197278781937,350.0,2,18,3430.0
14888.0,7648.197278781937,350.0,2,18,3430.0
14889.0,7656.197278781937,350.0,2,18,3430.0
14890.0,7664.197278781937,350.0,2,18,3430.0
14891.0,7672.197278781937,350.0,2,18,3430.0
14892.0,7680.197278781937,350.0,2,18,3430.0
14893.0,7688.197278781937,350.0,2,18,3430.0
14894.0,7696.197278781937,350.0,2,18,3430.0
14895.0,7704.197278781937,350.0,2,18,3430.0
14896.0,7712.197278781937,350.0,2,18,3430.0
14897.0,7720.197278781937,350.0,2,18,3430.0
14898.0,7728.197278781937,350.0,2,18,3430.0
14899.0,7736.197278781937,350.0,2,18,3430.0
14900.0,7744.197278781937,350.0,2,18,3430.0
14901.0,7752.197278781937,350.0,2,18,3430.0
14902.0,7760.197278781937,350.0,2,18,3430.0
14903.0,7768.197278781937,350.0,2,18,3430.0
14904.0,7776.197278781937,350.0,2,18,3430.0
14905.0,7784.197278781937,350.0,2,18,3430.0
14906.0,7792.197278781937,350.0,2,18,3430.0
14907.0,7800.197278781937,350.0,2,18,3430.0
14908.0,7808.197278781937,350.0,2,18,3430.0
14909.0,7816.197278781937,350.0,2,18,3430.0
14910.0,7824.197278781937,350.0,2,18,3430.0
14911.0,7832.197278781937,350.0,2,18,3430.0
14912.0,7840.197278781937,350.0,2,18,3430.0
14913.0,7848.197278781937,350.0,2,18,3430.0
14914.0,7856.197278781937,350.0,2,18,3430.0
14915.0,7864.197278781937,350.0,2,18,3430.0
14916.0,7872.197278781937,350.0,2,18,3430.0
14917.0,7880.197278781937,350.0,2,18,3430.0
14918.0,7888.197278781937,350.0,2,18,3430.0
14919.0,7896.197278781937,350.0,2,18,3430.0
14920.0,7904.197278781937,350.0,2,18,3430.0
14921.0,7912.197278781937,350.0,2,18,3430.0
14922.0,7920.197278781937,350.0,2,18,3430.0
14923.0,7928.197278781937,350.0,2,18,3430.0
14924.0,7936.197278781937,350.0,2,18,3430.0
14925.0,7944.197278781937,350.0,2,18,3430.0
14926.0,7952.197278781937,350.0,2,18,3430.0
14927.0,7960.197278781937,350.0,2,18,3430.0
14928.0,7968.197278781937,350.0,2,18,3430.0
14929.0,7976.197278781937,350.0,2,18,3430.0
14930.0,7984.197278781937,350.0,2,18,3430.0
14931.0,7992.197278781937,350.0,2,18,3430.0
14932.0,8000.197278781937,350.0,2,18,3430.0
14933.0,8008.197278781937,350.0,2,18,3430.0
14934.0,8016.197278781937,350.0,2,18,3430.0
14935.0,8024.197278781937,350.0,2,18,3430.0
14936.0,8032.197278781937,350.0,2,18,3430.0
14937.0,8040.197278781937,350.0,2,18,3430.0
14938.0,8048.197278781937,350.0,2,18,3430.0
14939.0,8056.197278781937,350.0,2,18,3430.0
14940.0,8064.197278781937,350.0,2,18,3430.0
14941.0,8072.197278781937,350.0,2,18,3430.0
14942.0,8080.197278781937,350.0,2,18,3430.0
14943.0,8088.197278781937,350.0,2,18,3430.0
14944.0,8096.197278781937,350.0,2,18,3430.0
14945.0,8104.197278781937,350.0,2,18,3430.0
14946.0,8112.197278781937,350.0,2,18,3430.0
14947.0,8120.197278781937,350.0,2,18,3430.0
14948.0,8128.197278781937,350.0,2,18,3430.0
14949.0,8136.197278781937,350.0,2,18,3430.0
14950.0,8144.197278781937,350.0,2,18,3430.0
14951.0,8152.197278781937,350.0,2,18,3430.0
14952.0,8160.197278781937,350.0,2,18,3430.0
14953.0,8168.197278781937,350.0,2,18,3430.0
14954.0,8176.197278781937,350.0,2,18,3430.0
14955.0,8184.197278781937,350.0,2,18,3430.0
14956.0,8192.197278781936,350.0,2,18,3430.0
14957.0,8200.197278781936,350.0,2,18,3430.0
14958.0,8208.197278781936,350.0,2,18,3430.0
14959.0,8216.197278781936,350.0,2,18,3430.0
14960.0,8224.197278781936,350.0,2,18,3430.0
14961.0,8232.197278781936,350.0,2,18,3430.0
14962.0,8240.197278781936,350.0,2,18,3430.0
14963.0,8248.197278781936,350.0,2,18,3430.0
14964.0,8256.197278781936,350.0,2,18,3430.0
14965.0,8264.197278781936,350.0,2,18,3430.0
14966.0,8272.197278781936,350.0,2,18,3430.0
14967.0,8280.197278781936,350.0,2,18,3430.0
14968.0,8288.197278781936,350.0,2,18,3430.0
14969.0,8296.197278781936,350.0,2,18,3430.0
14970.0,8304.197278781936,350.0,2,18,3430.0
14971.0,8312.197278781936,350.0,2,18,3430.0
14972.0,8320.197278781936,350.0,2,18,3430.0
14973.0,8328.197278781936,350.0,2,18,3430.0
14974.0,8336.197278781936,350.0,2,18,3430.0
14975.0,8344.197278781936,350.0,2,18,3430.0
14976.0,8352.197278781936,350.0,2,18,3430.0
14977.0,8360.197278781936,350.0,2,18,3430.0
14978.0,8368.197278781936,350.0,2,18,3430.0
14979.0,8376.197278781936,350.0,2,18,3430.0
14980.0,8384.197278781936,350.0,2,18,3430.0
14981.0,8392.197278781936,350.0,2,18,3430.0
14982.0,8400.197278781936,350.0,2,18,3430.0
14983.0,8408.197278781936,350.0,2,18,3430.0
14984.0,8416.197278781936,350.0,2,18,3430.0
14985.0,8424.197278781936,350.0,2,18,3430.0
14986.0,8432.197278781936,350.0,2,18,3430.0
14987.0,8440.197278781936,350.0,2,18,3430.0
14988.0,8448.197278781936,350.0,2,18,3430.0
14989.0,8456.197278781936,350.0,2,18,3430.0
14990.0,8464.197278781936,350.0,2,18,3430.0
14991.0,8472.197278781936,350.0,2,18,3430.0
14992.0,8480.197278781936,350.0,2,18,3430.0
14993.0,8488.197278781936,350.0,2,18,3430.0
14994.0,8496.197278781936,350.0,2,18,3430.0
14995.0,8504.197278781936,350.0,2,18,3430.0
14996.0,8512.197278781936,350.0,2,18,3430.0
14997.0,8520.197278781936,350.0,2,18,3430.0
14998.0,8528.197278781936,350.0,2,18,3430.0
14999.0,8536.197278781936,350.0,2,18,3430.0
15000.0,8544.197278781936,350.0,2,18,3430.0
15001.0,8552.197278781936,350.0,2,18,3430.0
15002.0,8560.197278781936,350.0,2,18,3430.0
15003.0,8568.197278781936,350.0,2,18,3430.0
15004.0,8576.197278781936,350.0,2,18,3430.0
15005.0,8584.197278781936,350.0,2,18,3430.0
15006.0,8592.197278781936,350.0,2,18,3430.0
15007.0,8600.197278781936,350.0,2,18,3430.0
15008.0,8608.197278781936,350.0,2,18,3430.0
15009.0,8616.197278781936,350.0,2,18,3430.0
15010.0,8624.197278781936,350.0,2,18,3430.0
15011.0,8632.197278781936,350.0,2,18,3430.0
15012.0,8640.197278781936,350.0,2,18,3430.0
15013.0,8648.197278781936,350.0,2,18,3430.0
15014.0,8656.197278781936,350.0,2,18,3430.0
15015.0,8664.197278781936,350.0,2,18,3430.0
15016.0,8672.197278781936,350.0,2,18,3430.0
15017.0,8680.197278781936,350.0,2,18,3430.0
15018.0,8688.197278781936,350.0,2,18,3430.0
15019.0,8696.197278781936,350.0,2,18,3430.0
15020.0,8704.197278781936,350.0,2,18,3430.0
15021.0,8712.197278781936,350.0,2,18,3430.0
15022.0,8720.197278781936,350.0,2,18,3430.0
15023.0,8728.197278781936,350.0,2,18,3430.0
15024.0,8736.197278781936,350.0,2,18,3430.0
15025.0,8744.197278781936,350.0,2,18,3430.0
15026.0,8752.197278781936,350.0,2,18,3430.0
15027.0,8760.197278781936,350.0,2,18,3430.0
15028.0,8768.197278781936,350.0,2,18,3430.0
15029.0,8776.197278781936,350.0,2,18,3430.0
15030.0,8784.197278781936,350.0,2,18,3430.0
15031.0,8792.197278781936,350.0,2,18,3430.0
15032.0,8800.197278781936,350.0,2,18,3430.0
15033.0,8808.197278781936,350.0,2,18,3430.0
15034.0,8816.197278781936,350.0,2,18,3430.0
15035.0,8824.197278781936,350.0,2,18,3430.0
15036.0,8832.197278781936,350.0,2,18,3430.0
15037.0,8840.197278781936,350.0,2,18,3430.0
15038.0,8848.197278781936,350.0,2,18,3430.0
15039.0,8856.197278781936,350.0,2,18,3430.0
15040.0,8864.197278781936,350.0,2,18,3430.0
15041.0,8872.197278781936,350.0,2,18,3430.0
15042.0,8880.197278781936,350.0,2,18,3430.0
15043.0,8888.197278781936,350.0,2,18,3430.0
15044.0,8896.197278781936,350.0,2,18,3430.0
15045.0,8904.197278781936,350.0,2,18,3430.0
15046.0,8912.197278781936,350.0,2,18,3430.0
15047.0,8920.197278781936,350.0,2,18,3430.0
15048.0,8928.197278781936,350.0,2,18,3430.0
15049.0,8936.197278781936,350.0,2,18,3430.0
15050.0,8944.197278781936,350.0,2,18,3430.0
15051.0,8952.197278781936,350.0,2,18,3430.0
15052.0,8960.197278781936,350.0,2,18,3430.0
15053.0,8968.197278781936,350.0,2,18,3430.0
15054.0,8976.197278781936,350.0,2,18,3430.0
15055.0,8984.197278781936,350.0,2,18,3430.0
15056.0,8992.197278781936,350.0,2,18,3430.0
15057.0,9000.197278781936,350.0,2,18,3430.0
15058.0,9008.197278781936,350.0,2,18,3430.0
15059.0,9016.197278781936,350.0,2,18,3430.0
15060.0,9024.197278781936,350.0,2,18,3430.0
15061.0,9032.197278781936,350.0,2,18,3430.0
15062.0,9040.197278781936,350.0,2,18,3430.0
15063.0,9048.197278781936,350.0,2,18,3430.0
15064.0,9056.197278781936,350.0,2,18,3430.0
15065.0,9064.197278781936,350.0,2,18,3430.0
15066.0,9072.197278781936,350.0,2,18,3430.0
15067.0,9080.197278781936,350.0,2,18,3430.0
15068.0,9088.197278781936,350.0,2,18,3430.0
15069.0,9096.197278781936,350.0,2,18,3430.0
15070.0,9104.197278781936,350.0,2,18,3430.0
15071.0,9112.197278781936,350.0,2,18,3430.0
15072.0,9120.197278781936,350.0,2,18,3430.0
15073.0,9128.197278781936,350.0,2,18,3430.0
15074.0,9136.197278781936,350.0,2,18,3430.0
15075.0,9144.197278781936,350.0,2,18,3430.0
15076.0,9152.197278781936,350.0,2,18,3430.0
15077.0,9160.197278781936,350.0,2,18,3430.0
15078.0,9168.197278781936,350.0,2,18,3430.0
15079.0,9176.197278781936,350.0,2,18,3430.0
15080.0,9184.197278781936,350.0,2,18,3430.0
15081.0,9192.197278781936,350.0,2,18,3430.0
15082.0,9200.197278781936,350.0,2,18,3430.0
15083.0,9208.197278781936,350.0,2,18,3430.0
15084.0,9216.197278781938,350.0,2,18,3430.0
15085.0,9224.197278781938,350.0,2,18,3430.0
15086.0,9232.197278781938,350.0,2,18,3430.0
15087.0,9240.197278781938,350.0,2,18,3430.0
15088.0,9248.197278781938,350.0,2,18,3430.0
15089.0,9256.197278781938,350.0,2,18,3430.0
15090.0,9264.197278781938,350.0,2,18,3430.0
15091.0,9272.197278781938,350.0,2,18,3430.0
15092.0,9280.197278781938,350.0,2,18,3430.0
15093.0,9288.197278781938,350.0,2,18,3430.0
15094.0,9296.197278781938,350.0,2,18,3430.0
15095.0,9304.197278781938,350.0,2,18,3430.0
15096.0,9312.197278781938,350.0,2,18,3430.0
15097.0,9320.197278781938,350.0,2,18,3430.0
15098.0,9328.197278781938,350.0,2,18,3430.0
15099.0,9336.197278781938,350.0,2,18,3430.0
15100.0,9344.197278781938,350.0,2,18,3430.0
15101.0,9352.197278781938,350.0,2,18,3430.0
15102.0,9360.197278781938,350.0,2,18,3430.0
15103.0,9368.197278781938,350.0,2,18,3430.0
15104.0,9376.197278781938,350.0,2,18,3430.0
15105.0,9384.197278781938,350.0,2,18,3430.0
15106.0,9392.197278781938,350.0,2,18,3430.0
15107.0,9400.197278781938,350.0,2,18,3430.0
15108.0,9408.197278781938,350.0,2,18,3430.0
15109.0,9416.197278781938,350.0,2,18,3430.0
15110.0,9424.197278781938,350.0,2,18,3430.0
15111.0,9432.197278781938,350.0,2,18,3430.0
15112.0,9440.197278781938,350.0,2,18,3430.0
15113.0,9448.197278781938,350.0,2,18,3430.0
15114.0,9456.197278781938,350.0,2,18,3430.0
15115.0,9464.197278781938,350.0,2,18,3430.0
15116.0,9472.197278781938,350.0,2,18,3430.0
15117.0,9480.197278781938,350.0,2,18,3430.0
15118.0,9488.197278781938,350.0,2,18,3430.0
15119.0,9496.197278781938,350.0,2,18,3430.0
15120.0,9504.197278781938,350.0,2,18,3430.0
15121.0,9512.197278781938,350.0,2,18,3430.0
15122.0,9520.197278781938,350.0,2,18,3430.0
15123.0,9528.197278781938,350.0,2,18,3430.0
15124.0,9536.197278781938,350.0,2,18,3430.0
15125.0,9544.197278781938,350.0,2,18,3430.0
15126.0,9552.197278781938,350.0,2,18,3430.0
15127.0,9560.197278781938,350.0,2,18,3430.0
15128.0,9568.197278781938,350.0,2,18,3430.0
15129.0,9576.197278781938,350.0,2,18,3430.0
15130.0,9584.197278781938,350.0,2,18,3430.0
15131.0,9592.197278781938,350.0,2,18,3430.0
15132.0,9600.197278781938,350.0,2,18,3430.0
15133.0,9608.197278781938,350.0,2,18,3430.0
15134.0,9616.197278781938,350.0,2,18,3430.0
15135.0,9624.197278781938,350.0,2,18,3430.0
15136.0,9632.197278781938,350.0,2,18,3430.0
15137.0,9640.197278781938,350.0,2,18,3430.0
15138.0,9648.197278781938,350.0,2,18,3430.0
15139.0,9656.197278781938,350.0,2,18,3430.0
15140.0,9664.197278781936,350.0,2,18,3430.0
15141.0,9672.197278781936,350.0,2,18,3430.0
15142.0,9680.197278781936,350.0,2,18,3430.0
15143.0,9688.197278781936,350.0,2,18,3430.0
15144.0,9696.197278781936,350.0,2,18,3430.0
15145.0,9704.197278781936,350.0,2,18,3430.0
15146.0,9712.197278781936,350.0,2,18,3430.0
15147.0,9720.197278781936,350.0,2,18,3430.0
15148.0,9728.197278781936,350.0,2,18,3430.0
15149.0,9736.197278781936,350.0,2,18,3430.0
15150.0,9744.197278781936,350.0,2,18,3430.0
15151.0,9752.197278781936,350.0,2,18,3430.0
15152.0,9760.197278781936,350.0,2,18,3430.0
15153.0,9768.197278781936,350.0,2,18,3430.0
15154.0,9776.197278781936,350.0,2,18,3430.0
15155.0,9784.197278781936,350.0,2,18,3430.0
15156.0,9792.197278781936,350.0,2,18,3430.0
15157.0,9800.197278781936,350.0,2,18,3430.0
15158.0,9808.197278781936,350.0,2,18,3430.0
15159.0,9816.197278781936,350.0,2,18,3430.0
15160.0,9824.197278781936,350.0,2,18,3430.0
15161.0,9832.197278781936,350.0,2,18,3430.0
15162.0,9840.197278781936,350.0,2,18,3430.0
15163.0,9848.197278781936,350.0,2,18,3430.0
15164.0,9856.197278781936,350.0,2,18,3430.0
15165.0,9864.197278781936,350.0,2,18,3430.0
15166.0,9872.197278781936,350.0,2,18,3430.0
15167.0,9880.197278781936,350.0,2,18,3430.0
15168.0,9888.197278781936,350.0,2,18,3430.0
15169.0,9896.197278781936,350.0,2,18,3430.0
15170.0,9904.197278781936,350.0,2,18,3430.0
15171.0,9912.197278781936,350.0,2,18,3430.0
15172.0,9920.197278781936,350.0,2,18,3430.0
15173.0,9928.197278781936,350.0,2,18,3430.0
15174.0,9936.197278781936,350.0,2,18,3430.0
15175.0,9944.197278781936,350.0,2,18,3430.0
15176.0,9952.197278781936,350.0,2,18,3430.0
15177.0,9960.197278781936,350.0,2,18,3430.0
15178.0,9968.197278781936,350.0,2,18,3430.0
15179.0,9976.197278781936,350.0,2,18,3430.0
15180.0,9984.197278781936,350.0,2,18,3430.0
15181.0,9992.197278781936,350.0,2,18,3430.0
15182.0,10000.197278781936,350.0,2,18,3430.0
15183.0,10008.197278781936,350.0,2,18,3430.0
15184.0,10016.197278781936,350.0,2,18,3430.0
15185.0,10024.197278781936,350.0,2,18,3430.0
15186.0,10032.197278781936,350.0,2,18,3430.0
15187.0,10040.197278781936,350.0,2,18,3430.0
15188.0,10048.197278781936,350.0,2,18,3430.0
15189.0,10056.197278781936,350.0,2,18,3430.0
15190.0,10064.197278781936,350.0,2,18,3430.0
15191.0,10072.197278781936,350.0,2,18,3430.0
15192.0,10080.197278781936,350.0,2,18,3430.0
15193.0,10088.197278781936,350.0,2,18,3430.0
15194.0,10096.197278781936,350.0,2,18,3430.0
15195.0,10104.197278781936,350.0,2,18,3430.0
15196.0,10112.197278781936,350.0,2,18,3430.0
15197.0,10120.197278781936,350.0,2,18,3430.0
15198.0,10128.197278781936,350.0,2,18,3430.0
15199.0,10136.197278781936,350.0,2,18,3430.0
15200.0,10144.197278781936,350.0,2,18,3430.0
15201.0,10152.197278781936,350.0,2,18,3430.0
15202.0,10160.197278781936,350.0,2,18,3430.0
15203.0,10168.197278781936,350.0,2,18,3430.0
15204.0,10176.197278781936,350.0,2,18,3430.0
15205.0,10184.197278781936,350.0,2,18,3430.0
15206.0,10192.197278781936,350.0,2,18,3430.0
15207.0,10200.197278781936,350.0,2,18,3430.0
15208.0,10208.197278781936,350.0,2,18,3430.0
15209.0,10216.197278781936,350.0,2,18,3430.0
15210.0,10224.197278781936,350.0,2,18,3430.0
15211.0,10232.197278781936,350.0,2,18,3430.0
15212.0,10240.197278781936,350.0,2,18,3430.0
15213.0,10248.197278781936,350.0,2,18,3430.0
15214.0,10256.197278781936,350.0,2,18,3430.0
15215.0,10264.197278781936,350.0,2,18,3430.0
15216.0,10272.197278781936,350.0,2,18,3430.0
15217.0,10280.197278781936,350.0,2,18,3430.0
15218.0,10288.197278781936,350.0,2,18,3430.0
15219.0,10296.197278781936,350.0,2,18,3430.0
15220.0,10304.197278781936,350.0,2,18,3430.0
15221.0,10312.197278781936,350.0,2,18,3430.0
15222.0,10320.197278781936,350.0,2,18,3430.0
15223.0,10328.197278781936,350.0,2,18,3430.0
15224.0,10336.197278781936,350.0,2,18,3430.0
15225.0,10344.197278781936,350.0,2,18,3430.0
15226.0,10352.197278781936,350.0,2,18,3430.0
15227.0,10360.197278781936,350.0,2,18,3430.0
15228.0,10368.197278781936,350.0,2,18,3430.0
15229.0,10376.197278781936,350.0,2,18,3430.0
15230.0,10384.197278781936,350.0,2,18,3430.0
15231.0,10392.197278781936,350.0,2,18,3430.0
15232.0,10400.197278781936,350.0,2,18,3430.0
15233.0,10408.197278781936,350.0,2,18,3430.0
15234.0,10416.197278781936,350.0,2,18,3430.0
15235.0,10424.197278781936,350.0,2,18,3430.0
15236.0,10432.197278781936,350.0,2,18,3430.0
15237.0,10440.197278781936,350.0,2,18,3430.0
15238.0,10448.197278781936,350.0,2,18,3430.0
15239.0,10456.197278781936,350.0,2,18,3430.0
15240.0,10464.197278781936,350.0,2,18,3430.0
15241.0,10472.197278781936,350.0,2,18,3430.0
15242.0,10480.197278781936,350.0,2,18,3430.0
15243.0,10488.197278781936,350.0,2,18,3430.0
15244.0,10496.197278781936,350.0,2,18,3430.0
15245.0,10504.197278781936,350.0,2,18,3430.0
15246.0,10512.197278781936,350.0,2,18,3430.0
15247.0,10520.197278781936,350.0,2,18,3430.0
15248.0,10528.197278781936,350.0,2,18,3430.0
15249.0,10536.197278781936,350.0,2,18,3430.0
15250.0,10544.197278781936,350.0,2,18,3430.0
15251.0,10552.197278781936,350.0,2,18,3430.0
15252.0,10560.197278781936,350.0,2,18,3430.0
15253.0,10568.197278781936,350.0,2,18,3430.0
15254.0,10576.197278781936,350.0,2,18,3430.0
15255.0,10584.197278781936,350.0,2,18,3430.0
15256.0,10592.197278781936,350.0,2,18,3430.0
15257.0,10600.197278781936,350.0,2,18,3430.0
15258.0,10608.197278781936,350.0,2,18,3430.0
15259.0,10616.197278781936,350.0,2,18,3430.0
15260.0,10624.197278781936,350.0,2,18,3430.0
15261.0,10632.197278781936,350.0,2,18,3430.0
15262.0,10640.197278781936,350.0,2,18,3430.0
15263.0,10648.197278781936,350.0,2,18,3430.0
15264.0,10656.197278781936,350.0,2,18,3430.0
15265.0,10664.197278781936,350.0,2,18,3430.0
15266.0,10672.197278781936,350.0,2,18,3430.0
15267.0,10680.197278781936,350.0,2,18,3430.0
15268.0,10688.197278781936,350.0,2,18,3430.0
15269.0,10696.197278781936,350.0,2,18,3430.0
15270.0,10704.197278781936,350.0,2,18,3430.0
15271.0,10712.197278781936,350.0,2,18,3430.0
15272.0,10720.197278781936,350.0,2,18,3430.0
15273.0,10728.197278781936,350.0,2,18,3430.0
15274.0,10736.197278781936,350.0,2,18,3430.0
15275.0,10744.197278781936,350.0,2,18,3430.0
15276.0,10752.197278781936,350.0,2,18,3430.0
15277.0,10760.197278781936,350.0,2,18,3430.0
15278.0,10768.197278781936,350.0,2,18,3430.0
15279.0,10776.197278781936,350.0,2,18,3430.0
15280.0,10784.197278781936,350.0,2,18,3430.0
15281.0,10792.197278781936,350.0,2,18,3430.0
15282.0,10800.197278781936,350.0,2,18,3430.0
15283.0,10808.197278781936,350.0,2,18,3430.0
15284.0,10816.197278781936,350.0,2,18,3430.0
15285.0,10824.197278781936,350.0,2,18,3430.0
15286.0,10832.197278781936,350.0,2,18,3430.0
15287.0,10840.197278781936,350.0,2,18,3430.0
15288.0,10848.197278781936,350.0,2,18,3430.0
15289.0,10856.197278781936,350.0,2,18,3430.0
15290.0,10864.197278781936,350.0,2,18,3430.0
15291.0,10872.197278781936,350.0,2,18,3430.0
15292.0,10880.197278781936,350.0,2,18,3430.0
15293.0,10888.197278781936,350.0,2,18,3430.0
15294.0,10896.197278781936,350.0,2,18,3430.0
15295.0,10904.197278781936,350.0,2,18,3430.0
15296.0,10912.197278781936,350.0,2,18,3430.0
15297.0,10920.197278781936,350.0,2,18,3430.0
15298.0,10928.197278781936,350.0,2,18,3430.0
15299.0,10936.197278781938,350.0,2,18,3430.0
15300.0,10944.197278781938,350.0,2,18,3430.0
15301.0,10952.197278781938,350.0,2,18,3430.0
15302.0,10960.197278781938,350.0,2,18,3430.0
15303.0,10968.197278781938,350.0,2,18,3430.0
15304.0,10976.197278781938,350.0,2,18,3430.0
15305.0,10984.197278781938,350.0,2,18,3430.0
15306.0,10992.197278781938,350.0,2,18,3430.0
15307.0,11000.197278781938,350.0,2,18,3430.0
15308.0,11008.197278781938,350.0,2,18,3430.0
15309.0,11016.197278781938,350.0,2,18,3430.0
15310.0,11024.197278781938,350.0,2,18,3430.0
15311.0,11032.197278781938,350.0,2,18,3430.0
15312.0,11040.197278781938,350.0,2,18,3430.0
15313.0,11048.197278781938,350.0,2,18,3430.0
15314.0,11056.197278781938,350.0,2,18,3430.0
15315.0,11064.197278781938,350.0,2,18,3430.0
15316.0,11072.197278781938,350.0,2,18,3430.0
15317.0,11080.197278781938,350.0,2,18,3430.0
15318.0,11088.197278781938,350.0,2,18,3430.0
15319.0,11096.197278781938,350.0,2,18,3430.0
15320.0,11104.197278781938,350.0,2,18,3430.0
15321.0,11112.197278781938,350.0,2,18,3430.0
15322.0,11120.197278781938,350.0,2,18,3430.0
15323.0,11128.197278781938,350.0,2,18,3430.0
15324.0,11136.197278781938,350.0,2,18,3430.0
15325.0,11144.197278781938,350.0,2,18,3430.0
15326.0,11152.197278781938,350.0,2,18,3430.0
15327.0,11160.197278781938,350.0,2,18,3430.0
15328.0,11168.197278781938,350.0,2,18,3430.0
15329.0,11176.197278781938,350.0,2,18,3430.0
15330.0,11184.197278781938,350.0,2,18,3430.0
15331.0,11192.197278781938,350.0,2,18,3430.0
15332.0,11200.197278781938,350.0,2,18,3430.0
15333.0,11208.197278781938,350.0,2,18,3430.0
15334.0,11216.197278781938,350.0,2,18,3430.0
15335.0,11224.197278781938,350.0,2,18,3430.0
15336.0,11232.197278781938,350.0,2,18,3430.0
15337.0,11240.197278781938,350.0,2,18,3430.0
15338.0,11248.197278781938,350.0,2,18,3430.0
15339.0,11256.197278781938,350.0,2,18,3430.0
15340.0,11264.197278781938,350.0,2,18,3430.0
15341.0,11272.197278781938,350.0,2,18,3430.0
15342.0,11280.197278781938,350.0,2,18,3430.0
15343.0,11288.197278781938,350.0,2,18,3430.0
15344.0,11296.197278781938,350.0,2,18,3430.0
15345.0,11304.197278781938,350.0,2,18,3430.0
15346.0,11312.197278781938,350.0,2,18,3430.0
15347.0,11320.197278781938,350.0,2,18,3430.0
15348.0,11328.197278781938,350.0,2,18,3430.0
15349.0,11336.197278781938,350.0,2,18,3430.0
15350.0,11344.197278781938,350.0,2,18,3430.0
15351.0,11352.197278781938,350.0,2,18,3430.0
15352.0,11360.197278781938,350.0,2,18,3430.0
15353.0,11368.197278781938,350.0,2,18,3430.0
15354.0,11376.197278781938,350.0,2,18,3430.0
15355.0,11384.197278781938,350.0,2,18,3430.0
15356.0,11392.197278781938,350.0,2,18,3430.0
15357.0,11400.197278781938,350.0,2,18,3430.0
15358.0,11408.197278781938,350.0,2,18,3430.0
15359.0,11416.197278781938,350.0,2,18,3430.0
15360.0,11424.197278781938,350.0,2,18,3430.0
15361.0,11432.197278781938,350.0,2,18,3430.0
15362.0,11440.197278781938,350.0,2,18,3430.0
15363.0,11448.197278781938,350.0,2,18,3430.0
15364.0,11456.197278781938,350.0,2,18,3430.0
15365.0,11464.197278781938,350.0,2,18,3430.0
15366.0,11472.197278781938,350.0,2,18,3430.0
15367.0,11480.197278781938,350.0,2,18,3430.0
15368.0,11488.197278781938,350.0,2,18,3430.0
15369.0,11496.197278781938,350.0,2,18,3430.0
15370.0,11504.197278781938,350.0,2,18,3430.0
15371.0,11512.197278781938,350.0,2,18,3430.0
15372.0,11520.197278781938,350.0,2,18,3430.0
15373.0,11528.197278781938,350.0,2,18,3430.0
15374.0,11536.197278781938,350.0,2,18,3430.0
15375.0,11544.197278781938,350.0,2,18,3430.0
15376.0,11552.197278781938,350.0,2,18,3430.0
15377.0,11560.197278781938,350.0,2,18,3430.0
15378.0,11568.197278781938,350.0,2,18,3430.0
15379.0,11576.197278781938,350.0,2,18,3430.0
15380.0,11584.197278781938,350.0,2,18,3430.0
15381.0,11592.197278781938,350.0,2,18,3430.0
15382.0,11600.197278781938,350.0,2,18,3430.0
15383.0,11608.197278781938,350.0,2,18,3430.0
15384.0,11616.197278781938,350.0,2,18,3430.0
15385.0,11624.197278781938,350.0,2,18,3430.0
15386.0,11632.197278781938,350.0,2,18,3430.0
15387.0,11640.197278781938,350.0,2,18,3430.0
15388.0,11648.197278781938,350.0,2,18,3430.0
15389.0,11656.197278781938,350.0,2,18,3430.0
15390.0,11664.197278781938,350.0,2,18,3430.0
15391.0,11672.197278781938,350.0,2,18,3430.0
15392.0,11680.197278781938,350.0,2,18,3430.0
15393.0,11688.197278781938,350.0,2,18,3430.0
15394.0,11696.197278781938,350.0,2,18,3430.0
15395.0,11704.197278781938,350.0,2,18,3430.0
15396.0,11712.197278781938,350.0,2,18,3430.0
15397.0,11720.197278781938,350.0,2,18,3430.0
15398.0,11728.197278781938,350.0,2,18,3430.0
15399.0,11736.197278781938,350.0,2,18,3430.0
15400.0,11744.197278781938,350.0,2,18,3430.0
15401.0,11752.197278781938,350.0,2,18,3430.0
15402.0,11760.197278781938,350.0,2,18,3430.0
15403.0,11768.197278781938,350.0,2,18,3430.0
15404.0,11776.197278781938,350.0,2,18,3430.0
15405.0,11784.197278781938,350.0,2,18,3430.0
15406.0,11792.197278781938,350.0,2,18,3430.0
15407.0,11800.197278781938,350.0,2,18,3430.0
15408.0,11808.197278781938,350.0,2,18,3430.0
15409.0,11816.197278781938,350.0,2,18,3430.0
15410.0,11824.197278781938,350.0,2,18,3430.0
15411.0,11832.197278781938,350.0,2,18,3430.0
15412.0,11840.197278781938,350.0,2,18,3430.0
15413.0,11848.197278781938,350.0,2,18,3430.0
15414.0,11856.197278781938,350.0,2,18,3430.0
15415.0,11864.197278781938,350.0,2,18,3430.0
15416.0,11872.197278781938,350.0,2,18,3430.0
15417.0,11880.197278781938,350.0,2,18,3430.0
15418.0,11888.197278781938,350.0,2,18,3430.0
15419.0,11896.197278781938,350.0,2,18,3430.0
15420.0,11904.197278781938,350.0,2,18,3430.0
15421.0,11912.197278781938,350.0,2,18,3430.0
15422.0,11920.197278781938,350.0,2,18,3430.0
15423.0,11928.197278781938,350.0,2,18,3430.0
15424.0,11936.184801563248,350.0,2,18,3430.0
15425.0,11944.15257388893,350.0,2,18,3430.0
15426.0,11952.1009907681,350.0,2,18,3430.0
15427.0,11960.030439309687,350.0,2,18,3430.0
15428.0,11967.941298880442,350.0,2,18,3430.0
15429.0,11974.941298880442,350.0,2,18,3430.0
15430.0,11981.941298880442,350.0,2,18,3430.0
15431.0,11988.941298880442,350.0,2,18,3430.0
15432.0,11995.941298880442,350.0,2,18,3430.0
15433.0,12002.941298880442,350.0,2,18,3430.0
15434.0,12009.941298880442,350.0,2,18,3430.0
15435.0,12016.941298880442,350.0,2,18,3430.0
15436.0,12023.941298880442,350.0,2,18,3430.0
15437.0,12030.941298880442,350.0,2,18,3430.0
15438.0,12037.941298880442,350.0,2,18,3430.0
15439.0,12044.941298880442,350.0,2,18,3430.0
15440.0,12051.941298880442,350.0,2,18,3430.0
15441.0,12058.941298880442,350.0,2,18,3430.0
15442.0,12065.941298880442,350.0,2,18,3430.0
15443.0,12072.941298880442,350.0,2,18,3430.0
15444.0,12079.941298880442,350.0,2,18,3430.0
15445.0,12086.941298880442,350.0,2,18,3430.0
15446.0,12093.936500289841,350.0,2,18,3430.0
15447.0,12100.911797671051,350.0,2,18,3430.0
15448.0,12107.867589104639,350.0,2,18,3430.0
15449.0,12114.804264709555,350.0,2,18,3430.0
15450.0,12121.722206802371,350.0,2,18,3430.0
15451.0,12127.722206802371,350.0,2,18,3430.0
15452.0,12133.722206802371,350.0,2,18,3430.0
15453.0,12139.722206802371,350.0,2,18,3430.0
15454.0,12145.708982879158,350.0,2,18,3430.0
15455.0,12151.676023434411,350.0,2,18,3430.0
15456.0,12157.623723178558,350.0,2,18,3430.0
15457.0,12163.552468927823,350.0,2,18,3430.0
15458.0,12169.462639762101,350.0,2,18,3430.0
15459.0,12174.470049004009,350.0,2,18,3430.0
15460.0,12178.636204391023,350.0,2,18,3430.0
15461.0,12180.339747784259,350.0,2,18,3430.0
15462.0,12182.443310474111,350.0,2,18,3430.0
15463.0,12184.946894770477,350.0,2,18,3430.0
15464.0,12187.850503443417,350.0,2,18,3430.0
15465.0,12191.15413985381,350.0,2,18,3430.0
15466.0,12194.857808133931,350.0,2,18,3430.0
15467.0,12198.961513442726,350.0,2,18,3430.0
15468.0,12203.465262336149,350.0,2,18,3430.0
15469.0,12208.369063321006,350.0,2,18,3430.0
15470.0,12213.672927713244,350.0,2,18,3430.0
15471.0,12219.366716119142,350.0,2,18,3430.0
15472.0,12225.397808620079,350.0,2,18,3430.0
15473.0,12231.766494095627,350.0,2,18,3430.0
15474.0,12238.473075681743,350.0,2,18,3430.0
15475.0,12245.517889707005,350.0,2,18,3430.0
15476.0,12252.90135467594,350.0,2,18,3430.0
15477.0,12260.62413368503,350.0,2,18,3430.0
15478.0,12268.675309968836,350.0,2,18,3430.0
15479.0,12277.012416101943,350.0,2,18,3430.0
15480.0,12285.498637013143,350.0,2,18,3430.0
15481.0,12294.003328709903,350.0,2,18,3430.0
15482.0,12302.528941506167,350.0,2,18,3430.0
15483.0,12311.076526560164,350.0,2,18,3430.0
15484.0,12319.646830901833,350.0,2,18,3430.0
15485.0,12328.240492258174,350.0,2,18,3430.0
15486.0,12336.858095446229,350.0,2,18,3430.0
15487.0,12345.500193681675,350.0,2,18,3430.0
15488.0,12354.167318156016,350.0,2,18,3430.0
15489.0,12362.844517450543,350.0,2,18,3430.0
15490.0,12371.528066001276,350.0,2,18,3430.0
15491.0,12380.218844569506,350.0,2,18,3430.0
15492.0,12388.917714436147,350.0,2,18,3430.0
15493.0,12397.625518335419,350.0,2,18,3430.0
15494.0,12406.343081186127,350.0,2,18,3430.0
15495.0,12415.071210694086,350.0,2,18,3430.0
15496.0,12423.808373627795,350.0,2,18,3430.0
15497.0,12432.537715484676,350.0,2,18,3430.0
15498.0,12441.260394283565,350.0,2,18,3430.0
15499.0,12449.977544623096,350.0,2,18,3430.0
15500.0,12458.643257931772,350.0,2,18,3430.0
15501.0,12467.255656974272,350.0,2,18,3430.0
15502.0,12475.815808035923,350.0,2,18,3430.0
15503.0,12484.324756076341,350.0,2,18,3430.0
15504.0,12492.783525155946,350.0,2,18,3430.0
15505.0,12501.193118853964,350.0,2,18,3430.0
15506.0,12509.55452067802,350.0,2,18,3430.0
15507.0,12517.868694465593,350.0,2,18,3430.0
15508.0,12526.136584777418,350.0,2,18,3430.0
15509.0,12534.359117283007,350.0,2,18,3430.0
15510.0,12542.518125069893,350.0,2,18,3430.0
15511.0,12550.613952701042,350.0,2,18,3430.0
15512.0,12558.647863779568,350.0,2,18,3430.0
15513.0,12566.621096636522,350.0,2,18,3430.0
15514.0,12574.534864836338,350.0,2,18,3430.0
15515.0,12582.390357672159,350.0,2,18,3430.0
15516.0,12590.188740651261,350.0,2,18,3430.0
15517.0,12597.931155970784,350.0,2,18,3430.0
15518.0,12605.618722983914,350.0,2,18,3430.0
15519.0,12613.252538656781,350.0,2,18,3430.0
15520.0,12620.833678016192,350.0,2,18,3430.0
15521.0,12628.363194588415,350.0,2,18,3430.0
15522.0,12635.842120829193,350.0,2,18,3430.0
15523.0,12643.271468545157,350.0,2,18,3430.0
15524.0,12650.652229306797,350.0,2,18,3430.0
15525.0,12657.98537485321,350.0,2,18,3430.0
15526.0,12665.271857488691,350.0,2,18,3430.0
15527.0,12672.512610471467,350.0,2,18,3430.0
15528.0,12679.708548394583,350.0,2,18,3430.0
15529.0,12686.860567559235,350.0,2,18,3430.0
15530.0,12693.969546340597,350.0,2,18,3430.0
15531.0,12701.036345546332,350.0,2,18,3430.0
15532.0,12708.061808767952,350.0,2,18,3430.0
15533.0,12715.04676272514,350.0,2,18,3430.0
15534.0,12721.992017603183,350.0,2,18,3430.0
15535.0,12728.898367383665,350.0,2,18,3430.0
15536.0,12735.76659016854,350.0,2,18,3430.0
15537.0,12742.597448497714,350.0,2,18,3430.0
15538.0,12749.391689660306,350.0,2,18,3430.0
15539.0,12756.150045999648,350.0,2,18,3430.0
15540.0,12762.8732352122,350.0,2,18,3430.0
15541.0,12769.561960640505,350.0,2,18,3430.0
15542.0,12776.21691156024,350.0,2,18,3430.0
15543.0,12782.838763461581,350.0,2,18,3430.0
15544.0,12789.428178324897,350.0,2,18,3430.0
15545.0,12795.985804890945,350.0,2,18,3430.0
15546.0,12802.512278925673,350.0,2,18,3430.0
15547.0,12809.008223479705,350.0,2,18,3430.0
15548.0,12815.474249142657,350.0,2,18,3430.0
15549.0,12821.910954292352,350.0,2,18,3430.0
15550.0,12828.31892533905,350.0,2,18,3430.0
15551.0,12834.698736964818,350.0,2,18,3430.0
15552.0,12841.050952358068,350.0,2,18,3430.0
15553.0,12847.376123443451,350.0,2,18,3430.0
15554.0,12853.67479110713,350.0,2,18,3430.0
15555.0,12859.947485417531,350.0,2,18,3430.0
15556.0,12866.19472584173,350.0,2,18,3430.0
15557.0,12872.417021457439,350.0,2,18,3430.0
15558.0,12878.614871160838,350.0,2,18,3430.0
15559.0,12884.788763870167,350.0,2,18,3430.0
15560.0,12890.939178725312,350.0,2,18,3430.0
15561.0,12897.06658528335,350.0,2,18,3430.0
15562.0,12903.171443710233,350.0,2,18,3430.0
15563.0,12909.254204968573,350.0,2,18,3430.0
15564.0,12915.315311001748,350.0,2,18,3430.0
15565.0,12921.355194914258,350.0,2,18,3430.0
15566.0,12927.374281148519,350.0,2,18,3430.0
15567.0,12933.372985658098,350.0,2,18,3430.0
15568.0,12939.35171607748,350.0,2,18,3430.0
15569.0,12945.310871888478,350.0,2,18,3430.0
15570.0,12951.250844583255,350.0,2,18,3430.0
15571.0,12957.172017824136,350.0,2,18,3430.0
15572.0,12963.074767600197,350.0,2,18,3430.0
15573.0,12968.95946238074,350.0,2,18,3430.0
15574.0,12974.826463265674,350.0,2,18,3430.0
15575.0,12980.676124132906,350.0,2,18,3430.0
15576.0,12986.508791782795,350.0,2,18,3430.0
15577.0,12992.324806079685,350.0,2,18,3430.0
15578.0,12998.124500090637,350.0,2,18,3430.0
15579.0,13003.90820022137,350.0,2,18,3430.0
15580.0,13009.676226349491,350.0,2,18,3430.0
15581.0,13015.428891955047,350.0,2,18,3430.0
15582.0,13021.166504248493,350.0,2,18,3430.0
15583.0,13026.88936429607,350.0,2,18,3430.0
15584.0,13032.597767142694,350.0,2,18,3430.0
15585.0,13038.292001932386,350.0,2,18,3430.0
15586.0,13043.972352026287,350.0,2,18,3430.0
15587.0,13049.639095118306,350.0,2,18,3430.0
15588.0,13055.292503348486,350.0,2,18,3430.0
15589.0,13060.932843414064,350.0,2,18,3430.0
15590.0,13066.56037667833,350.0,2,18,3430.0
15591.0,13072.175359277308,350.0,2,18,3430.0
15592.0,13077.778042224307,350.0,2,18,3430.0
15593.0,13083.36867151237,350.0,2,18,3430.0
15594.0,13088.94748821467,350.0,2,18,3430.0
15595.0,13094.514728582923,350.0,2,18,3430.0
15596.0,13100.07062414381,350.0,2,18,3430.0
15597.0,13105.61540179348,350.0,2,18,3430.0
15598.0,13111.149283890158,350.0,2,18,3430.0
15599.0,13116.6724883449,350.0,2,18,3430.0
15600.0,13122.185228710548,350.0,2,18,3430.0
15601.0,13127.687714268885,350.0,2,18,3430.0
15602.0,13133.180150116052,350.0,2,18,3430.0
15603.0,13138.662737246277,350.0,2,18,3430.0
15604.0,13144.135672633898,350.0,2,18,3430.0
15605.0,13149.599149313766,350.0,2,18,3430.0
15606.0,13155.053356460037,350.0,2,18,3430.0
15607.0,13160.498479463384,350.0,2,18,3430.0
15608.0,13165.934700006661,350.0,2,18,3430.0
15609.0,13171.362196139076,350.0,2,18,3430.0
15610.0,13176.781142348842,350.0,2,18,3430.0
15611.0,13182.191709634411,350.0,2,18,3430.0
15612.0,13187.594065574267,350.0,2,18,3430.0
15613.0,13192.988374395329,350.0,2,18,3430.0
15614.0,13198.374797039969,350.0,2,18,3430.0
15615.0,13203.753491231717,350.0,2,18,3430.0
15616.0,13209.12461153963,350.0,2,18,3430.0
15617.0,13214.488309441382,350.0,2,18,3430.0
15618.0,13219.844733385102,350.0,2,18,3430.0
15619.0,13225.194028849943,350.0,2,18,3430.0
15620.0,13230.53633840549,350.0,2,18,3430.0
15621.0,13235.871801769928,350.0,2,18,3430.0
15622.0,13241.200555867075,350.0,2,18,3430.0
15623.0,13246.522734882281,350.0,2,18,3430.0
15624.0,13251.838470317181,350.0,2,18,3430.0
15625.0,13257.147891043385,350.0,2,18,3430.0
15626.0,13262.451123355062,350.0,2,18,3430.0
15627.0,13267.748291020509,350.0,2,18,3430.0
15628.0,13273.039515332644,350.0,2,18,3430.0
15629.0,13278.324915158539,350.0,2,18,3430.0
15630.0,13283.604606987914,350.0,2,18,3430.0
15631.0,13288.8787049807,350.0,2,18,3430.0
15632.0,13294.147321013634,350.0,2,18,3430.0
15633.0,13299.410564725908,350.0,2,18,3430.0
15634.0,13304.668543563936,350.0,2,18,3430.0
15635.0,13309.921362825204,350.0,2,18,3430.0
15636.0,13315.169125701244,350.0,2,18,3430.0
15637.0,13320.411933319769,350.0,2,18,3430.0
15638.0,13325.649884785917,350.0,2,18,3430.0
15639.0,13330.883077222747,350.0,2,18,3430.0
15640.0,13336.111605810838,350.0,2,18,3430.0
15641.0,13341.335563827166,350.0,2,18,3430.0
15642.0,13346.55504268317,350.0,2,18,3430.0
15643.0,13351.750318523025,350.0,2,18,3430.0
15644.0,13356.941688846084,350.0,2,18,3430.0
15645.0,13362.129231762681,350.0,2,18,3430.0
15646.0,13367.313023820945,350.0,2,18,3430.0
15647.0,13372.493140038046,350.0,2,18,3430.0
15648.0,13377.669653930803,350.0,2,18,3430.0
15649.0,13382.842637545707,350.0,2,18,3430.0
15650.0,13388.012161488312,350.0,2,18,3430.0
15651.0,13393.178294952064,350.0,2,18,3430.0
15652.0,13398.34110574654,350.0,2,18,3430.0
15653.0,13403.50066032513,350.0,2,18,3430.0
15654.0,13408.657023812146,350.0,2,18,3430.0
15655.0,13413.81026002942,350.0,2,18,3430.0
15656.0,13418.96043152235,350.0,2,18,3430.0
15657.0,13424.10759958542,350.0,2,18,3430.0
15658.0,13429.251824287232,350.0,2,18,3430.0
15659.0,13434.393164495004,350.0,2,18,3430.0
15660.0,13439.531677898625,350.0,2,18,3430.0
15661.0,13444.667421034172,350.0,2,18,3430.0
15662.0,13449.800449307008,350.0,2,18,3430.0
15663.0,13454.930817014385,350.0,2,18,3430.0
15664.0,13460.058577367618,350.0,2,18,3430.0
15665.0,13465.183782513783,350.0,2,18,3430.0
15666.0,13470.306483557026,350.0,2,18,3430.0
15667.0,13475.426730579404,350.0,2,18,3430.0
15668.0,13480.544572661334,350.0,2,18,3430.0
15669.0,13485.64028474067,350.0,2,18,3430.0
15670.0,13490.734082578418,350.0,2,18,3430.0
15671.0,13495.826004459412,350.0,2,18,3430.0
15672.0,13500.916087902784,350.0,2,18,3430.0
15673.0,13506.00436967729,350.0,2,18,3430.0
15674.0,13511.090885816306,350.0,2,18,3430.0
15675.0,13516.175671632542,350.0,2,18,3430.0
15676.0,13521.258761732453,350.0,2,18,3430.0
15677.0,13526.340190030365,350.0,2,18,3430.0
15678.0,13531.41998976232,350.0,2,18,3430.0
15679.0,13536.498193499636,350.0,2,18,3430.0
15680.0,13541.574833162204,350.0,2,18,3430.0
15681.0,13546.64994003152,350.0,2,18,3430.0
15682.0,13551.703598407652,350.0,2,18,3430.0
15683.0,13556.756183616259,350.0,2,18,3430.0
15684.0,13561.807717120693,350.0,2,18,3430.0
15685.0,13566.85821995504,350.0,2,18,3430.0
15686.0,13571.9077127327,350.0,2,18,3430.0
15687.0,13576.956215654807,350.0,2,18,3430.0
15688.0,13582.003748518471,350.0,2,18,3430.0
15689.0,13587.050330724862,350.0,2,18,3430.0
15690.0,13592.0761729461,350.0,2,18,3430.0
15691.0,13597.10149832291,350.0,2,18,3430.0
15692.0,13602.126317192187,350.0,2,18,3430.0
15693.0,13607.150639684078,350.0,2,18,3430.0
15694.0,13612.174475726131,350.0,2,18,3430.0
15695.0,13617.197835047342,350.0,2,18,3430.0
15696.0,13622.22072718213,350.0,2,18,3430.0
15697.0,13627.243161474222,350.0,2,18,3430.0
15698.0,13632.265147080472,350.0,2,18,3430.0
15699.0,13637.286692974598,350.0,2,18,3430.0
15700.0,13642.30780795084,350.0,2,18,3430.0
15701.0,13647.328500627556,350.0,2,18,3430.0
15702.0,13652.34877945074,350.0,2,18,3430.0
15703.0,13657.34877945074,354.0,2,18,3426.0
15704.0,13662.34877945074,359.0,2,18,3421.0
15705.0,13667.34877945074,364.0,2,18,3416.0
15706.0,13672.34877945074,369.0,2,18,3411.0
15707.0,13677.34877945074,374.0,2,18,3406.0
15708.0,13682.34877945074,379.0,2,18,3401.0
15709.0,13687.34877945074,384.0,2,18,3396.0
15710.0,13692.34877945074,389.0,2,18,3391.0
15711.0,13697.34877945074,394.0,2,18,3386.0
15712.0,13702.34877945074,399.0,2,18,3381.0
15713.0,13707.34877945074,404.0,2,18,3376.0
15714.0,13712.34877945074,409.0,2,18,3371.0
15715.0,13717.34877945074,414.0,2,18,3366.0
15716.0,13722.34877945074,419.0,2,18,3361.0
15717.0,13727.34877945074,424.0,2,18,3356.0
15718.0,13732.34877945074,429.0,2,18,3351.0
15719.0,13737.34877945074,434.0,2,18,3346.0
15720.0,13742.34877945074,439.0,2,18,3341.0
15721.0,13747.34877945074,444.0,2,18,3336.0
15722.0,13752.34877945074,449.0,2,18,3331.0
15723.0,13757.34877945074,454.0,2,18,3326.0
15724.0,13762.34877945074,459.0,2,18,3321.0
15725.0,13767.34877945074,464.0,2,18,3316.0
15726.0,13772.34877945074,469.0,2,18,3311.0
15727.0,13777.34877945074,474.0,2,18,3306.0
15728.0,13782.34877945074,479.0,2,18,3301.0
15729.0,13787.34877945074,484.0,2,18,3296.0
15730.0,13792.34877945074,489.0,2,18,3291.0
15731.0,13797.34877945074,494.0,2,18,3286.0
15732.0,13802.34877945074,499.0,2,18,3281.0
15733.0,13807.34877945074,504.0,2,18,3276.0
15734.0,13812.34877945074,509.0,2,18,3271.0
15735.0,13817.34877945074,514.0,2,18,3266.0
15736.0,13822.34877945074,519.0,2,18,3261.0
15737.0,13827.34877945074,524.0,2,18,3256.0
15738.0,13832.548779450739,525.0,3,17,3255.0
15739.0,13837.99877945074,525.0,3,17,3255.0
15740.0,13843.698779450739,525.0,3,17,3255.0
15741.0,13849.64877945074,525.0,3,17,3255.0
15742.0,13855.84877945074,525.0,3,17,3255.0
15743.0,13862.298779450739,525.0,3,17,3255.0
15744.0,13868.99877945074,525.0,3,17,3255.0
15745.0,13875.948779450739,525.0,3,17,3255.0
15746.0,13883.14877945074,525.0,3,17,3255.0
15747.0,13890.59877945074,525.0,3,17,3255.0
15748.0,13898.298779450739,525.0,3,17,3255.0
15749.0,13906.24877945074,525.0,3,17,3255.0
15750.0,13914.448779450739,525.0,3,17,3255.0
15751.0,13922.89877945074,525.0,3,17,3255.0
15752.0,13931.59877945074,525.0,3,17,3255.0
15753.0,13940.548779450739,525.0,3,17,3255.0
15754.0,13949.74877945074,525.0,3,17,3255.0
15755.0,13959.198779450739,525.0,3,17,3255.0
15756.0,13968.89877945074,525.0,3,17,3255.0
15757.0,13978.84877945074,525.0,3,17,3255.0
15758.0,13988.84877945074,525.0,3,17,3255.0
15759.0,13998.84877945074,525.0,3,17,3255.0
15760.0,14008.84877945074,525.0,3,17,3255.0
15761.0,14018.84877945074,525.0,3,17,3255.0
15762.0,14028.84877945074,525.0,3,17,3255.0
15763.0,14038.84877945074,525.0,3,17,3255.0
15764.0,14048.84877945074,525.0,3,17,3255.0
15765.0,14058.84877945074,525.0,3,17,3255.0
15766.0,14068.84877945074,525.0,3,17,3255.0
15767.0,14078.84877945074,525.0,3,17,3255.0
15768.0,14088.84877945074,525.0,3,17,3255.0
15769.0,14098.84877945074,525.0,3,17,3255.0
15770.0,14108.84877945074,525.0,3,17,3255.0
15771.0,14118.84877945074,525.0,3,17,3255.0
15772.0,14128.84877945074,525.0,3,17,3255.0
15773.0,14138.84877945074,525.0,3,17,3255.0
15774.0,14148.84877945074,525.0,3,17,3255.0
15775.0,14158.84877945074,525.0,3,17,3255.0
15776.0,14168.846395145936,525.0,3,17,3255.0
15777.0,14178.824058527229,525.0,3,17,3255.0
15778.0,14188.782168640895,525.0,3,17,3255.0
15779.0,14198.721116552288,525.0,3,17,3255.0
15780.0,14208.641285505453,525.0,3,17,3255.0
15781.0,14217.641285505453,525.0,3,17,3255.0
15782.0,14226.641285505453,525.0,3,17,3255.0
15783.0,14235.641285505453,525.0,3,17,3255.0
15784.0,14244.641285505453,525.0,3,17,3255.0
15785.0,14253.641285505453,525.0,3,17,3255.0
15786.0,14262.641285505453,525.0,3,17,3255.0
15787.0,14271.641285505453,525.0,3,17,3255.0
15788.0,14280.641285505453,525.0,3,17,3255.0
15789.0,14289.641285505453,525.0,3,17,3255.0
15790.0,14298.641285505453,525.0,3,17,3255.0
15791.0,14307.641285505453,525.0,3,17,3255.0
15792.0,14316.641285505453,525.0,3,17,3255.0
15793.0,14325.641285505453,525.0,3,17,3255.0
15794.0,14334.641285505453,525.0,3,17,3255.0
15795.0,14343.641285505453,525.0,3,17,3255.0
15796.0,14352.641285505453,525.0,3,17,3255.0
15797.0,14361.641285505453,525.0,3,17,3255.0
15798.0,14370.641285505453,525.0,3,17,3255.0
15799.0,14379.641285505453,525.0,3,17,3255.0
15800.0,14388.641285505453,525.0,3,17,3255.0
15801.0,14397.641285505453,525.0,3,17,3255.0
15802.0,14406.641285505453,525.0,3,17,3255.0
15803.0,14415.641285505453,525.0,3,17,3255.0
15804.0,14424.641285505453,525.0,3,17,3255.0
15805.0,14433.641285505453,525.0,3,17,3255.0
15806.0,14442.641285505453,525.0,3,17,3255.0
15807.0,14451.641285505453,525.0,3,17,3255.0
15808.0,14460.641285505453,525.0,3,17,3255.0
15809.0,14469.641285505453,525.0,3,17,3255.0
15810.0,14478.641285505453,525.0,3,17,3255.0
15811.0,14487.641285505453,525.0,3,17,3255.0
15812.0,14496.641285505453,525.0,3,17,3255.0
15813.0,14505.641285505453,525.0,3,17,3255.0
15814.0,14514.641285505453,525.0,3,17,3255.0
15815.0,14523.641285505453,525.0,3,17,3255.0
15816.0,14532.641285505453,525.0,3,17,3255.0
15817.0,14541.641285505453,525.0,3,17,3255.0
15818.0,14550.641285505453,525.0,3,17,3255.0
15819.0,14559.641285505453,525.0,3,17,3255.0
15820.0,14568.641285505453,525.0,3,17,3255.0
15821.0,14577.641285505453,525.0,3,17,3255.0
15822.0,14586.641285505453,525.0,3,17,3255.0
15823.0,14595.641285505453,525.0,3,17,3255.0
15824.0,14604.641285505453,525.0,3,17,3255.0
15825.0,14613.641285505453,525.0,3,17,3255.0
15826.0,14622.641285505453,525.0,3,17,3255.0
15827.0,14631.641285505453,525.0,3,17,3255.0
15828.0,14640.641285505455,525.0,3,17,3255.0
15829.0,14649.641285505455,525.0,3,17,3255.0
15830.0,14658.641285505455,525.0,3,17,3255.0
15831.0,14667.641285505455,525.0,3,17,3255.0
15832.0,14676.622296310616,525.0,3,17,3255.0
15833.0,14685.583686899674,525.0,3,17,3255.0
15834.0,14694.525849676951,525.0,3,17,3255.0
15835.0,14703.449169198682,525.0,3,17,3255.0
15836.0,14712.354022329979,525.0,3,17,3255.0
15837.0,14720.354022329979,525.0,3,17,3255.0
15838.0,14728.354022329979,525.0,3,17,3255.0
15839.0,14736.354022329979,525.0,3,17,3255.0
15840.0,14744.354022329979,525.0,3,17,3255.0
15841.0,14752.354022329979,525.0,3,17,3255.0
15842.0,14760.354022329979,525.0,3,17,3255.0
15843.0,14768.354022329979,525.0,3,17,3255.0
15844.0,14776.354022329979,525.0,3,17,3255.0
15845.0,14784.354022329979,525.0,3,17,3255.0
15846.0,14792.354022329979,525.0,3,17,3255.0
15847.0,14800.354022329979,525.0,3,17,3255.0
15848.0,14808.354022329979,525.0,3,17,3255.0
15849.0,14816.354022329979,525.0,3,17,3255.0
15850.0,14824.354022329979,525.0,3,17,3255.0
15851.0,14832.354022329979,525.0,3,17,3255.0
15852.0,14840.354022329979,525.0,3,17,3255.0
15853.0,14848.353795657356,525.0,3,17,3255.0
15854.0,14856.333573518188,525.0,3,17,3255.0
15855.0,14864.293755821804,525.0,3,17,3255.0
15856.0,14872.234734479345,525.0,3,17,3255.0
15857.0,14880.156893563737,525.0,3,17,3255.0
15858.0,14888.06060946644,525.0,3,17,3255.0
15859.0,14895.06060946644,525.0,3,17,3255.0
15860.0,14902.06060946644,525.0,3,17,3255.0
15861.0,14909.06060946644,525.0,3,17,3255.0
15862.0,14916.06060946644,525.0,3,17,3255.0
15863.0,14923.06060946644,525.0,3,17,3255.0
15864.0,14930.06060946644,525.0,3,17,3255.0
15865.0,14937.06060946644,525.0,3,17,3255.0
15866.0,14944.06060946644,525.0,3,17,3255.0
15867.0,14951.06060946644,525.0,3,17,3255.0
15868.0,14958.06060946644,525.0,3,17,3255.0
15869.0,14964.06060946644,525.0,3,17,3255.0
15870.0,14970.06060946644,525.0,3,17,3255.0
15871.0,14976.06060946644,525.0,3,17,3255.0
15872.0,14982.06060946644,525.0,3,17,3255.0
15873.0,14988.06060946644,525.0,3,17,3255.0
15874.0,14994.06060946644,525.0,3,17,3255.0
15875.0,15000.06060946644,525.0,3,17,3255.0
15876.0,15006.06060946644,525.0,3,17,3255.0
15877.0,15012.06060946644,525.0,3,17,3255.0
15878.0,15018.06060946644,525.0,3,17,3255.0
15879.0,15024.06060946644,525.0,3,17,3255.0
15880.0,15030.06060946644,525.0,3,17,3255.0
15881.0,15036.06060946644,525.0,3,17,3255.0
15882.0,15042.06060946644,525.0,3,17,3255.0
15883.0,15048.06060946644,525.0,3,17,3255.0
15884.0,15054.06060946644,525.0,3,17,3255.0
15885.0,15060.06060946644,525.0,3,17,3255.0
15886.0,15066.06060946644,525.0,3,17,3255.0
15887.0,15072.06060946644,525.0,3,17,3255.0
15888.0,15078.06060946644,525.0,3,17,3255.0
15889.0,15084.06060946644,525.0,3,17,3255.0
15890.0,15090.06060946644,525.0,3,17,3255.0
15891.0,15096.06060946644,525.0,3,17,3255.0
15892.0,15102.06060946644,525.0,3,17,3255.0
15893.0,15108.06060946644,525.0,3,17,3255.0
15894.0,15114.06060946644,525.0,3,17,3255.0
15895.0,15120.06060946644,525.0,3,17,3255.0
15896.0,15126.06060946644,525.0,3,17,3255.0
15897.0,15132.06060946644,525.0,3,17,3255.0
15898.0,15138.06060946644,525.0,3,17,3255.0
15899.0,15144.06060946644,525.0,3,17,3255.0
15900.0,15150.06060946644,525.0,3,17,3255.0
15901.0,15156.06060946644,525.0,3,17,3255.0
15902.0,15162.06060946644,525.0,3,17,3255.0
15903.0,15168.06060946644,525.0,3,17,3255.0
15904.0,15174.06060946644,525.0,3,17,3255.0
15905.0,15180.06060946644,525.0,3,17,3255.0
15906.0,15186.06060946644,525.0,3,17,3255.0
15907.0,15192.06060946644,525.0,3,17,3255.0
15908.0,15198.06060946644,525.0,3,17,3255.0
15909.0,15204.06060946644,525.0,3,17,3255.0
15910.0,15210.06060946644,525.0,3,17,3255.0
15911.0,15216.06060946644,525.0,3,17,3255.0
15912.0,15222.06060946644,525.0,3,17,3255.0
15913.0,15228.06060946644,525.0,3,17,3255.0
15914.0,15234.06060946644,525.0,3,17,3255.0
15915.0,15240.06060946644,525.0,3,17,3255.0
15916.0,15246.06060946644,525.0,3,17,3255.0
15917.0,15252.06060946644,525.0,3,17,3255.0
15918.0,15258.06060946644,525.0,3,17,3255.0
15919.0,15264.06060946644,525.0,3,17,3255.0
15920.0,15270.06060946644,525.0,3,17,3255.0
15921.0,15276.06060946644,525.0,3,17,3255.0
15922.0,15282.06060946644,525.0,3,17,3255.0
15923.0,15288.06060946644,525.0,3,17,3255.0
15924.0,15294.06060946644,525.0,3,17,3255.0
15925.0,15300.06060946644,525.0,3,17,3255.0
15926.0,15306.06060946644,525.0,3,17,3255.0
15927.0,15312.06060946644,525.0,3,17,3255.0
15928.0,15318.06060946644,525.0,3,17,3255.0
15929.0,15324.06060946644,525.0,3,17,3255.0
15930.0,15330.06060946644,525.0,3,17,3255.0
15931.0,15336.06060946644,525.0,3,17,3255.0
15932.0,15342.06060946644,525.0,3,17,3255.0
15933.0,15348.06060946644,525.0,3,17,3255.0
15934.0,15354.06060946644,525.0,3,17,3255.0
15935.0,15360.06060946644,525.0,3,17,3255.0
15936.0,15366.06060946644,525.0,3,17,3255.0
15937.0,15372.06060946644,525.0,3,17,3255.0
15938.0,15378.06060946644,525.0,3,17,3255.0
15939.0,15384.05685099925,525.0,3,17,3255.0
15940.0,15390.033167701402,525.0,3,17,3255.0
15941.0,15395.989958069513,525.0,3,17,3255.0
15942.0,15401.927612630261,525.0,3,17,3255.0
15943.0,15407.846514099794,525.0,3,17,3255.0
15944.0,15412.846514099794,525.0,3,17,3255.0
15945.0,15417.846514099794,525.0,3,17,3255.0
15946.0,15422.846514099794,525.0,3,17,3255.0
15947.0,15427.846514099794,525.0,3,17,3255.0
15948.0,15432.846514099794,525.0,3,17,3255.0
15949.0,15437.846514099794,525.0,3,17,3255.0
15950.0,15442.846514099794,525.0,3,17,3255.0
15951.0,15447.846514099794,525.0,3,17,3255.0
15952.0,15452.846514099794,525.0,3,17,3255.0
15953.0,15457.846514099794,525.0,3,17,3255.0
15954.0,15462.846514099794,525.0,3,17,3255.0
15955.0,15467.846514099794,525.0,3,17,3255.0
15956.0,15472.846514099794,525.0,3,17,3255.0
15957.0,15477.846514099794,525.0,3,17,3255.0
15958.0,15482.846514099794,525.0,3,17,3255.0
15959.0,15487.846514099794,525.0,3,17,3255.0
15960.0,15492.846514099794,525.0,3,17,3255.0
15961.0,15497.846514099794,525.0,3,17,3255.0
15962.0,15502.846514099794,525.0,3,17,3255.0
15963.0,15507.846514099794,525.0,3,17,3255.0
15964.0,15512.846514099794,525.0,3,17,3255.0
15965.0,15517.846514099794,525.0,3,17,3255.0
15966.0,15522.846514099794,525.0,3,17,3255.0
15967.0,15527.846514099794,525.0,3,17,3255.0
15968.0,15532.846514099794,525.0,3,17,3255.0
15969.0,15537.846514099794,525.0,3,17,3255.0
15970.0,15542.846514099794,525.0,3,17,3255.0
15971.0,15547.846514099794,525.0,3,17,3255.0
15972.0,15552.846514099794,525.0,3,17,3255.0
15973.0,15557.846514099794,525.0,3,17,3255.0
15974.0,15562.846514099794,525.0,3,17,3255.0
15975.0,15567.846514099794,525.0,3,17,3255.0
15976.0,15572.846514099794,525.0,3,17,3255.0
15977.0,15577.846514099794,525.0,3,17,3255.0
15978.0,15582.846514099794,525.0,3,17,3255.0
15979.0,15587.846514099794,525.0,3,17,3255.0
15980.0,15592.846514099794,525.0,3,17,3255.0
15981.0,15597.846514099794,525.0,3,17,3255.0
15982.0,15602.846514099794,525.0,3,17,3255.0
15983.0,15607.846514099794,525.0,3,17,3255.0
15984.0,15612.846514099794,525.0,3,17,3255.0
15985.0,15617.846514099794,525.0,3,17,3255.0
15986.0,15622.846514099794,525.0,3,17,3255.0
15987.0,15627.846514099794,525.0,3,17,3255.0
15988.0,15632.846514099794,525.0,3,17,3255.0
15989.0,15637.846514099794,525.0,3,17,3255.0
15990.0,15642.846514099794,525.0,3,17,3255.0
15991.0,15647.846514099794,525.0,3,17,3255.0
15992.0,15652.846514099794,525.0,3,17,3255.0
15993.0,15657.846514099794,525.0,3,17,3255.0
15994.0,15662.846514099794,525.0,3,17,3255.0
15995.0,15667.846514099794,525.0,3,17,3255.0
15996.0,15672.846514099794,525.0,3,17,3255.0
15997.0,15677.846514099794,525.0,3,17,3255.0
15998.0,15682.846514099794,525.0,3,17,3255.0
15999.0,15687.846514099794,525.0,3,17,3255.0
16000.0,15692.846514099794,525.0,3,17,3255.0
16001.0,15697.846514099794,525.0,3,17,3255.0
16002.0,15702.846514099794,525.0,3,17,3255.0
16003.0,15707.846514099794,525.0,3,17,3255.0
16004.0,15712.846514099794,525.0,3,17,3255.0
16005.0,15717.846514099794,525.0,3,17,3255.0
16006.0,15722.846514099794,525.0,3,17,3255.0
16007.0,15727.846514099794,525.0,3,17,3255.0
16008.0,15732.846514099794,525.0,3,17,3255.0
16009.0,15737.846514099794,525.0,3,17,3255.0
16010.0,15742.846514099794,525.0,3,17,3255.0
16011.0,15747.846514099794,525.0,3,17,3255.0
16012.0,15752.846514099794,525.0,3,17,3255.0
16013.0,15757.846514099794,525.0,3,17,3255.0
16014.0,15762.846514099794,525.0,3,17,3255.0
16015.0,15767.846514099794,525.0,3,17,3255.0
16016.0,15772.846514099794,525.0,3,17,3255.0
16017.0,15777.846514099794,525.0,3,17,3255.0
16018.0,15782.846514099794,525.0,3,17,3255.0
16019.0,15787.846514099794,525.0,3,17,3255.0
16020.0,15792.846514099794,525.0,3,17,3255.0
16021.0,15797.846514099794,525.0,3,17,3255.0
16022.0,15802.846514099794,525.0,3,17,3255.0
16023.0,15807.846514099794,525.0,3,17,3255.0
16024.0,15812.846514099794,525.0,3,17,3255.0
16025.0,15817.846514099794,525.0,3,17,3255.0
16026.0,15822.846514099794,525.0,3,17,3255.0
16027.0,15827.846514099794,525.0,3,17,3255.0
16028.0,15832.846514099794,525.0,3,17,3255.0
16029.0,15837.846514099794,525.0,3,17,3255.0
16030.0,15842.846514099794,525.0,3,17,3255.0
16031.0,15847.846514099794,525.0,3,17,3255.0
16032.0,15852.846514099794,525.0,3,17,3255.0
16033.0,15857.846514099794,525.0,3,17,3255.0
16034.0,15862.846514099794,525.0,3,17,3255.0
16035.0,15867.846514099794,525.0,3,17,3255.0
16036.0,15872.846514099794,525.0,3,17,3255.0
16037.0,15877.846514099794,525.0,3,17,3255.0
16038.0,15882.846514099794,525.0,3,17,3255.0
16039.0,15887.846514099794,525.0,3,17,3255.0
16040.0,15892.846514099794,525.0,3,17,3255.0
16041.0,15897.846514099794,525.0,3,17,3255.0
16042.0,15902.846514099794,525.0,3,17,3255.0
16043.0,15907.846514099794,525.0,3,17,3255.0
16044.0,15912.846514099794,525.0,3,17,3255.0
16045.0,15917.846514099794,525.0,3,17,3255.0
16046.0,15922.846514099794,525.0,3,17,3255.0
16047.0,15927.846514099794,525.0,3,17,3255.0
16048.0,15932.846514099794,525.0,3,17,3255.0
16049.0,15937.846514099794,525.0,3,17,3255.0
16050.0,15942.846514099794,525.0,3,17,3255.0
16051.0,15947.846514099794,525.0,3,17,3255.0
16052.0,15952.846514099794,525.0,3,17,3255.0
16053.0,15957.846514099794,525.0,3,17,3255.0
16054.0,15962.846514099794,525.0,3,17,3255.0
16055.0,15967.846514099794,525.0,3,17,3255.0
16056.0,15972.846514099794,525.0,3,17,3255.0
16057.0,15977.846514099794,525.0,3,17,3255.0
16058.0,15982.846514099794,525.0,3,17,3255.0
16059.0,15987.846514099794,525.0,3,17,3255.0
16060.0,15992.846514099794,525.0,3,17,3255.0
16061.0,15997.846514099794,525.0,3,17,3255.0
16062.0,16002.846514099794,525.0,3,17,3255.0
16063.0,16007.846514099794,525.0,3,17,3255.0
16064.0,16012.846514099794,525.0,3,17,3255.0
16065.0,16017.846514099794,525.0,3,17,3255.0
16066.0,16022.846514099794,525.0,3,17,3255.0
16067.0,16027.846514099794,525.0,3,17,3255.0
16068.0,16032.846514099794,525.0,3,17,3255.0
16069.0,16037.846514099794,525.0,3,17,3255.0
16070.0,16042.846514099794,525.0,3,17,3255.0
16071.0,16047.846514099794,525.0,3,17,3255.0
16072.0,16052.846514099794,525.0,3,17,3255.0
16073.0,16057.846514099794,525.0,3,17,3255.0
16074.0,16062.846514099794,525.0,3,17,3255.0
16075.0,16067.846514099794,525.0,3,17,3255.0
16076.0,16072.846514099794,525.0,3,17,3255.0
16077.0,16077.846514099794,525.0,3,17,3255.0
16078.0,16082.846514099794,525.0,3,17,3255.0
16079.0,16087.846514099794,525.0,3,17,3255.0
16080.0,16092.846514099794,525.0,3,17,3255.0
16081.0,16097.846514099794,525.0,3,17,3255.0
16082.0,16102.846514099794,525.0,3,17,3255.0
16083.0,16107.846514099794,525.0,3,17,3255.0
16084.0,16112.846514099794,525.0,3,17,3255.0
16085.0,16117.846514099794,525.0,3,17,3255.0
16086.0,16122.846514099794,525.0,3,17,3255.0
16087.0,16127.846514099794,525.0,3,17,3255.0
16088.0,16132.846514099794,525.0,3,17,3255.0
16089.0,16137.846514099794,525.0,3,17,3255.0
16090.0,16142.846514099794,525.0,3,17,3255.0
16091.0,16147.846514099794,525.0,3,17,3255.0
16092.0,16152.846514099794,525.0,3,17,3255.0
16093.0,16157.846514099794,525.0,3,17,3255.0
16094.0,16162.846514099794,525.0,3,17,3255.0
16095.0,16167.846514099794,525.0,3,17,3255.0
16096.0,16172.846514099794,525.0,3,17,3255.0
16097.0,16177.846514099794,525.0,3,17,3255.0
16098.0,16182.846514099794,525.0,3,17,3255.0
16099.0,16187.846514099794,525.0,3,17,3255.0
16100.0,16192.846514099794,525.0,3,17,3255.0
16101.0,16197.846514099794,525.0,3,17,3255.0
16102.0,16202.846514099794,525.0,3,17,3255.0
16103.0,16207.846514099794,525.0,3,17,3255.0
16104.0,16212.846514099794,525.0,3,17,3255.0
16105.0,16217.846514099794,525.0,3,17,3255.0
16106.0,16222.846514099794,525.0,3,17,3255.0
16107.0,16227.846514099794,525.0,3,17,3255.0
16108.0,16232.846514099794,525.0,3,17,3255.0
16109.0,16237.846514099794,525.0,3,17,3255.0
16110.0,16242.846514099794,525.0,3,17,3255.0
16111.0,16247.846514099794,525.0,3,17,3255.0
16112.0,16252.846514099794,525.0,3,17,3255.0
16113.0,16257.846514099794,525.0,3,17,3255.0
16114.0,16262.846514099794,525.0,3,17,3255.0
16115.0,16267.846514099794,525.0,3,17,3255.0
16116.0,16272.846514099794,525.0,3,17,3255.0
16117.0,16277.846514099794,525.0,3,17,3255.0
16118.0,16282.846514099794,525.0,3,17,3255.0
16119.0,16287.846514099794,525.0,3,17,3255.0
16120.0,16292.846514099794,525.0,3,17,3255.0
16121.0,16297.846514099794,525.0,3,17,3255.0
16122.0,16302.846514099794,525.0,3,17,3255.0
16123.0,16307.846514099794,525.0,3,17,3255.0
16124.0,16312.846514099794,525.0,3,17,3255.0
16125.0,16317.846514099794,525.0,3,17,3255.0
16126.0,16322.846514099794,525.0,3,17,3255.0
16127.0,16327.846514099794,525.0,3,17,3255.0
16128.0,16332.846514099794,525.0,3,17,3255.0
16129.0,16337.846514099794,525.0,3,17,3255.0
16130.0,16342.846514099794,525.0,3,17,3255.0
16131.0,16347.846514099794,525.0,3,17,3255.0
16132.0,16352.846514099794,525.0,3,17,3255.0
16133.0,16357.846514099794,525.0,3,17,3255.0
16134.0,16362.846514099794,525.0,3,17,3255.0
16135.0,16367.846514099794,525.0,3,17,3255.0
16136.0,16372.846514099794,525.0,3,17,3255.0
16137.0,16377.846514099794,525.0,3,17,3255.0
16138.0,16382.846514099794,525.0,3,17,3255.0
16139.0,16387.846514099794,525.0,3,17,3255.0
16140.0,16392.846514099794,525.0,3,17,3255.0
16141.0,16397.846514099794,525.0,3,17,3255.0
16142.0,16402.846514099794,525.0,3,17,3255.0
16143.0,16407.846514099794,525.0,3,17,3255.0
16144.0,16412.846514099794,525.0,3,17,3255.0
16145.0,16417.846514099794,525.0,3,17,3255.0
16146.0,16422.846514099794,525.0,3,17,3255.0
16147.0,16427.846514099794,525.0,3,17,3255.0
16148.0,16432.846514099794,525.0,3,17,3255.0
16149.0,16437.846514099794,525.0,3,17,3255.0
16150.0,16442.846514099794,525.0,3,17,3255.0
16151.0,16447.846514099794,525.0,3,17,3255.0
16152.0,16452.846514099794,525.0,3,17,3255.0
16153.0,16457.846514099794,525.0,3,17,3255.0
16154.0,16462.846514099794,525.0,3,17,3255.0
16155.0,16467.846514099794,525.0,3,17,3255.0
16156.0,16472.846514099794,525.0,3,17,3255.0
16157.0,16477.846514099794,525.0,3,17,3255.0
16158.0,16482.846514099794,525.0,3,17,3255.0
16159.0,16487.846514099794,525.0,3,17,3255.0
16160.0,16492.846514099794,525.0,3,17,3255.0
16161.0,16497.846514099794,525.0,3,17,3255.0
16162.0,16502.846514099794,525.0,3,17,3255.0
16163.0,16507.846514099794,525.0,3,17,3255.0
16164.0,16512.846514099794,525.0,3,17,3255.0
16165.0,16517.846514099794,525.0,3,17,3255.0
16166.0,16522.846514099794,525.0,3,17,3255.0
16167.0,16527.846514099794,525.0,3,17,3255.0
16168.0,16532.846514099794,525.0,3,17,3255.0
16169.0,16537.846514099794,525.0,3,17,3255.0
16170.0,16542.846514099794,525.0,3,17,3255.0
16171.0,16547.846514099794,525.0,3,17,3255.0
16172.0,16552.846514099794,525.0,3,17,3255.0
16173.0,16557.846514099794,525.0,3,17,3255.0
16174.0,16562.846514099794,525.0,3,17,3255.0
16175.0,16567.846514099794,525.0,3,17,3255.0
16176.0,16572.846514099794,525.0,3,17,3255.0
16177.0,16577.846514099794,525.0,3,17,3255.0
16178.0,16582.846514099794,525.0,3,17,3255.0
16179.0,16587.846514099794,525.0,3,17,3255.0
16180.0,16592.846514099794,525.0,3,17,3255.0
16181.0,16597.846514099794,525.0,3,17,3255.0
16182.0,16602.846514099794,525.0,3,17,3255.0
16183.0,16607.846514099794,525.0,3,17,3255.0
16184.0,16612.846514099794,525.0,3,17,3255.0
16185.0,16617.846514099794,525.0,3,17,3255.0
16186.0,16622.846514099794,525.0,3,17,3255.0
16187.0,16627.846514099794,525.0,3,17,3255.0
16188.0,16632.846514099794,525.0,3,17,3255.0
16189.0,16637.846514099794,525.0,3,17,3255.0
16190.0,16642.846514099794,525.0,3,17,3255.0
16191.0,16647.846514099794,525.0,3,17,3255.0
16192.0,16652.846514099794,525.0,3,17,3255.0
16193.0,16657.846514099794,525.0,3,17,3255.0
16194.0,16662.846514099794,525.0,3,17,3255.0
16195.0,16667.846514099794,525.0,3,17,3255.0
16196.0,16672.846514099794,525.0,3,17,3255.0
16197.0,16677.846514099794,525.0,3,17,3255.0
16198.0,16682.846514099794,525.0,3,17,3255.0
16199.0,16687.846514099794,525.0,3,17,3255.0
16200.0,16692.846514099794,525.0,3,17,3255.0
16201.0,16697.846514099794,525.0,3,17,3255.0
16202.0,16702.846514099794,525.0,3,17,3255.0
16203.0,16707.846514099794,525.0,3,17,3255.0
16204.0,16712.846514099794,525.0,3,17,3255.0
16205.0,16717.846514099794,525.0,3,17,3255.0
16206.0,16722.846514099794,525.0,3,17,3255.0
16207.0,16727.846514099794,525.0,3,17,3255.0
16208.0,16732.846514099794,525.0,3,17,3255.0
16209.0,16737.846514099794,525.0,3,17,3255.0
16210.0,16742.846514099794,525.0,3,17,3255.0
16211.0,16747.846514099794,525.0,3,17,3255.0
16212.0,16752.846514099794,525.0,3,17,3255.0
16213.0,16757.846514099794,525.0,3,17,3255.0
16214.0,16762.846514099794,525.0,3,17,3255.0
16215.0,16767.846514099794,525.0,3,17,3255.0
16216.0,16772.846514099794,525.0,3,17,3255.0
16217.0,16777.846514099794,525.0,3,17,3255.0
16218.0,16782.846514099794,525.0,3,17,3255.0
16219.0,16787.846514099794,525.0,3,17,3255.0
16220.0,16792.846514099794,525.0,3,17,3255.0
16221.0,16797.846514099794,525.0,3,17,3255.0
16222.0,16802.846514099794,525.0,3,17,3255.0
16223.0,16807.846514099794,525.0,3,17,3255.0
16224.0,16812.846514099794,525.0,3,17,3255.0
16225.0,16817.846514099794,525.0,3,17,3255.0
16226.0,16822.846514099794,525.0,3,17,3255.0
16227.0,16827.846514099794,525.0,3,17,3255.0
16228.0,16832.846514099794,525.0,3,17,3255.0
16229.0,16837.846514099794,525.0,3,17,3255.0
16230.0,16842.846514099794,525.0,3,17,3255.0
16231.0,16847.846514099794,525.0,3,17,3255.0
16232.0,16852.846514099794,525.0,3,17,3255.0
16233.0,16857.846514099794,525.0,3,17,3255.0
16234.0,16862.846514099794,525.0,3,17,3255.0
16235.0,16867.846514099794,525.0,3,17,3255.0
16236.0,16872.846514099794,525.0,3,17,3255.0
16237.0,16877.846514099794,525.0,3,17,3255.0
16238.0,16882.846514099794,525.0,3,17,3255.0
16239.0,16887.846514099794,525.0,3,17,3255.0
16240.0,16892.846514099794,525.0,3,17,3255.0
16241.0,16897.846514099794,525.0,3,17,3255.0
16242.0,16902.846514099794,525.0,3,17,3255.0
16243.0,16907.846514099794,525.0,3,17,3255.0
16244.0,16912.846514099794,525.0,3,17,3255.0
16245.0,16917.846514099794,525.0,3,17,3255.0
16246.0,16922.846514099794,525.0,3,17,3255.0
16247.0,16927.846514099794,525.0,3,17,3255.0
16248.0,16932.846514099794,525.0,3,17,3255.0
16249.0,16937.846514099794,525.0,3,17,3255.0
16250.0,16942.846514099794,525.0,3,17,3255.0
16251.0,16947.846514099794,525.0,3,17,3255.0
16252.0,16952.846514099794,525.0,3,17,3255.0
16253.0,16957.846514099794,525.0,3,17,3255.0
16254.0,16962.846514099794,525.0,3,17,3255.0
16255.0,16967.846514099794,525.0,3,17,3255.0
16256.0,16972.846514099794,525.0,3,17,3255.0
16257.0,16977.846514099794,525.0,3,17,3255.0
16258.0,16982.846514099794,525.0,3,17,3255.0
16259.0,16987.846514099794,525.0,3,17,3255.0
16260.0,16992.846514099794,525.0,3,17,3255.0
16261.0,16997.846514099794,525.0,3,17,3255.0
16262.0,17002.846514099794,525.0,3,17,3255.0
16263.0,17007.846514099794,525.0,3,17,3255.0
16264.0,17012.846514099794,525.0,3,17,3255.0
16265.0,17017.846514099794,525.0,3,17,3255.0
16266.0,17022.846514099794,525.0,3,17,3255.0
16267.0,17027.846514099794,525.0,3,17,3255.0
16268.0,17032.846514099794,525.0,3,17,3255.0
16269.0,17037.846514099794,525.0,3,17,3255.0
16270.0,17042.846514099794,525.0,3,17,3255.0
16271.0,17047.846514099794,525.0,3,17,3255.0
16272.0,17052.846514099794,525.0,3,17,3255.0
16273.0,17057.846514099794,525.0,3,17,3255.0
16274.0,17062.846514099794,525.0,3,17,3255.0
16275.0,17067.846514099794,525.0,3,17,3255.0
16276.0,17072.846514099794,525.0,3,17,3255.0
16277.0,17077.846514099794,525.0,3,17,3255.0
16278.0,17082.846514099794,525.0,3,17,3255.0
16279.0,17087.846514099794,525.0,3,17,3255.0
16280.0,17092.846514099794,525.0,3,17,3255.0
16281.0,17097.846514099794,525.0,3,17,3255.0
16282.0,17102.846514099794,525.0,3,17,3255.0
16283.0,17107.846514099794,525.0,3,17,3255.0
16284.0,17112.846514099794,525.0,3,17,3255.0
16285.0,17117.846514099794,525.0,3,17,3255.0
16286.0,17122.846514099794,525.0,3,17,3255.0
16287.0,17127.846514099794,525.0,3,17,3255.0
16288.0,17132.846514099794,525.0,3,17,3255.0
16289.0,17137.846514099794,525.0,3,17,3255.0
16290.0,17142.846514099794,525.0,3,17,3255.0
16291.0,17147.846514099794,525.0,3,17,3255.0
16292.0,17152.846514099794,525.0,3,17,3255.0
16293.0,17157.846514099794,525.0,3,17,3255.0
16294.0,17162.846514099794,525.0,3,17,3255.0
16295.0,17167.846514099794,525.0,3,17,3255.0
16296.0,17172.846514099794,525.0,3,17,3255.0
16297.0,17177.846514099794,525.0,3,17,3255.0
16298.0,17182.846514099794,525.0,3,17,3255.0
16299.0,17187.846514099794,525.0,3,17,3255.0
16300.0,17192.846514099794,525.0,3,17,3255.0
16301.0,17197.846514099794,525.0,3,17,3255.0
16302.0,17202.846514099794,525.0,3,17,3255.0
16303.0,17207.846514099794,525.0,3,17,3255.0
16304.0,17212.846514099794,525.0,3,17,3255.0
16305.0,17217.846514099794,525.0,3,17,3255.0
16306.0,17222.846514099794,525.0,3,17,3255.0
16307.0,17227.846514099794,525.0,3,17,3255.0
16308.0,17232.846514099794,525.0,3,17,3255.0
16309.0,17237.846514099794,525.0,3,17,3255.0
16310.0,17242.846514099794,525.0,3,17,3255.0
16311.0,17247.846514099794,525.0,3,17,3255.0
16312.0,17252.846514099794,525.0,3,17,3255.0
16313.0,17257.846514099794,525.0,3,17,3255.0
16314.0,17262.846514099794,525.0,3,17,3255.0
16315.0,17267.846514099794,525.0,3,17,3255.0
16316.0,17272.846514099794,525.0,3,17,3255.0
16317.0,17277.846514099794,525.0,3,17,3255.0
16318.0,17282.846514099794,525.0,3,17,3255.0
16319.0,17287.846514099794,525.0,3,17,3255.0
16320.0,17292.846514099794,525.0,3,17,3255.0
16321.0,17297.846514099794,525.0,3,17,3255.0
16322.0,17302.846514099794,525.0,3,17,3255.0
16323.0,17307.846514099794,525.0,3,17,3255.0
16324.0,17312.846514099794,525.0,3,17,3255.0
16325.0,17317.846514099794,525.0,3,17,3255.0
16326.0,17322.846514099794,525.0,3,17,3255.0
16327.0,17327.846514099794,525.0,3,17,3255.0
16328.0,17332.846514099794,525.0,3,17,3255.0
16329.0,17337.846514099794,525.0,3,17,3255.0
16330.0,17342.846514099794,525.0,3,17,3255.0
16331.0,17347.846514099794,525.0,3,17,3255.0
16332.0,17352.846514099794,525.0,3,17,3255.0
16333.0,17357.846514099794,525.0,3,17,3255.0
16334.0,17362.846514099794,525.0,3,17,3255.0
16335.0,17367.846514099794,525.0,3,17,3255.0
16336.0,17372.846514099794,525.0,3,17,3255.0
16337.0,17377.846514099794,525.0,3,17,3255.0
16338.0,17382.846514099794,525.0,3,17,3255.0
16339.0,17387.846514099794,525.0,3,17,3255.0
16340.0,17392.846514099794,525.0,3,17,3255.0
16341.0,17397.846514099794,525.0,3,17,3255.0
16342.0,17402.846514099794,525.0,3,17,3255.0
16343.0,17407.846514099794,525.0,3,17,3255.0
16344.0,17412.846514099794,525.0,3,17,3255.0
16345.0,17417.846514099794,525.0,3,17,3255.0
16346.0,17422.846514099794,525.0,3,17,3255.0
16347.0,17427.846514099794,525.0,3,17,3255.0
16348.0,17432.846514099794,525.0,3,17,3255.0
16349.0,17437.846514099794,525.0,3,17,3255.0
16350.0,17442.846514099794,525.0,3,17,3255.0
16351.0,17447.846514099794,525.0,3,17,3255.0
16352.0,17452.846514099794,525.0,3,17,3255.0
16353.0,17457.846514099794,525.0,3,17,3255.0
16354.0,17462.846514099794,525.0,3,17,3255.0
16355.0,17467.846514099794,525.0,3,17,3255.0
16356.0,17472.846514099794,525.0,3,17,3255.0
16357.0,17477.846514099794,525.0,3,17,3255.0
16358.0,17482.846514099794,525.0,3,17,3255.0
16359.0,17487.846514099794,525.0,3,17,3255.0
16360.0,17492.846514099794,525.0,3,17,3255.0
16361.0,17497.846514099794,525.0,3,17,3255.0
16362.0,17502.846514099794,525.0,3,17,3255.0
16363.0,17507.846514099794,525.0,3,17,3255.0
16364.0,17512.846514099794,525.0,3,17,3255.0
16365.0,17517.846514099794,525.0,3,17,3255.0
16366.0,17522.846514099794,525.0,3,17,3255.0
16367.0,17527.846514099794,525.0,3,17,3255.0
16368.0,17532.846514099794,525.0,3,17,3255.0
16369.0,17537.846514099794,525.0,3,17,3255.0
16370.0,17542.846514099794,525.0,3,17,3255.0
16371.0,17547.846514099794,525.0,3,17,3255.0
16372.0,17552.846514099794,525.0,3,17,3255.0
16373.0,17557.846514099794,525.0,3,17,3255.0
16374.0,17562.846514099794,525.0,3,17,3255.0
16375.0,17567.846514099794,525.0,3,17,3255.0
16376.0,17572.846514099794,525.0,3,17,3255.0
16377.0,17577.846514099794,525.0,3,17,3255.0
16378.0,17582.846514099794,525.0,3,17,3255.0
16379.0,17587.846514099794,525.0,3,17,3255.0
16380.0,17592.846514099794,525.0,3,17,3255.0
16381.0,17597.846514099794,525.0,3,17,3255.0
16382.0,17602.846514099794,525.0,3,17,3255.0
16383.0,17607.846514099794,525.0,3,17,3255.0
16384.0,17612.846514099794,525.0,3,17,3255.0
16385.0,17617.846514099794,525.0,3,17,3255.0
16386.0,17622.846514099794,525.0,3,17,3255.0
16387.0,17627.846514099794,525.0,3,17,3255.0
16388.0,17632.846514099794,525.0,3,17,3255.0
16389.0,17637.846514099794,525.0,3,17,3255.0
16390.0,17642.846514099794,525.0,3,17,3255.0
16391.0,17647.846514099794,525.0,3,17,3255.0
16392.0,17652.846514099794,525.0,3,17,3255.0
16393.0,17657.846514099794,525.0,3,17,3255.0
16394.0,17662.846514099794,525.0,3,17,3255.0
16395.0,17667.846514099794,525.0,3,17,3255.0
16396.0,17672.846514099794,525.0,3,17,3255.0
16397.0,17677.846514099794,525.0,3,17,3255.0
16398.0,17682.846514099794,525.0,3,17,3255.0
16399.0,17687.846514099794,525.0,3,17,3255.0
16400.0,17692.846514099794,525.0,3,17,3255.0
16401.0,17697.846514099794,525.0,3,17,3255.0
16402.0,17702.846514099794,525.0,3,17,3255.0
16403.0,17707.846514099794,525.0,3,17,3255.0
16404.0,17712.846514099794,525.0,3,17,3255.0
16405.0,17717.846514099794,525.0,3,17,3255.0
16406.0,17722.846514099794,525.0,3,17,3255.0
16407.0,17727.846514099794,525.0,3,17,3255.0
16408.0,17732.846514099794,525.0,3,17,3255.0
16409.0,17737.846514099794,525.0,3,17,3255.0
16410.0,17742.846514099794,525.0,3,17,3255.0
16411.0,17747.846514099794,525.0,3,17,3255.0
16412.0,17752.846514099794,525.0,3,17,3255.0
16413.0,17757.846514099794,525.0,3,17,3255.0
16414.0,17762.846514099794,525.0,3,17,3255.0
16415.0,17767.846514099794,525.0,3,17,3255.0
16416.0,17772.846514099794,525.0,3,17,3255.0
16417.0,17777.846514099794,525.0,3,17,3255.0
16418.0,17782.846514099794,525.0,3,17,3255.0
16419.0,17787.846514099794,525.0,3,17,3255.0
16420.0,17792.846514099794,525.0,3,17,3255.0
16421.0,17797.846514099794,525.0,3,17,3255.0
16422.0,17802.846514099794,525.0,3,17,3255.0
16423.0,17807.846514099794,525.0,3,17,3255.0
16424.0,17812.846514099794,525.0,3,17,3255.0
16425.0,17817.846514099794,525.0,3,17,3255.0
16426.0,17822.846514099794,525.0,3,17,3255.0
16427.0,17827.846514099794,525.0,3,17,3255.0
16428.0,17832.846514099794,525.0,3,17,3255.0
16429.0,17837.846514099794,525.0,3,17,3255.0
16430.0,17842.846514099794,525.0,3,17,3255.0
16431.0,17847.846514099794,525.0,3,17,3255.0
16432.0,17852.846514099794,525.0,3,17,3255.0
16433.0,17857.846514099794,525.0,3,17,3255.0
16434.0,17862.846514099794,525.0,3,17,3255.0
16435.0,17867.846514099794,525.0,3,17,3255.0
16436.0,17872.846514099794,525.0,3,17,3255.0
16437.0,17877.846514099794,525.0,3,17,3255.0
16438.0,17882.846514099794,525.0,3,17,3255.0
16439.0,17887.846514099794,525.0,3,17,3255.0
16440.0,17892.846514099794,525.0,3,17,3255.0
16441.0,17897.846514099794,525.0,3,17,3255.0
16442.0,17902.846514099794,525.0,3,17,3255.0
16443.0,17907.846514099794,525.0,3,17,3255.0
16444.0,17912.846514099794,525.0,3,17,3255.0
16445.0,17917.846514099794,525.0,3,17,3255.0
16446.0,17922.846514099794,525.0,3,17,3255.0
16447.0,17927.846514099794,525.0,3,17,3255.0
16448.0,17932.846514099794,525.0,3,17,3255.0
16449.0,17937.846514099794,525.0,3,17,3255.0
16450.0,17942.846514099794,525.0,3,17,3255.0
16451.0,17947.846514099794,525.0,3,17,3255.0
16452.0,17952.846514099794,525.0,3,17,3255.0
16453.0,17957.846514099794,525.0,3,17,3255.0
16454.0,17962.846514099794,525.0,3,17,3255.0
16455.0,17967.846514099794,525.0,3,17,3255.0
16456.0,17972.846514099794,525.0,3,17,3255.0
16457.0,17977.846514099794,525.0,3,17,3255.0
16458.0,17982.846514099794,525.0,3,17,3255.0
16459.0,17987.846514099794,525.0,3,17,3255.0
16460.0,17992.846514099794,525.0,3,17,3255.0
16461.0,17997.846514099794,525.0,3,17,3255.0
16462.0,18002.846514099794,525.0,3,17,3255.0
16463.0,18007.846514099794,525.0,3,17,3255.0
16464.0,18012.846514099794,525.0,3,17,3255.0
16465.0,18017.846514099794,525.0,3,17,3255.0
16466.0,18022.846514099794,525.0,3,17,3255.0
16467.0,18027.846514099794,525.0,3,17,3255.0
16468.0,18032.846514099794,525.0,3,17,3255.0
16469.0,18037.846514099794,525.0,3,17,3255.0
16470.0,18042.846514099794,525.0,3,17,3255.0
16471.0,18047.846514099794,525.0,3,17,3255.0
16472.0,18052.846514099794,525.0,3,17,3255.0
16473.0,18057.846514099794,525.0,3,17,3255.0
16474.0,18062.846514099794,525.0,3,17,3255.0
16475.0,18067.846514099794,525.0,3,17,3255.0
16476.0,18072.846514099794,525.0,3,17,3255.0
16477.0,18077.846514099794,525.0,3,17,3255.0
16478.0,18082.846514099794,525.0,3,17,3255.0
16479.0,18087.846514099794,525.0,3,17,3255.0
16480.0,18092.846514099794,525.0,3,17,3255.0
16481.0,18097.846514099794,525.0,3,17,3255.0
16482.0,18102.846514099794,525.0,3,17,3255.0
16483.0,18107.846514099794,525.0,3,17,3255.0
16484.0,18112.846514099794,525.0,3,17,3255.0
16485.0,18117.846514099794,525.0,3,17,3255.0
16486.0,18122.846514099794,525.0,3,17,3255.0
16487.0,18127.846514099794,525.0,3,17,3255.0
16488.0,18132.846514099794,525.0,3,17,3255.0
16489.0,18137.846514099794,525.0,3,17,3255.0
16490.0,18142.846514099794,525.0,3,17,3255.0
16491.0,18147.846514099794,525.0,3,17,3255.0
16492.0,18152.846514099794,525.0,3,17,3255.0
16493.0,18157.846514099794,525.0,3,17,3255.0
16494.0,18162.846514099794,525.0,3,17,3255.0
16495.0,18167.846514099794,525.0,3,17,3255.0
16496.0,18172.846514099794,525.0,3,17,3255.0
16497.0,18177.846514099794,525.0,3,17,3255.0
16498.0,18182.846514099794,525.0,3,17,3255.0
16499.0,18187.846514099794,525.0,3,17,3255.0
16500.0,18192.846514099794,525.0,3,17,3255.0
16501.0,18197.846514099794,525.0,3,17,3255.0
16502.0,18202.846514099794,525.0,3,17,3255.0
16503.0,18207.846514099794,525.0,3,17,3255.0
16504.0,18212.846514099794,525.0,3,17,3255.0
16505.0,18217.846514099794,525.0,3,17,3255.0
16506.0,18222.846514099794,525.0,3,17,3255.0
16507.0,18227.846514099794,525.0,3,17,3255.0
16508.0,18232.846514099794,525.0,3,17,3255.0
16509.0,18237.846514099794,525.0,3,17,3255.0
16510.0,18242.846514099794,525.0,3,17,3255.0
16511.0,18247.846514099794,525.0,3,17,3255.0
16512.0,18252.846514099794,525.0,3,17,3255.0
16513.0,18257.846514099794,525.0,3,17,3255.0
16514.0,18262.81762378473,525.0,3,17,3255.0
16515.0,18267.700919261508,525.0,3,17,3255.0
16516.0,18272.486548828754,525.0,3,17,3255.0
16517.0,18277.176465804652,525.0,3,17,3255.0
16518.0,18281.77258444103,525.0,3,17,3255.0
16519.0,18286.276780704684,525.0,3,17,3255.0
16520.0,18290.690893043065,525.0,3,17,3255.0
16521.0,18295.01672313468,525.0,3,17,3255.0
16522.0,18299.256036624458,525.0,3,17,3255.0
16523.0,18303.410563844445,525.0,3,17,3255.0
16524.0,18307.48200052003,525.0,3,17,3255.0
16525.0,18311.472008462108,525.0,3,17,3255.0
16526.0,18315.382216245336,525.0,3,17,3255.0
16527.0,18319.214219872905,525.0,3,17,3255.0
16528.0,18322.969583427926,525.0,3,17,3255.0
16529.0,18326.64983971184,525.0,3,17,3255.0
16530.0,18330.256490870073,525.0,3,17,3255.0
16531.0,18333.791009005152,525.0,3,17,3255.0
16532.0,18337.254836777523,525.0,3,17,3255.0
16533.0,18340.649387994446,525.0,3,17,3255.0
16534.0,18343.976048187033,525.0,3,17,3255.0
16535.0,18347.236175175763,525.0,3,17,3255.0
16536.0,18350.431099624722,525.0,3,17,3255.0
16537.0,18353.562125584707,525.0,3,17,3255.0
16538.0,18356.630531025483,525.0,3,17,3255.0
16539.0,18359.63756835745,525.0,3,17,3255.0
16540.0,18362.584464942775,525.0,3,17,3255.0
16541.0,18365.472423596395,525.0,3,17,3255.0
16542.0,18368.30262307694,525.0,3,17,3255.0
16543.0,18371.076218567876,525.0,3,17,3255.0
16544.0,18373.79434214899,525.0,3,17,3255.0
16545.0,18376.45810325849,525.0,3,17,3255.0
16546.0,18379.06858914579,525.0,3,17,3255.0
16547.0,18381.626865315353,525.0,3,17,3255.0
16548.0,18384.133975961522,525.0,3,17,3255.0
16549.0,18386.59094439476,525.0,3,17,3255.0
16550.0,18388.998773459345,525.0,3,17,3255.0
16551.0,18391.358445942627,525.0,3,17,3255.0
16552.0,18393.67092497625,525.0,3,17,3255.0
16553.0,18395.9371544292,525.0,3,17,3255.0
16554.0,18398.15805929309,525.0,3,17,3255.0
16555.0,18400.334546059705,525.0,3,17,3255.0
16556.0,18402.467503090986,525.0,3,17,3255.0
16557.0,18404.557800981638,525.0,3,17,3255.0
16558.0,18406.606292914483,525.0,3,17,3255.0
16559.0,18408.613815008663,525.0,3,17,3255.0
16560.0,18410.581186660966,525.0,3,17,3255.0
16561.0,18412.50921088022,525.0,3,17,3255.0
16562.0,18414.39867461509,525.0,3,17,3255.0
16563.0,18416.250349075264,525.0,3,17,3255.0
16564.0,18418.06499004623,525.0,3,17,3255.0
16565.0,18419.84333819778,525.0,3,17,3255.0
16566.0,18421.586119386302,525.0,3,17,3255.0
16567.0,18423.29404495105,525.0,3,17,3255.0
16568.0,18424.967812004506,525.0,3,17,3255.0
16569.0,18426.60810371689,525.0,3,17,3255.0
16570.0,18428.215589595027,525.0,3,17,3255.0
16571.0,18429.790925755602,525.0,3,17,3255.0
16572.0,18431.334755192962,525.0,3,17,3255.0
16573.0,18432.847708041576,525.0,3,17,3255.0
16574.0,18434.33040183322,525.0,3,17,3255.0
16575.0,18435.78344174903,525.0,3,17,3255.0
16576.0,18437.20742086652,525.0,3,17,3255.0
16577.0,18438.602920401667,525.0,3,17,3255.0
16578.0,18439.970509946106,525.0,3,17,3255.0
16579.0,18441.31074769966,525.0,3,17,3255.0
16580.0,18442.62418069814,525.0,3,17,3255.0
16581.0,18443.91134503665,525.0,3,17,3255.0
16582.0,18445.1727660884,525.0,3,17,3255.0
16583.0,18446.408958719105,525.0,3,17,3255.0
16584.0,18447.62042749719,525.0,3,17,3255.0
16585.0,18448.807666899724,525.0,3,17,3255.0
16586.0,18449.971161514208,525.0,3,17,3255.0
16587.0,18451.111386236393,525.0,3,17,3255.0
16588.0,18452.22880646414,525.0,3,17,3255.0
16589.0,18453.32387828733,525.0,3,17,3255.0
16590.0,18454.397048674058,525.0,3,17,3255.0
16591.0,18455.44875565305,525.0,3,17,3255.0
16592.0,18456.479428492472,525.0,3,17,3255.0
16593.0,18457.489487875093,525.0,3,17,3255.0
16594.0,18458.479346070068,525.0,3,17,3255.0
16595.0,18459.449407101136,525.0,3,17,3255.0
16596.0,18460.400066911585,525.0,3,17,3255.0
16597.0,18461.331713525833,525.0,3,17,3255.0
16598.0,18462.24472720779,525.0,3,17,3255.0
16599.0,18463.139480616104,525.0,3,17,3255.0
16600.0,18464.01633895626,525.0,3,17,3255.0
16601.0,18464.87566012961,525.0,3,17,3255.0
16602.0,18465.717794879492,525.0,3,17,3255.0
16603.0,18466.543086934376,525.0,3,17,3255.0
16604.0,18467.351873148167,525.0,3,17,3255.0
16605.0,18468.144483637676,525.0,3,17,3255.0
16606.0,18468.921241917393,525.0,3,17,3255.0
16607.0,18469.682465031525,525.0,3,17,3255.0
16608.0,18470.42846368337,525.0,3,17,3255.0
16609.0,18471.15954236217,525.0,3,17,3255.0
16610.0,18471.875999467404,525.0,3,17,3255.0
16611.0,18472.578127430534,525.0,3,17,3255.0
16612.0,18473.266212834395,525.0,3,17,3255.0
16613.0,18473.94053653018,525.0,3,17,3255.0
16614.0,18474.601373752048,525.0,3,17,3255.0
16615.0,18475.248994229485,525.0,3,17,3255.0
16616.0,18475.88366229737,525.0,3,17,3255.0
16617.0,18476.505637003895,525.0,3,17,3255.0
16618.0,18477.115172216298,525.0,3,17,3255.0
16619.0,18477.712516724445,525.0,3,17,3255.0
16620.0,18478.29791434243,525.0,3,17,3255.0
16621.0,18478.871604008054,525.0,3,17,3255.0
16622.0,18479.433819880367,525.0,3,17,3255.0
16623.0,18479.98479143523,525.0,3,17,3255.0
16624.0,18480.524743559,525.0,3,17,3255.0
16625.0,18481.053896640296,525.0,3,17,3255.0
16626.0,18481.572466659964,525.0,3,17,3255.0
16627.0,18482.080665279238,525.0,3,17,3255.0
16628.0,18482.578699926133,525.0,3,17,3255.0
16629.0,18483.066773880084,525.0,3,17,3255.0
16630.0,18483.545086354956,525.0,3,17,3255.0
16631.0,18484.013832580327,525.0,3,17,3255.0
16632.0,18484.4732038812,525.0,3,17,3255.0
16633.0,18484.923387756047,525.0,3,17,3255.0
16634.0,18485.364567953402,525.0,3,17,3255.0
16635.0,18485.796924546812,525.0,3,17,3255.0
16636.0,18486.22063400835,525.0,3,17,3255.0
16637.0,18486.635869280653,525.0,3,17,3255.0
16638.0,18487.042799847513,525.0,3,17,3255.0
16639.0,18487.441591803043,525.0,3,17,3255.0
16640.0,18487.832407919457,525.0,3,17,3255.0
16641.0,18488.215407713542,525.0,3,17,3255.0
16642.0,18488.590747511742,525.0,3,17,3255.0
16643.0,18488.95858051398,525.0,3,17,3255.0
16644.0,18489.319056856177,525.0,3,17,3255.0
16645.0,18489.672323671526,525.0,3,17,3255.0
16646.0,18490.018525150575,525.0,3,17,3255.0
16647.0,18490.357802600032,525.0,3,17,3255.0
16648.0,18490.690294500506,525.0,3,17,3255.0
16649.0,18491.016136562976,525.0,3,17,3255.0
16650.0,18491.33546178419,525.0,3,17,3255.0
16651.0,18491.648400500984,525.0,3,17,3255.0
16652.0,18491.955080443433,525.0,3,17,3255.0
16653.0,18492.25562678704,525.0,3,17,3255.0
16654.0,18492.55016220377,525.0,3,17,3255.0
16655.0,18492.838806912172,525.0,3,17,3255.0
16656.0,18493.121678726406,525.0,3,17,3255.0
16657.0,18493.39889310435,525.0,3,17,3255.0
16658.0,18493.67056319474,525.0,3,17,3255.0
16659.0,18493.93679988332,525.0,3,17,3255.0
16660.0,18494.197711838126,525.0,3,17,3255.0
16661.0,18494.45340555384,525.0,3,17,3255.0
16662.0,18494.703985395237,525.0,3,17,3255.0
16663.0,18494.949553639803,525.0,3,17,3255.0
16664.0,18495.190210519482,525.0,3,17,3255.0
16665.0,18495.426054261567,525.0,3,17,3255.0
16666.0,18495.657181128816,525.0,3,17,3255.0
16667.0,18495.883685458713,525.0,3,17,3255.0
16668.0,18496.105659702014,525.0,3,17,3255.0
16669.0,18496.32319446045,525.0,3,17,3255.0
16670.0,18496.536378523706,525.0,3,17,3255.0
16671.0,18496.745298905713,525.0,3,17,3255.0
16672.0,18496.950040880067,525.0,3,17,3255.0
16673.0,18497.150688014946,525.0,3,17,3255.0
16674.0,18497.34732220712,525.0,3,17,3255.0
16675.0,18497.540023715454,525.0,3,17,3255.0
16676.0,18497.72887119362,525.0,3,17,3255.0
16677.0,18497.913941722218,525.0,3,17,3255.0
16678.0,18498.095310840254,525.0,3,17,3255.0
16679.0,18498.273052575918,525.0,3,17,3255.0
16680.0,18498.447239476875,525.0,3,17,3255.0
16681.0,18498.61794263981,525.0,3,17,3255.0
16682.0,18498.785231739494,525.0,3,17,3255.0
16683.0,18498.949175057176,525.0,3,17,3255.0
16684.0,18499.109839508506,525.0,3,17,3255.0
16685.0,18499.26729067081,525.0,3,17,3255.0
16686.0,18499.42159280987,525.0,3,17,3255.0
16687.0,18499.572808906145,525.0,3,17,3255.0
16688.0,18499.721000680496,525.0,3,17,3255.0
16689.0,18499.866228619365,525.0,3,17,3255.0
16690.0,18500.008551999446,525.0,3,17,3255.0
16691.0,18500.148028911935,525.0,3,17,3255.0
16692.0,18500.284716286173,525.0,3,17,3255.0
16693.0,18500.41866991292,525.0,3,17,3255.0
16694.0,18500.549944467137,525.0,3,17,3255.0
16695.0,18500.678593530276,525.0,3,17,3255.0
16696.0,18500.80466961214,525.0,3,17,3255.0
16697.0,18500.92822417237,525.0,3,17,3255.0
16698.0,18501.0493076414,525.0,3,17,3255.0
16699.0,18501.16796944105,525.0,3,17,3255.0
16700.0,18501.2842580047,525.0,3,17,3255.0
16701.0,18501.398220797077,525.0,3,17,3255.0
16702.0,18501.509904333616,525.0,3,17,3255.0
16703.0,18501.619354199414,525.0,3,17,3255.0
16704.0,18501.7266150679,525.0,3,17,3255.0
16705.0,18501.831730719023,525.0,3,17,3255.0
16706.0,18501.934744057115,525.0,3,17,3255.0
16707.0,18502.01576565749,526.0,3,17,3254.0
16708.0,18502.01576565749,531.0,3,17,3249.0
16709.0,18502.01576565749,536.0,3,17,3244.0
16710.0,18502.01576565749,541.0,3,17,3239.0
16711.0,18502.01576565749,546.0,3,17,3234.0
16712.0,18502.01576565749,551.0,3,17,3229.0
16713.0,18502.01576565749,556.0,3,17,3224.0
16714.0,18502.01576565749,561.0,3,17,3219.0
16715.0,18502.01576565749,566.0,3,17,3214.0
16716.0,18502.01576565749,571.0,3,17,3209.0
16717.0,18502.01576565749,576.0,3,17,3204.0
16718.0,18502.01576565749,581.0,3,17,3199.0
16719.0,18502.01576565749,586.0,3,17,3194.0
16720.0,18502.01576565749,591.0,3,17,3189.0
16721.0,18502.01576565749,596.0,3,17,3184.0
16722.0,18502.01576565749,601.0,3,17,3179.0
16723.0,18502.01576565749,606.0,3,17,3174.0
16724.0,18502.01576565749,611.0,3,17,3169.0
16725.0,18502.01576565749,616.0,3,17,3164.0
16726.0,18502.01576565749,621.0,3,17,3159.0
16727.0,18502.01576565749,626.0,3,17,3154.0
16728.0,18502.01576565749,631.0,3,17,3149.0
16729.0,18502.01576565749,636.0,3,17,3144.0
16730.0,18502.01576565749,641.0,3,17,3139.0
16731.0,18502.01576565749,646.0,3,17,3134.0
16732.0,18502.01576565749,651.0,3,17,3129.0
16733.0,18502.01576565749,656.0,3,17,3124.0
16734.0,18502.01576565749,661.0,3,17,3119.0
16735.0,18502.01576565749,666.0,3,17,3114.0
16736.0,18502.01576565749,671.0,3,17,3109.0
16737.0,18502.01576565749,676.0,3,17,3104.0
16738.0,18502.01576565749,681.0,3,17,3099.0
16739.0,18502.01576565749,686.0,3,17,3094.0
16740.0,18502.01576565749,691.0,3,17,3089.0
16741.0,18502.01576565749,696.0,3,17,3084.0
16742.0,18502.01576565749,700.0,4,16,3080.0
16743.0,18502.065765657484,700.0,4,16,3080.0
16744.0,18502.365765657487,700.0,4,16,3080.0
16745.0,18502.65932436286,700.0,4,16,3080.0
16746.0,18503.149630626962,700.0,4,16,3080.0
16747.0,18503.838004519588,700.0,4,16,3080.0
16748.0,18504.725103826488,700.0,4,16,3080.0
16749.0,18505.811300443624,700.0,4,16,3080.0
16750.0,18507.096824197215,700.0,4,16,3080.0
16751.0,18508.58182672602,700.0,4,16,3080.0
16752.0,18510.26641321044,700.0,4,16,3080.0
16753.0,18512.15065953431,700.0,4,16,3080.0
16754.0,18514.23462221051,700.0,4,16,3080.0
16755.0,18516.518344439326,700.0,4,16,3080.0
16756.0,18519.00185997376,700.0,4,16,3080.0
16757.0,18521.685195678612,700.0,4,16,3080.0
16758.0,18524.56837327884,700.0,4,16,3080.0
16759.0,18527.651410586564,700.0,4,16,3080.0
16760.0,18530.934322382644,700.0,4,16,3080.0
16761.0,18534.41712106311,700.0,4,16,3080.0
16762.0,18538.099817121896,700.0,4,16,3080.0
16763.0,18541.949817121895,700.0,4,16,3080.0
16764.0,18545.949817121895,700.0,4,16,3080.0
16765.0,18549.949817121895,700.0,4,16,3080.0
16766.0,18553.949817121895,700.0,4,16,3080.0
16767.0,18557.949817121895,700.0,4,16,3080.0
16768.0,18561.949817121895,700.0,4,16,3080.0
16769.0,18565.949817121895,700.0,4,16,3080.0
16770.0,18568.949817121895,700.0,4,16,3080.0
16771.0,18571.949817121895,700.0,4,16,3080.0
16772.0,18574.949817121895,700.0,4,16,3080.0
16773.0,18577.949817121895,700.0,4,16,3080.0
16774.0,18580.949817121895,700.0,4,16,3080.0
16775.0,18583.949817121895,700.0,4,16,3080.0
16776.0,18586.949817121895,700.0,4,16,3080.0
16777.0,18589.949817121895,700.0,4,16,3080.0
16778.0,18592.949817121895,700.0,4,16,3080.0
16779.0,18595.949817121895,700.0,4,16,3080.0
16780.0,18598.949817121895,700.0,4,16,3080.0
16781.0,18601.949817121895,700.0,4,16,3080.0
16782.0,18604.949817121895,700.0,4,16,3080.0
16783.0,18607.949817121895,700.0,4,16,3080.0
16784.0,18610.949817121895,700.0,4,16,3080.0
16785.0,18613.949817121895,700.0,4,16,3080.0
16786.0,18616.949817121895,700.0,4,16,3080.0
16787.0,18619.949817121895,700.0,4,16,3080.0
16788.0,18622.949817121895,700.0,4,16,3080.0
16789.0,18625.949817121895,700.0,4,16,3080.0
16790.0,18628.949817121895,700.0,4,16,3080.0
16791.0,18631.949817121895,700.0,4,16,3080.0
16792.0,18633.949817121895,700.0,4,16,3080.0
16793.0,18635.949817121895,700.0,4,16,3080.0
16794.0,18637.949817121895,700.0,4,16,3080.0
16795.0,18639.949817121895,700.0,4,16,3080.0
16796.0,18641.949817121895,700.0,4,16,3080.0
16797.0,18643.949817121895,700.0,4,16,3080.0
16798.0,18645.949817121895,700.0,4,16,3080.0
16799.0,18647.949817121895,700.0,4,16,3080.0
16800.0,18649.949817121895,700.0,4,16,3080.0
16801.0,18651.949817121895,700.0,4,16,3080.0
16802.0,18653.949817121895,700.0,4,16,3080.0
16803.0,18655.949817121895,700.0,4,16,3080.0
16804.0,18657.949817121895,700.0,4,16,3080.0
16805.0,18659.949817121895,700.0,4,16,3080.0
16806.0,18661.949817121895,700.0,4,16,3080.0
16807.0,18663.949817121895,700.0,4,16,3080.0
16808.0,18665.949817121895,700.0,4,16,3080.0
16809.0,18667.949817121895,700.0,4,16,3080.0
16810.0,18669.949817121895,700.0,4,16,3080.0
16811.0,18671.949817121895,700.0,4,16,3080.0
16812.0,18673.949817121895,700.0,4,16,3080.0
16813.0,18675.949817121895,700.0,4,16,3080.0
16814.0,18677.949817121895,700.0,4,16,3080.0
16815.0,18679.949817121895,700.0,4,16,3080.0
16816.0,18681.949817121895,700.0,4,16,3080.0
16817.0,18683.949817121895,700.0,4,16,3080.0
16818.0,18685.949817121895,700.0,4,16,3080.0
16819.0,18687.949817121895,700.0,4,16,3080.0
16820.0,18689.949817121895,700.0,4,16,3080.0
16821.0,18691.949817121895,700.0,4,16,3080.0
16822.0,18693.949817121895,700.0,4,16,3080.0
16823.0,18695.949817121895,700.0,4,16,3080.0
16824.0,18697.949817121895,700.0,4,16,3080.0
16825.0,18699.949817121895,700.0,4,16,3080.0
16826.0,18701.949817121895,700.0,4,16,3080.0
16827.0,18703.949817121895,700.0,4,16,3080.0
16828.0,18705.949817121895,700.0,4,16,3080.0
16829.0,18707.949817121895,700.0,4,16,3080.0
16830.0,18709.949817121895,700.0,4,16,3080.0
16831.0,18711.949817121895,700.0,4,16,3080.0
16832.0,18713.949817121895,700.0,4,16,3080.0
16833.0,18715.949817121895,700.0,4,16,3080.0
16834.0,18717.949817121895,700.0,4,16,3080.0
16835.0,18719.949817121895,700.0,4,16,3080.0
16836.0,18721.949817121895,700.0,4,16,3080.0
16837.0,18723.949817121895,700.0,4,16,3080.0
16838.0,18725.949817121895,700.0,4,16,3080.0
16839.0,18727.949817121895,700.0,4,16,3080.0
16840.0,18729.949817121895,700.0,4,16,3080.0
16841.0,18731.949817121895,700.0,4,16,3080.0
16842.0,18733.949817121895,700.0,4,16,3080.0
16843.0,18735.949817121895,700.0,4,16,3080.0
16844.0,18737.949817121895,700.0,4,16,3080.0
16845.0,18739.949817121895,700.0,4,16,3080.0
16846.0,18741.949817121895,700.0,4,16,3080.0
16847.0,18743.949817121895,700.0,4,16,3080.0
16848.0,18745.949817121895,700.0,4,16,3080.0
16849.0,18747.949817121895,700.0,4,16,3080.0
16850.0,18749.949817121895,700.0,4,16,3080.0
16851.0,18751.949817121895,700.0,4,16,3080.0
16852.0,18753.949817121895,700.0,4,16,3080.0
16853.0,18755.949817121895,700.0,4,16,3080.0
16854.0,18757.949817121895,700.0,4,16,3080.0
16855.0,18759.949817121895,700.0,4,16,3080.0
16856.0,18761.949817121895,700.0,4,16,3080.0
16857.0,18763.949817121895,700.0,4,16,3080.0
16858.0,18765.949817121895,700.0,4,16,3080.0
16859.0,18767.949817121895,700.0,4,16,3080.0
16860.0,18769.949817121895,700.0,4,16,3080.0
16861.0,18771.949817121895,700.0,4,16,3080.0
16862.0,18773.949817121895,700.0,4,16,3080.0
16863.0,18775.949817121895,700.0,4,16,3080.0
16864.0,18777.949817121895,700.0,4,16,3080.0
16865.0,18779.949817121895,700.0,4,16,3080.0
16866.0,18781.949817121895,700.0,4,16,3080.0
16867.0,18783.949817121895,700.0,4,16,3080.0
16868.0,18785.949817121895,700.0,4,16,3080.0
16869.0,18787.949817121895,700.0,4,16,3080.0
16870.0,18789.949817121895,700.0,4,16,3080.0
16871.0,18791.949817121895,700.0,4,16,3080.0
16872.0,18793.949817121895,700.0,4,16,3080.0
16873.0,18795.949817121895,700.0,4,16,3080.0
16874.0,18797.949817121895,700.0,4,16,3080.0
16875.0,18799.949817121895,700.0,4,16,3080.0
16876.0,18801.949817121895,700.0,4,16,3080.0
16877.0,18803.949817121895,700.0,4,16,3080.0
16878.0,18805.949817121895,700.0,4,16,3080.0
16879.0,18807.949817121895,700.0,4,16,3080.0
16880.0,18809.949817121895,700.0,4,16,3080.0
16881.0,18811.949817121895,700.0,4,16,3080.0
16882.0,18813.949817121895,700.0,4,16,3080.0
16883.0,18815.949817121895,700.0,4,16,3080.0
16884.0,18817.949817121895,700.0,4,16,3080.0
16885.0,18819.949817121895,700.0,4,16,3080.0
16886.0,18821.949817121895,700.0,4,16,3080.0
16887.0,18823.949817121895,700.0,4,16,3080.0
16888.0,18825.949817121895,700.0,4,16,3080.0
16889.0,18827.949817121895,700.0,4,16,3080.0
16890.0,18829.949817121895,700.0,4,16,3080.0
16891.0,18831.949817121895,700.0,4,16,3080.0
16892.0,18833.949817121895,700.0,4,16,3080.0
16893.0,18835.949817121895,700.0,4,16,3080.0
16894.0,18837.949817121895,700.0,4,16,3080.0
16895.0,18839.949817121895,700.0,4,16,3080.0
16896.0,18841.949817121895,700.0,4,16,3080.0
16897.0,18843.949817121895,700.0,4,16,3080.0
16898.0,18845.949817121895,700.0,4,16,3080.0
16899.0,18847.949817121895,700.0,4,16,3080.0
16900.0,18848.999817121898,700.0,4,16,3080.0
16901.0,18850.299932514747,700.0,4,16,3080.0
16902.0,18851.603558262108,700.0,4,16,3080.0
16903.0,18853.21106957587,700.0,4,16,3080.0
16904.0,18855.122905744953,700.0,4,16,3080.0
16905.0,18857.339584707806,700.0,4,16,3080.0
16906.0,18859.861721704518,700.0,4,16,3080.0
16907.0,18862.69005331145,700.0,4,16,3080.0
16908.0,18865.825468586543,700.0,4,16,3080.0
16909.0,18869.26904957928,700.0,4,16,3080.0
16910.0,18873.022124048308,700.0,4,16,3080.0
16911.0,18877.086333740663,700.0,4,16,3080.0
16912.0,18881.463721649034,700.0,4,16,3080.0
16913.0,18886.156840457425,700.0,4,16,3080.0
16914.0,18891.16888034858,700.0,4,16,3080.0
16915.0,18896.50380508986,700.0,4,16,3080.0
16916.0,18902.16646867943,700.0,4,16,3080.0
16917.0,18908.162662806953,700.0,4,16,3080.0
16918.0,18914.499030999606,700.0,4,16,3080.0
16919.0,18921.18280404745,700.0,4,16,3080.0
16920.0,18928.22137904191,700.0,4,16,3080.0
16921.0,18935.57184912545,700.0,4,16,3080.0
16922.0,18942.940621646107,700.0,4,16,3080.0
16923.0,18950.333208780077,700.0,4,16,3080.0
16924.0,18957.754188205265,700.0,4,16,3080.0
16925.0,18965.20727777037,700.0,4,16,3080.0
16926.0,18972.695462164476,700.0,4,16,3080.0
16927.0,18980.221128523062,700.0,4,16,3080.0
16928.0,18987.7861890435,700.0,4,16,3080.0
16929.0,18995.392183008797,700.0,4,16,3080.0
16930.0,19003.04035803016,700.0,4,16,3080.0
16931.0,19010.731733289416,700.0,4,16,3080.0
16932.0,19018.46714826314,700.0,4,16,3080.0
16933.0,19026.247300153176,700.0,4,16,3080.0
16934.0,19034.072772688818,700.0,4,16,3080.0
16935.0,19041.94405838725,700.0,4,16,3080.0
16936.0,19049.86157586212,700.0,4,16,3080.0
16937.0,19057.82568337529,700.0,4,16,3080.0
16938.0,19065.82568337529,700.0,4,16,3080.0
16939.0,19073.82568337529,700.0,4,16,3080.0
16940.0,19081.82568337529,700.0,4,16,3080.0
16941.0,19089.82568337529,700.0,4,16,3080.0
16942.0,19097.82568337529,700.0,4,16,3080.0
16943.0,19105.82568337529,700.0,4,16,3080.0
16944.0,19113.82568337529,700.0,4,16,3080.0
16945.0,19121.82568337529,700.0,4,16,3080.0
16946.0,19129.82568337529,700.0,4,16,3080.0
16947.0,19137.82568337529,700.0,4,16,3080.0
16948.0,19145.82568337529,700.0,4,16,3080.0
16949.0,19153.82568337529,700.0,4,16,3080.0
16950.0,19161.82568337529,700.0,4,16,3080.0
16951.0,19169.82568337529,700.0,4,16,3080.0
16952.0,19177.82568337529,700.0,4,16,3080.0
16953.0,19185.82568337529,700.0,4,16,3080.0
16954.0,19193.82568337529,700.0,4,16,3080.0
16955.0,19201.82568337529,700.0,4,16,3080.0
16956.0,19209.82568337529,700.0,4,16,3080.0
16957.0,19217.82568337529,700.0,4,16,3080.0
16958.0,19225.82568337529,700.0,4,16,3080.0
16959.0,19233.82568337529,700.0,4,16,3080.0
16960.0,19241.82568337529,700.0,4,16,3080.0
16961.0,19249.82568337529,700.0,4,16,3080.0
16962.0,19257.82568337529,700.0,4,16,3080.0
16963.0,19265.82568337529,700.0,4,16,3080.0
16964.0,19273.82568337529,700.0,4,16,3080.0
16965.0,19281.82568337529,700.0,4,16,3080.0
16966.0,19289.82568337529,700.0,4,16,3080.0
16967.0,19297.82568337529,700.0,4,16,3080.0
16968.0,19305.82568337529,700.0,4,16,3080.0
16969.0,19313.82568337529,700.0,4,16,3080.0
16970.0,19321.82568337529,700.0,4,16,3080.0
16971.0,19329.82568337529,700.0,4,16,3080.0
16972.0,19337.82568337529,700.0,4,16,3080.0
16973.0,19345.82568337529,700.0,4,16,3080.0
16974.0,19353.82568337529,700.0,4,16,3080.0
16975.0,19361.82568337529,700.0,4,16,3080.0
16976.0,19369.82568337529,700.0,4,16,3080.0
16977.0,19377.82568337529,700.0,4,16,3080.0
16978.0,19385.82568337529,700.0,4,16,3080.0
16979.0,19393.82568337529,700.0,4,16,3080.0
16980.0,19401.82568337529,700.0,4,16,3080.0
16981.0,19409.82568337529,700.0,4,16,3080.0
16982.0,19417.82568337529,700.0,4,16,3080.0
16983.0,19425.82568337529,700.0,4,16,3080.0
16984.0,19433.82568337529,700.0,4,16,3080.0
16985.0,19441.82568337529,700.0,4,16,3080.0
16986.0,19449.82568337529,700.0,4,16,3080.0
16987.0,19457.82568337529,700.0,4,16,3080.0
16988.0,19465.82568337529,700.0,4,16,3080.0
16989.0,19473.82568337529,700.0,4,16,3080.0
16990.0,19481.82568337529,700.0,4,16,3080.0
16991.0,19489.82568337529,700.0,4,16,3080.0
16992.0,19497.82568337529,700.0,4,16,3080.0
16993.0,19505.82568337529,700.0,4,16,3080.0
16994.0,19513.82568337529,700.0,4,16,3080.0
16995.0,19521.82568337529,700.0,4,16,3080.0
16996.0,19529.82568337529,700.0,4,16,3080.0
16997.0,19537.82568337529,700.0,4,16,3080.0
16998.0,19545.82568337529,700.0,4,16,3080.0
16999.0,19553.82568337529,700.0,4,16,3080.0
17000.0,19561.82568337529,700.0,4,16,3080.0
17001.0,19569.82568337529,700.0,4,16,3080.0
17002.0,19577.82568337529,700.0,4,16,3080.0
17003.0,19585.82568337529,700.0,4,16,3080.0
17004.0,19593.82568337529,700.0,4,16,3080.0
17005.0,19600.82568337529,700.0,4,16,3080.0
17006.0,19607.82568337529,700.0,4,16,3080.0
17007.0,19614.82568337529,700.0,4,16,3080.0
17008.0,19621.82568337529,700.0,4,16,3080.0
17009.0,19628.82568337529,700.0,4,16,3080.0
17010.0,19635.82568337529,700.0,4,16,3080.0
17011.0,19642.82568337529,700.0,4,16,3080.0
17012.0,19649.82568337529,700.0,4,16,3080.0
17013.0,19656.82568337529,700.0,4,16,3080.0
17014.0,19663.82568337529,700.0,4,16,3080.0
17015.0,19669.82568337529,700.0,4,16,3080.0
17016.0,19675.82568337529,700.0,4,16,3080.0
17017.0,19681.82568337529,700.0,4,16,3080.0
17018.0,19687.82568337529,700.0,4,16,3080.0
17019.0,19693.82568337529,700.0,4,16,3080.0
17020.0,19699.82568337529,700.0,4,16,3080.0
17021.0,19705.82568337529,700.0,4,16,3080.0
17022.0,19711.82568337529,700.0,4,16,3080.0
17023.0,19717.82568337529,700.0,4,16,3080.0
17024.0,19723.82568337529,700.0,4,16,3080.0
17025.0,19729.82568337529,700.0,4,16,3080.0
17026.0,19735.82568337529,700.0,4,16,3080.0
17027.0,19741.82568337529,700.0,4,16,3080.0
17028.0,19747.82568337529,700.0,4,16,3080.0
17029.0,19753.82568337529,700.0,4,16,3080.0
17030.0,19759.82568337529,700.0,4,16,3080.0
17031.0,19765.82568337529,700.0,4,16,3080.0
17032.0,19771.82568337529,700.0,4,16,3080.0
17033.0,19777.82568337529,700.0,4,16,3080.0
17034.0,19783.82568337529,700.0,4,16,3080.0
17035.0,19789.82568337529,700.0,4,16,3080.0
17036.0,19795.82568337529,700.0,4,16,3080.0
17037.0,19801.82568337529,700.0,4,16,3080.0
17038.0,19807.82568337529,700.0,4,16,3080.0
17039.0,19813.82568337529,700.0,4,16,3080.0
17040.0,19819.82568337529,700.0,4,16,3080.0
17041.0,19825.82568337529,700.0,4,16,3080.0
17042.0,19831.82568337529,700.0,4,16,3080.0
17043.0,19837.82568337529,700.0,4,16,3080.0
17044.0,19843.82568337529,700.0,4,16,3080.0
17045.0,19849.82568337529,700.0,4,16,3080.0
17046.0,19855.82568337529,700.0,4,16,3080.0
17047.0,19861.82568337529,700.0,4,16,3080.0
17048.0,19867.82568337529,700.0,4,16,3080.0
17049.0,19873.82568337529,700.0,4,16,3080.0
17050.0,19879.82568337529,700.0,4,16,3080.0
17051.0,19885.82568337529,700.0,4,16,3080.0
17052.0,19891.82568337529,700.0,4,16,3080.0
17053.0,19897.82568337529,700.0,4,16,3080.0
17054.0,19903.82568337529,700.0,4,16,3080.0
17055.0,19909.82568337529,700.0,4,16,3080.0
17056.0,19914.82568337529,700.0,4,16,3080.0
17057.0,19919.82568337529,700.0,4,16,3080.0
17058.0,19924.82568337529,700.0,4,16,3080.0
17059.0,19929.82568337529,700.0,4,16,3080.0
17060.0,19934.82568337529,700.0,4,16,3080.0
17061.0,19939.82568337529,700.0,4,16,3080.0
17062.0,19944.82568337529,700.0,4,16,3080.0
17063.0,19949.82568337529,700.0,4,16,3080.0
17064.0,19954.82568337529,700.0,4,16,3080.0
17065.0,19959.82568337529,700.0,4,16,3080.0
17066.0,19964.82568337529,700.0,4,16,3080.0
17067.0,19969.82568337529,700.0,4,16,3080.0
17068.0,19974.82568337529,700.0,4,16,3080.0
17069.0,19979.82568337529,700.0,4,16,3080.0
17070.0,19984.82568337529,700.0,4,16,3080.0
17071.0,19989.82568337529,700.0,4,16,3080.0
17072.0,19994.82568337529,700.0,4,16,3080.0
17073.0,19999.82568337529,700.0,4,16,3080.0
17074.0,20004.82568337529,700.0,4,16,3080.0
17075.0,20009.82568337529,700.0,4,16,3080.0
17076.0,20014.82568337529,700.0,4,16,3080.0
17077.0,20019.82568337529,700.0,4,16,3080.0
17078.0,20024.82568337529,700.0,4,16,3080.0
17079.0,20029.82568337529,700.0,4,16,3080.0
17080.0,20034.82568337529,700.0,4,16,3080.0
17081.0,20039.82568337529,700.0,4,16,3080.0
17082.0,20044.82568337529,700.0,4,16,3080.0
17083.0,20049.82568337529,700.0,4,16,3080.0
17084.0,20054.82568337529,700.0,4,16,3080.0
17085.0,20059.82568337529,700.0,4,16,3080.0
17086.0,20064.82568337529,700.0,4,16,3080.0
17087.0,20069.82568337529,700.0,4,16,3080.0
17088.0,20074.82568337529,700.0,4,16,3080.0
17089.0,20079.82568337529,700.0,4,16,3080.0
17090.0,20084.82568337529,700.0,4,16,3080.0
17091.0,20089.82568337529,700.0,4,16,3080.0
17092.0,20094.82568337529,700.0,4,16,3080.0
17093.0,20099.82568337529,700.0,4,16,3080.0
17094.0,20104.82568337529,700.0,4,16,3080.0
17095.0,20109.82568337529,700.0,4,16,3080.0
17096.0,20114.82568337529,700.0,4,16,3080.0
17097.0,20119.82568337529,700.0,4,16,3080.0
17098.0,20124.82568337529,700.0,4,16,3080.0
17099.0,20129.82568337529,700.0,4,16,3080.0
17100.0,20134.82568337529,700.0,4,16,3080.0
17101.0,20139.82568337529,700.0,4,16,3080.0
17102.0,20144.82568337529,700.0,4,16,3080.0
17103.0,20149.82568337529,700.0,4,16,3080.0
17104.0,20154.82568337529,700.0,4,16,3080.0
17105.0,20159.82568337529,700.0,4,16,3080.0
17106.0,20164.82568337529,700.0,4,16,3080.0
17107.0,20169.82568337529,700.0,4,16,3080.0
17108.0,20174.82568337529,700.0,4,16,3080.0
17109.0,20179.82568337529,700.0,4,16,3080.0
17110.0,20184.82568337529,700.0,4,16,3080.0
17111.0,20189.82568337529,700.0,4,16,3080.0
17112.0,20194.82568337529,700.0,4,16,3080.0
17113.0,20199.82568337529,700.0,4,16,3080.0
17114.0,20204.82568337529,700.0,4,16,3080.0
17115.0,20209.82568337529,700.0,4,16,3080.0
17116.0,20214.82568337529,700.0,4,16,3080.0
17117.0,20219.82568337529,700.0,4,16,3080.0
17118.0,20224.82568337529,700.0,4,16,3080.0
17119.0,20229.82568337529,700.0,4,16,3080.0
17120.0,20234.82568337529,700.0,4,16,3080.0
17121.0,20239.82568337529,700.0,4,16,3080.0
17122.0,20244.82568337529,700.0,4,16,3080.0
17123.0,20249.82568337529,700.0,4,16,3080.0
17124.0,20254.82568337529,700.0,4,16,3080.0
17125.0,20259.82568337529,700.0,4,16,3080.0
17126.0,20264.82568337529,700.0,4,16,3080.0
17127.0,20269.82568337529,700.0,4,16,3080.0
17128.0,20274.82568337529,700.0,4,16,3080.0
17129.0,20279.82568337529,700.0,4,16,3080.0
17130.0,20284.82568337529,700.0,4,16,3080.0
17131.0,20289.82568337529,700.0,4,16,3080.0
17132.0,20294.82568337529,700.0,4,16,3080.0
17133.0,20299.82568337529,700.0,4,16,3080.0
17134.0,20304.82568337529,700.0,4,16,3080.0
17135.0,20309.82568337529,700.0,4,16,3080.0
17136.0,20314.82568337529,700.0,4,16,3080.0
17137.0,20319.82568337529,700.0,4,16,3080.0
17138.0,20324.82568337529,700.0,4,16,3080.0
17139.0,20329.82568337529,700.0,4,16,3080.0
17140.0,20334.82568337529,700.0,4,16,3080.0
17141.0,20339.82568337529,700.0,4,16,3080.0
17142.0,20344.82568337529,700.0,4,16,3080.0
17143.0,20349.82568337529,700.0,4,16,3080.0
17144.0,20354.82568337529,700.0,4,16,3080.0
17145.0,20359.82568337529,700.0,4,16,3080.0
17146.0,20364.82568337529,700.0,4,16,3080.0
17147.0,20369.82568337529,700.0,4,16,3080.0
17148.0,20374.82568337529,700.0,4,16,3080.0
17149.0,20379.82568337529,700.0,4,16,3080.0
17150.0,20384.82568337529,700.0,4,16,3080.0
17151.0,20389.82568337529,700.0,4,16,3080.0
17152.0,20394.82568337529,700.0,4,16,3080.0
17153.0,20399.82568337529,700.0,4,16,3080.0
17154.0,20404.82568337529,700.0,4,16,3080.0
17155.0,20409.82568337529,700.0,4,16,3080.0
17156.0,20414.82568337529,700.0,4,16,3080.0
17157.0,20419.82568337529,700.0,4,16,3080.0
17158.0,20424.82568337529,700.0,4,16,3080.0
17159.0,20429.82568337529,700.0,4,16,3080.0
17160.0,20434.82568337529,700.0,4,16,3080.0
17161.0,20439.82568337529,700.0,4,16,3080.0
17162.0,20444.82568337529,700.0,4,16,3080.0
17163.0,20449.82568337529,700.0,4,16,3080.0
17164.0,20454.82568337529,700.0,4,16,3080.0
17165.0,20459.82568337529,700.0,4,16,3080.0
17166.0,20464.82568337529,700.0,4,16,3080.0
17167.0,20469.82568337529,700.0,4,16,3080.0
17168.0,20474.82568337529,700.0,4,16,3080.0
17169.0,20479.82568337529,700.0,4,16,3080.0
17170.0,20484.82568337529,700.0,4,16,3080.0
17171.0,20489.82568337529,700.0,4,16,3080.0
17172.0,20494.82568337529,700.0,4,16,3080.0
17173.0,20499.82568337529,700.0,4,16,3080.0
17174.0,20504.82568337529,700.0,4,16,3080.0
17175.0,20509.82568337529,700.0,4,16,3080.0
17176.0,20514.82568337529,700.0,4,16,3080.0
17177.0,20519.82568337529,700.0,4,16,3080.0
17178.0,20524.82568337529,700.0,4,16,3080.0
17179.0,20529.82568337529,700.0,4,16,3080.0
17180.0,20534.82568337529,700.0,4,16,3080.0
17181.0,20539.82568337529,700.0,4,16,3080.0
17182.0,20544.82568337529,700.0,4,16,3080.0
17183.0,20549.82568337529,700.0,4,16,3080.0
17184.0,20554.82568337529,700.0,4,16,3080.0
17185.0,20559.82568337529,700.0,4,16,3080.0
17186.0,20564.82568337529,700.0,4,16,3080.0
17187.0,20569.82568337529,700.0,4,16,3080.0
17188.0,20574.82568337529,700.0,4,16,3080.0
17189.0,20579.82568337529,700.0,4,16,3080.0
17190.0,20584.82568337529,700.0,4,16,3080.0
17191.0,20589.82568337529,700.0,4,16,3080.0
17192.0,20594.82568337529,700.0,4,16,3080.0
17193.0,20599.82568337529,700.0,4,16,3080.0
17194.0,20604.82568337529,700.0,4,16,3080.0
17195.0,20609.82568337529,700.0,4,16,3080.0
17196.0,20614.82568337529,700.0,4,16,3080.0
17197.0,20619.82568337529,700.0,4,16,3080.0
17198.0,20624.82568337529,700.0,4,16,3080.0
17199.0,20629.82568337529,700.0,4,16,3080.0
17200.0,20634.82568337529,700.0,4,16,3080.0
17201.0,20639.82568337529,700.0,4,16,3080.0
17202.0,20643.89949953144,700.0,4,16,3080.0
17203.0,20647.292377796854,700.0,4,16,3080.0
17204.0,20649.14236907789,700.0,4,16,3080.0
17205.0,20651.396550145007,700.0,4,16,3080.0
17206.0,20654.055367756715,700.0,4,16,3080.0
17207.0,20657.1193434898,700.0,4,16,3080.0
17208.0,20660.58909019845,700.0,4,16,3080.0
17209.0,20664.46533283168,700.0,4,16,3080.0
17210.0,20668.748934871495,700.0,4,16,3080.0
17211.0,20673.440931986617,700.0,4,16,3080.0
17212.0,20678.514513290327,700.0,4,16,3080.0
17213.0,20683.918220164538,700.0,4,16,3080.0
17214.0,20689.615131481314,700.0,4,16,3080.0
17215.0,20695.60792007672,700.0,4,16,3080.0
17216.0,20701.895044460827,700.0,4,16,3080.0
17217.0,20708.382400001225,700.0,4,16,3080.0
17218.0,20715.048261938806,700.0,4,16,3080.0
17219.0,20721.898487447066,700.0,4,16,3080.0
17220.0,20728.93968401281,700.0,4,16,3080.0
17221.0,20736.17908289732,700.0,4,16,3080.0
17222.0,20743.574284140155,700.0,4,16,3080.0
17223.0,20751.032909324545,700.0,4,16,3080.0
17224.0,20758.46224433489,700.0,4,16,3080.0
17225.0,20765.868959755673,700.0,4,16,3080.0
17226.0,20773.25895666235,700.0,4,16,3080.0
17227.0,20780.637333113962,700.0,4,16,3080.0
17228.0,20788.00843474934,700.0,4,16,3080.0
17229.0,20795.37594812615,700.0,4,16,3080.0
17230.0,20802.743005957665,700.0,4,16,3080.0
17231.0,20810.11228664374,700.0,4,16,3080.0
17232.0,20817.48610049088,700.0,4,16,3080.0
17233.0,20824.86646088298,700.0,4,16,3080.0
17234.0,20832.255141479,700.0,4,16,3080.0
17235.0,20839.653721543484,700.0,4,16,3080.0
17236.0,20847.06362165599,700.0,4,16,3080.0
17237.0,20854.486131813734,700.0,4,16,3080.0
17238.0,20861.922433597436,700.0,4,16,3080.0
17239.0,20869.37361773014,700.0,4,16,3080.0
17240.0,20876.840698064836,700.0,4,16,3080.0
17241.0,20884.29186326984,700.0,4,16,3080.0
17242.0,20891.714005170736,700.0,4,16,3080.0
17243.0,20899.10770423362,700.0,4,16,3080.0
17244.0,20906.473529315244,700.0,4,16,3080.0
17245.0,20913.812037895237,700.0,4,16,3080.0
17246.0,20921.12377630363,700.0,4,16,3080.0
17247.0,20928.40927994386,700.0,4,16,3080.0
17248.0,20935.66907351128,700.0,4,16,3080.0
17249.0,20942.903671207347,700.0,4,16,3080.0
17250.0,20950.1135769495,700.0,4,16,3080.0
17251.0,20957.299284576806,700.0,4,16,3080.0
17252.0,20964.461278051567,700.0,4,16,3080.0
17253.0,20971.59611617924,700.0,4,16,3080.0
17254.0,20978.68825754436,700.0,4,16,3080.0
17255.0,20985.738556082175,700.0,4,16,3080.0
17256.0,20992.747848649236,700.0,4,16,3080.0
17257.0,20999.71695536495,700.0,4,16,3080.0
17258.0,21006.646679946356,700.0,4,16,3080.0
17259.0,21013.537810036134,700.0,4,16,3080.0
17260.0,21020.391117524116,700.0,4,16,3080.0
17261.0,21027.207358862335,700.0,4,16,3080.0
17262.0,21033.987275373787,700.0,4,16,3080.0
17263.0,21040.722116413,700.0,4,16,3080.0
17264.0,21047.40226063143,700.0,4,16,3080.0
17265.0,21054.02880196548,700.0,4,16,3080.0
17266.0,21060.60281247286,700.0,4,16,3080.0
17267.0,21067.125342770087,700.0,4,16,3080.0
17268.0,21073.59742246137,700.0,4,16,3080.0
17269.0,21080.02006055883,700.0,4,16,3080.0
17270.0,21086.394245894335,700.0,4,16,3080.0
17271.0,21092.72094752314,700.0,4,16,3080.0
17272.0,21099.00111511936,700.0,4,16,3080.0
17273.0,21105.235679363654,700.0,4,16,3080.0
17274.0,21111.42555232307,700.0,4,16,3080.0
17275.0,21117.571627823298,700.0,4,16,3080.0
17276.0,21123.67478181351,700.0,4,16,3080.0
17277.0,21129.73587272393,700.0,4,16,3080.0
17278.0,21135.755741816134,700.0,4,16,3080.0
17279.0,21141.735213526495,700.0,4,16,3080.0
17280.0,21147.675095802653,700.0,4,16,3080.0
17281.0,21153.576180433287,700.0,4,16,3080.0
17282.0,21159.439243371304,700.0,4,16,3080.0
17283.0,21165.265045050564,700.0,4,16,3080.0
17284.0,21171.05433069624,700.0,4,16,3080.0
17285.0,21176.807830628997,700.0,4,16,3080.0
17286.0,21182.526260563103,700.0,4,16,3080.0
17287.0,21188.21032189853,700.0,4,16,3080.0
17288.0,21193.86070200724,700.0,4,16,3080.0
17289.0,21199.478074513783,700.0,4,16,3080.0
17290.0,21205.063099570194,700.0,4,16,3080.0
17291.0,21210.616424125474,700.0,4,16,3080.0
17292.0,21216.13868218965,700.0,4,16,3080.0
17293.0,21221.630495092544,700.0,4,16,3080.0
17294.0,21227.092471737375,700.0,4,16,3080.0
17295.0,21232.52520884931,700.0,4,16,3080.0
17296.0,21237.929291219014,700.0,4,16,3080.0
17297.0,21243.305291941317,700.0,4,16,3080.0
17298.0,21248.653772649177,700.0,4,16,3080.0
17299.0,21253.97528374288,700.0,4,16,3080.0
17300.0,21259.27036461471,700.0,4,16,3080.0
17301.0,21264.539543869098,700.0,4,16,3080.0
17302.0,21269.7833395384,700.0,4,16,3080.0
17303.0,21275.002259294317,700.0,4,16,3080.0
17304.0,21280.19680065512,700.0,4,16,3080.0
17305.0,21285.367451188697,700.0,4,16,3080.0
17306.0,21290.51468871161,700.0,4,16,3080.0
17307.0,21295.638981484066,700.0,4,16,3080.0
17308.0,21300.740788401068,700.0,4,16,3080.0
17309.0,21305.82055917973,700.0,4,16,3080.0
17310.0,21310.87873454282,700.0,4,16,3080.0
17311.0,21315.915746398652,700.0,4,16,3080.0
17312.0,21320.932018017364,700.0,4,16,3080.0
17313.0,21325.927964203704,700.0,4,16,3080.0
17314.0,21330.903991466315,700.0,4,16,3080.0
17315.0,21335.860498183676,700.0,4,16,3080.0
17316.0,21340.79787476669,700.0,4,16,3080.0
17317.0,21345.716503818036,700.0,4,16,3080.0
17318.0,21350.61676028836,700.0,4,16,3080.0
17319.0,21355.49901162928,700.0,4,16,3080.0
17320.0,21360.36361794338,700.0,4,16,3080.0
17321.0,21365.210932131195,700.0,4,16,3080.0
17322.0,21370.041300035256,700.0,4,16,3080.0
17323.0,21374.855060581238,700.0,4,16,3080.0
17324.0,21379.6525459163,700.0,4,16,3080.0
17325.0,21384.43408154466,700.0,4,16,3080.0
17326.0,21389.199986460448,700.0,4,16,3080.0
17327.0,21393.950573277925,700.0,4,16,3080.0
17328.0,21398.68614835905,700.0,4,16,3080.0
17329.0,21403.407011938558,700.0,4,16,3080.0
17330.0,21408.113458246473,700.0,4,16,3080.0
17331.0,21412.80577562823,700.0,4,16,3080.0
17332.0,21417.484246662345,700.0,4,16,3080.0
17333.0,21422.14914827579,700.0,4,16,3080.0
17334.0,21426.800751856954,700.0,4,16,3080.0
17335.0,21431.4393233665,700.0,4,16,3080.0
17336.0,21436.065123445856,700.0,4,16,3080.0
17337.0,21440.678407523625,700.0,4,16,3080.0
17338.0,21445.279425919834,700.0,4,16,3080.0
17339.0,21449.868423948126,700.0,4,16,3080.0
17340.0,21454.445642015846,700.0,4,16,3080.0
17341.0,21459.011315722215,700.0,4,16,3080.0
17342.0,21463.565675954454,700.0,4,16,3080.0
17343.0,21468.10894898205,700.0,4,16,3080.0
17344.0,21472.6413565491,700.0,4,16,3080.0
17345.0,21477.1631159648,700.0,4,16,3080.0
17346.0,21481.674440192186,700.0,4,16,3080.0
17347.0,21486.17553793503,700.0,4,16,3080.0
17348.0,21490.666613723017,700.0,4,16,3080.0
17349.0,21495.14786799524,700.0,4,16,3080.0
17350.0,21499.61949718202,700.0,4,16,3080.0
17351.0,21504.081693785065,700.0,4,16,3080.0
17352.0,21508.53464645605,700.0,4,16,3080.0
17353.0,21512.978540073615,700.0,4,16,3080.0
17354.0,21517.413555818828,700.0,4,16,3080.0
17355.0,21521.839871249136,700.0,4,16,3080.0
17356.0,21526.257660370837,700.0,4,16,3080.0
17357.0,21530.667093710104,700.0,4,16,3080.0
17358.0,21535.06833838259,700.0,4,16,3080.0
17359.0,21539.461558161624,700.0,4,16,3080.0
17360.0,21543.846913545076,700.0,4,16,3080.0
17361.0,21548.224561820858,700.0,4,16,3080.0
17362.0,21552.594657131125,700.0,4,16,3080.0
17363.0,21556.957350535187,700.0,4,16,3080.0
17364.0,21561.31279007117,700.0,4,16,3080.0
17365.0,21565.661120816432,700.0,4,16,3080.0
17366.0,21570.002484946788,700.0,4,16,3080.0
17367.0,21574.337021794538,700.0,4,16,3080.0
17368.0,21578.664867905332,700.0,4,16,3080.0
17369.0,21582.96637012644,700.0,4,16,3080.0
17370.0,21587.26184230312,700.0,4,16,3080.0
17371.0,21591.55140503627,700.0,4,16,3080.0
17372.0,21595.835176514756,700.0,4,16,3080.0
17373.0,21600.113272563674,700.0,4,16,3080.0
17374.0,21604.38580669161,700.0,4,16,3080.0
17375.0,21608.652890136993,700.0,4,16,3080.0
17376.0,21612.895006803155,700.0,4,16,3080.0
17377.0,21617.132281136,700.0,4,16,3080.0
17378.0,21621.364809982188,700.0,4,16,3080.0
17379.0,21625.59268825145,700.0,4,16,3080.0
17380.0,21629.81600895533,700.0,4,16,3080.0
17381.0,21634.034863245128,700.0,4,16,3080.0
17382.0,21638.249340449132,700.0,4,16,3080.0
17383.0,21642.459528109055,700.0,4,16,3080.0
17384.0,21646.665512015785,700.0,4,16,3080.0
17385.0,21650.867376244376,700.0,4,16,3080.0
17386.0,21655.06520318839,700.0,4,16,3080.0
17387.0,21659.25907359353,700.0,4,16,3080.0
17388.0,21663.449066590565,700.0,4,16,3080.0
17389.0,21667.635259727667,700.0,4,16,3080.0
17390.0,21671.817729002014,700.0,4,16,3080.0
17391.0,21675.996548890882,700.0,4,16,3080.0
17392.0,21680.151933843354,700.0,4,16,3080.0
17393.0,21684.30421109677,700.0,4,16,3080.0
17394.0,21688.45344280512,700.0,4,16,3080.0
17395.0,21692.599689879302,700.0,4,16,3080.0
17396.0,21696.743012012,700.0,4,16,3080.0
17397.0,21700.883467702046,700.0,4,16,3080.0
17398.0,21705.00145959776,700.0,4,16,3080.0
17399.0,21709.117091655564,700.0,4,16,3080.0
17400.0,21713.230411072207,700.0,4,16,3080.0
17401.0,21717.34146410052,700.0,4,16,3080.0
17402.0,21721.450296068262,700.0,4,16,3080.0
17403.0,21725.55695139665,700.0,4,16,3080.0
17404.0,21729.661473618475,700.0,4,16,3080.0
17405.0,21733.763905395863,700.0,4,16,3080.0
17406.0,21737.864288537698,700.0,4,16,3080.0
17407.0,21741.9626640167,700.0,4,16,3080.0
17408.0,21746.05907198612,700.0,4,16,3080.0
17409.0,21750.153551796153,700.0,4,16,3080.0
17410.0,21754.246142009986,700.0,4,16,3080.0
17411.0,21758.33688041954,700.0,4,16,3080.0
17412.0,21762.425804060906,700.0,4,16,3080.0
17413.0,21766.512949229444,700.0,4,16,3080.0
17414.0,21770.59835149461,700.0,4,16,3080.0
17415.0,21774.682045714475,700.0,4,16,3080.0
17416.0,21778.76406604994,700.0,4,16,3080.0
17417.0,21782.844445978695,700.0,4,16,3080.0
17418.0,21786.923218308875,700.0,4,16,3080.0
17419.0,21791.000415192455,700.0,4,16,3080.0
17420.0,21795.07606813836,700.0,4,16,3080.0
17421.0,21799.15020802535,700.0,4,16,3080.0
17422.0,21803.222865114596,700.0,4,16,3080.0
17423.0,21807.29406906206,700.0,4,16,3080.0
17424.0,21811.363848930574,700.0,4,16,3080.0
17425.0,21815.43223320172,700.0,4,16,3080.0
17426.0,21819.499249787437,700.0,4,16,3080.0
17427.0,21823.564926041443,700.0,4,16,3080.0
17428.0,21827.62928877037,700.0,4,16,3080.0
17429.0,21831.69236424472,700.0,4,16,3080.0
17430.0,21835.75417820958,700.0,4,16,3080.0
17431.0,21839.814755895146,700.0,4,16,3080.0
17432.0,21843.874122027,700.0,4,16,3080.0
17433.0,21847.932300836215,700.0,4,16,3080.0
17434.0,21851.98931606924,700.0,4,16,3080.0
17435.0,21856.045190997615,700.0,4,16,3080.0
17436.0,21860.099948427414,700.0,4,16,3080.0
17437.0,21864.153610708625,700.0,4,16,3080.0
17438.0,21868.206199744207,700.0,4,16,3080.0
17439.0,21872.257736999076,700.0,4,16,3080.0
17440.0,21876.30824350885,700.0,4,16,3080.0
17441.0,21880.35773988843,700.0,4,16,3080.0
17442.0,21884.40624634042,700.0,4,16,3080.0
17443.0,21887.453782663364,700.0,4,16,3080.0
17444.0,21890.50036825985,700.0,4,16,3080.0
17445.0,21893.546022144412,700.0,4,16,3080.0
17446.0,21896.59076295128,700.0,4,16,3080.0
17447.0,21899.614832194166,700.0,4,16,3080.0
17448.0,21902.638420052197,700.0,4,16,3080.0
17449.0,21905.661536153064,700.0,4,16,3080.0
17450.0,21908.684189931915,700.0,4,16,3080.0
17451.0,21911.70639063519,700.0,4,16,3080.0
17452.0,21914.7281473244,700.0,4,16,3080.0
17453.0,21917.74946887982,700.0,4,16,3080.0
17454.0,21920.77036400414,700.0,4,16,3080.0
17455.0,21923.790841225968,700.0,4,16,3080.0
17456.0,21926.81090890336,700.0,4,16,3080.0
17457.0,21929.81090890336,706.0,4,16,3074.0
17458.0,21932.81090890336,712.0,4,16,3068.0
17459.0,21935.81090890336,718.0,4,16,3062.0
17460.0,21938.81090890336,724.0,4,16,3056.0
17461.0,21941.81090890336,730.0,4,16,3050.0
17462.0,21944.81090890336,736.0,4,16,3044.0
17463.0,21947.81090890336,742.0,4,16,3038.0
17464.0,21950.81090890336,748.0,4,16,3032.0
17465.0,21953.81090890336,754.0,4,16,3026.0
17466.0,21956.81090890336,760.0,4,16,3020.0
17467.0,21959.79263453699,766.0,4,16,3014.0
17468.0,21962.748467470963,772.0,4,16,3008.0
17469.0,21965.665183746263,778.0,4,16,3002.0
17470.0,21968.543565696054,784.0,4,16,2996.0
17471.0,21971.384380006853,790.0,4,16,2990.0
17472.0,21973.300975814447,796.0,4,16,2984.0
17473.0,21974.300975814447,802.0,4,16,2978.0
17474.0,21975.300975814447,808.0,4,16,2972.0
17475.0,21976.300975814447,814.0,4,16,2966.0
17476.0,21977.300975814447,820.0,4,16,2960.0
17477.0,21978.300975814447,826.0,4,16,2954.0
17478.0,21979.300975814447,832.0,4,16,2948.0
17479.0,21980.300975814447,838.0,4,16,2942.0
17480.0,21981.300975814447,844.0,4,16,2936.0
17481.0,21982.300975814447,850.0,4,16,2930.0
17482.0,21983.300975814447,856.0,4,16,2924.0
17483.0,21984.300975814447,862.0,4,16,2918.0
17484.0,21985.300975814447,868.0,4,16,2912.0
17485.0,21986.300975814447,874.0,4,16,2906.0
17486.0,21987.300975814447,880.0,4,16,2900.0
17487.0,21988.300975814447,886.0,4,16,2894.0
17488.0,21989.300975814447,892.0,4,16,2888.0
17489.0,21990.300975814447,898.0,4,16,2882.0
17490.0,21991.300975814447,904.0,4,16,2876.0
17491.0,21992.300975814447,910.0,5,15,2870.0
17492.0,21993.600975814443,910.0,5,15,2870.0
17493.0,21995.200975814445,910.0,5,15,2870.0
17494.0,21997.100975814443,910.0,5,15,2870.0
17495.0,21999.300975814447,910.0,5,15,2870.0
17496.0,22001.800975814447,910.0,5,15,2870.0
17497.0,22004.600975814443,910.0,5,15,2870.0
17498.0,22007.700975814445,910.0,5,15,2870.0
17499.0,22011.100975814443,910.0,5,15,2870.0
17500.0,22014.800975814447,910.0,5,15,2870.0
17501.0,22018.800975814447,910.0,5,15,2870.0
17502.0,22023.100975814443,910.0,5,15,2870.0
17503.0,22027.700975814445,910.0,5,15,2870.0
17504.0,22032.600975814443,910.0,5,15,2870.0
17505.0,22037.800975814447,910.0,5,15,2870.0
17506.0,22043.300975814447,910.0,5,15,2870.0
17507.0,22049.100975814443,910.0,5,15,2870.0
17508.0,22055.200975814445,910.0,5,15,2870.0
17509.0,22061.600975814443,910.0,5,15,2870.0
17510.0,22068.300975814447,910.0,5,15,2870.0
17511.0,22075.300975814447,910.0,5,15,2870.0
17512.0,22082.300975814447,910.0,5,15,2870.0
17513.0,22089.300975814447,910.0,5,15,2870.0
17514.0,22096.300975814447,910.0,5,15,2870.0
17515.0,22103.300975814447,910.0,5,15,2870.0
17516.0,22110.300975814447,910.0,5,15,2870.0
17517.0,22117.300975814447,910.0,5,15,2870.0
17518.0,22124.300975814447,910.0,5,15,2870.0
17519.0,22131.300975814447,910.0,5,15,2870.0
17520.0,22138.300975814447,910.0,5,15,2870.0
17521.0,22145.300975814447,910.0,5,15,2870.0
17522.0,22152.300975814447,910.0,5,15,2870.0
17523.0,22159.300975814447,910.0,5,15,2870.0
17524.0,22166.300975814447,910.0,5,15,2870.0
17525.0,22173.300975814447,910.0,5,15,2870.0
17526.0,22180.300975814447,910.0,5,15,2870.0
17527.0,22187.300975814447,910.0,5,15,2870.0
17528.0,22194.300975814447,910.0,5,15,2870.0
17529.0,22201.300975814447,910.0,5,15,2870.0
17530.0,22208.300975814447,910.0,5,15,2870.0
17531.0,22215.300975814447,910.0,5,15,2870.0
17532.0,22222.300975814447,910.0,5,15,2870.0
17533.0,22229.300975814447,910.0,5,15,2870.0
17534.0,22236.300975814447,910.0,5,15,2870.0
17535.0,22243.300975814447,910.0,5,15,2870.0
17536.0,22250.300975814447,910.0,5,15,2870.0
17537.0,22257.300975814447,910.0,5,15,2870.0
17538.0,22264.300975814447,910.0,5,15,2870.0
17539.0,22271.300975814447,910.0,5,15,2870.0
17540.0,22278.300975814447,910.0,5,15,2870.0
17541.0,22285.300975814447,910.0,5,15,2870.0
17542.0,22291.300975814447,910.0,5,15,2870.0
17543.0,22297.300975814447,910.0,5,15,2870.0
17544.0,22303.300975814447,910.0,5,15,2870.0
17545.0,22309.300975814447,910.0,5,15,2870.0
17546.0,22315.300975814447,910.0,5,15,2870.0
17547.0,22321.300975814447,910.0,5,15,2870.0
17548.0,22327.300975814447,910.0,5,15,2870.0
17549.0,22333.300975814447,910.0,5,15,2870.0
17550.0,22339.300975814447,910.0,5,15,2870.0
17551.0,22345.300975814447,910.0,5,15,2870.0
17552.0,22351.300975814447,910.0,5,15,2870.0
17553.0,22357.300975814447,910.0,5,15,2870.0
17554.0,22363.300975814447,910.0,5,15,2870.0
17555.0,22369.300975814447,910.0,5,15,2870.0
17556.0,22375.300975814447,910.0,5,15,2870.0
17557.0,22381.300975814447,910.0,5,15,2870.0
17558.0,22387.300975814447,910.0,5,15,2870.0
17559.0,22393.300975814447,910.0,5,15,2870.0
17560.0,22399.300975814447,910.0,5,15,2870.0
17561.0,22405.300975814447,910.0,5,15,2870.0
17562.0,22411.300975814447,910.0,5,15,2870.0
17563.0,22417.300975814447,910.0,5,15,2870.0
17564.0,22423.300975814447,910.0,5,15,2870.0
17565.0,22429.300975814447,910.0,5,15,2870.0
17566.0,22435.300975814447,910.0,5,15,2870.0
17567.0,22441.300975814447,910.0,5,15,2870.0
17568.0,22447.300975814447,910.0,5,15,2870.0
17569.0,22453.300975814447,910.0,5,15,2870.0
17570.0,22459.300975814447,910.0,5,15,2870.0
17571.0,22465.300975814447,910.0,5,15,2870.0
17572.0,22471.300975814447,910.0,5,15,2870.0
17573.0,22477.300975814447,910.0,5,15,2870.0
17574.0,22483.300975814447,910.0,5,15,2870.0
17575.0,22489.300975814447,910.0,5,15,2870.0
17576.0,22495.300975814447,910.0,5,15,2870.0
17577.0,22501.300975814447,910.0,5,15,2870.0
17578.0,22507.300975814447,910.0,5,15,2870.0
17579.0,22513.300975814447,910.0,5,15,2870.0
17580.0,22519.300975814447,910.0,5,15,2870.0
17581.0,22525.300975814447,910.0,5,15,2870.0
17582.0,22531.300975814447,910.0,5,15,2870.0
17583.0,22537.300975814447,910.0,5,15,2870.0
17584.0,22543.300975814447,910.0,5,15,2870.0
17585.0,22549.300975814447,910.0,5,15,2870.0
17586.0,22555.300975814447,910.0,5,15,2870.0
17587.0,22561.300975814447,910.0,5,15,2870.0
17588.0,22567.300975814447,910.0,5,15,2870.0
17589.0,22573.300975814447,910.0,5,15,2870.0
17590.0,22579.300975814447,910.0,5,15,2870.0
17591.0,22585.300975814447,910.0,5,15,2870.0
17592.0,22591.300975814447,910.0,5,15,2870.0
17593.0,22597.300975814447,910.0,5,15,2870.0
17594.0,22603.300975814447,910.0,5,15,2870.0
17595.0,22609.300975814447,910.0,5,15,2870.0
17596.0,22615.300975814447,910.0,5,15,2870.0
17597.0,22621.300975814447,910.0,5,15,2870.0
17598.0,22627.300975814447,910.0,5,15,2870.0
17599.0,22633.300975814447,910.0,5,15,2870.0
17600.0,22639.300975814447,910.0,5,15,2870.0
17601.0,22645.300975814447,910.0,5,15,2870.0
17602.0,22651.300975814447,910.0,5,15,2870.0
17603.0,22657.300975814447,910.0,5,15,2870.0
17604.0,22663.300975814447,910.0,5,15,2870.0
17605.0,22669.300975814447,910.0,5,15,2870.0
17606.0,22675.300975814447,910.0,5,15,2870.0
17607.0,22681.300975814447,910.0,5,15,2870.0
17608.0,22687.300975814447,910.0,5,15,2870.0
17609.0,22693.300975814447,910.0,5,15,2870.0
17610.0,22699.300975814447,910.0,5,15,2870.0
17611.0,22705.300975814447,910.0,5,15,2870.0
17612.0,22711.300975814447,910.0,5,15,2870.0
17613.0,22717.300975814447,910.0,5,15,2870.0
17614.0,22723.300975814447,910.0,5,15,2870.0
17615.0,22729.300975814447,910.0,5,15,2870.0
17616.0,22735.300975814447,910.0,5,15,2870.0
17617.0,22741.300975814447,910.0,5,15,2870.0
17618.0,22747.300975814447,910.0,5,15,2870.0
17619.0,22753.300975814447,910.0,5,15,2870.0
17620.0,22759.300975814447,910.0,5,15,2870.0
17621.0,22765.300975814447,910.0,5,15,2870.0
17622.0,22771.300975814447,910.0,5,15,2870.0
17623.0,22777.300975814447,910.0,5,15,2870.0
17624.0,22783.300975814447,910.0,5,15,2870.0
17625.0,22789.300975814447,910.0,5,15,2870.0
17626.0,22795.300975814447,910.0,5,15,2870.0
17627.0,22801.300975814447,910.0,5,15,2870.0
17628.0,22807.300975814447,910.0,5,15,2870.0
17629.0,22813.300975814447,910.0,5,15,2870.0
17630.0,22819.300975814447,910.0,5,15,2870.0
17631.0,22825.300975814447,910.0,5,15,2870.0
17632.0,22831.300975814447,910.0,5,15,2870.0
17633.0,22837.300975814447,910.0,5,15,2870.0
17634.0,22843.300975814447,910.0,5,15,2870.0
17635.0,22849.300975814447,910.0,5,15,2870.0
17636.0,22855.300975814447,910.0,5,15,2870.0
17637.0,22861.300975814447,910.0,5,15,2870.0
17638.0,22867.300975814447,910.0,5,15,2870.0
17639.0,22873.300975814447,910.0,5,15,2870.0
17640.0,22879.300975814447,910.0,5,15,2870.0
17641.0,22885.300975814447,910.0,5,15,2870.0
17642.0,22891.300975814447,910.0,5,15,2870.0
17643.0,22897.300975814447,910.0,5,15,2870.0
17644.0,22903.300975814447,910.0,5,15,2870.0
17645.0,22909.300975814447,910.0,5,15,2870.0
17646.0,22915.300975814447,910.0,5,15,2870.0
17647.0,22921.300975814447,910.0,5,15,2870.0
17648.0,22927.300975814447,910.0,5,15,2870.0
17649.0,22933.300975814447,910.0,5,15,2870.0
17650.0,22939.300975814447,910.0,5,15,2870.0
17651.0,22945.300975814447,910.0,5,15,2870.0
17652.0,22951.300975814447,910.0,5,15,2870.0
17653.0,22957.300975814447,910.0,5,15,2870.0
17654.0,22963.300975814447,910.0,5,15,2870.0
17655.0,22969.300975814447,910.0,5,15,2870.0
17656.0,22975.300975814447,910.0,5,15,2870.0
17657.0,22981.300975814447,910.0,5,15,2870.0
17658.0,22987.300975814447,910.0,5,15,2870.0
17659.0,22993.300975814447,910.0,5,15,2870.0
17660.0,22999.300975814447,910.0,5,15,2870.0
17661.0,23005.300975814447,910.0,5,15,2870.0
17662.0,23011.300975814447,910.0,5,15,2870.0
17663.0,23017.300975814447,910.0,5,15,2870.0
17664.0,23023.300975814447,910.0,5,15,2870.0
17665.0,23029.300975814447,910.0,5,15,2870.0
17666.0,23035.300975814447,910.0,5,15,2870.0
17667.0,23041.300975814447,910.0,5,15,2870.0
17668.0,23047.300975814447,910.0,5,15,2870.0
17669.0,23053.300975814447,910.0,5,15,2870.0
17670.0,23059.300975814447,910.0,5,15,2870.0
17671.0,23065.300975814447,910.0,5,15,2870.0
17672.0,23071.300975814447,910.0,5,15,2870.0
17673.0,23077.300975814447,910.0,5,15,2870.0
17674.0,23083.300975814447,910.0,5,15,2870.0
17675.0,23089.300975814447,910.0,5,15,2870.0
17676.0,23095.300975814447,910.0,5,15,2870.0
17677.0,23101.300975814447,910.0,5,15,2870.0
17678.0,23107.300975814447,910.0,5,15,2870.0
17679.0,23113.300975814447,910.0,5,15,2870.0
17680.0,23119.300975814447,910.0,5,15,2870.0
17681.0,23125.300975814447,910.0,5,15,2870.0
17682.0,23131.300975814447,910.0,5,15,2870.0
17683.0,23137.300975814447,910.0,5,15,2870.0
17684.0,23143.300975814447,910.0,5,15,2870.0
17685.0,23149.300975814447,910.0,5,15,2870.0
17686.0,23155.300975814447,910.0,5,15,2870.0
17687.0,23161.300975814447,910.0,5,15,2870.0
17688.0,23167.300975814447,910.0,5,15,2870.0
17689.0,23173.300975814447,910.0,5,15,2870.0
17690.0,23179.300975814447,910.0,5,15,2870.0
17691.0,23185.300975814447,910.0,5,15,2870.0
17692.0,23191.300975814447,910.0,5,15,2870.0
17693.0,23197.300975814447,910.0,5,15,2870.0
17694.0,23203.300975814447,910.0,5,15,2870.0
17695.0,23209.300975814447,910.0,5,15,2870.0
17696.0,23215.300975814447,910.0,5,15,2870.0
17697.0,23221.300975814447,910.0,5,15,2870.0
17698.0,23227.300975814447,910.0,5,15,2870.0
17699.0,23233.300975814447,910.0,5,15,2870.0
17700.0,23239.300975814447,910.0,5,15,2870.0
17701.0,23245.300975814447,910.0,5,15,2870.0
17702.0,23251.300975814447,910.0,5,15,2870.0
17703.0,23257.300975814447,910.0,5,15,2870.0
17704.0,23263.300975814447,910.0,5,15,2870.0
17705.0,23269.300975814447,910.0,5,15,2870.0
17706.0,23275.300975814447,910.0,5,15,2870.0
17707.0,23281.300975814447,910.0,5,15,2870.0
17708.0,23287.300975814447,910.0,5,15,2870.0
17709.0,23293.300975814447,910.0,5,15,2870.0
17710.0,23299.300975814447,910.0,5,15,2870.0
17711.0,23305.300975814447,910.0,5,15,2870.0
17712.0,23311.300975814447,910.0,5,15,2870.0
17713.0,23317.300975814447,910.0,5,15,2870.0
17714.0,23323.300975814447,910.0,5,15,2870.0
17715.0,23329.300975814447,910.0,5,15,2870.0
17716.0,23335.300975814447,910.0,5,15,2870.0
17717.0,23341.300975814447,910.0,5,15,2870.0
17718.0,23347.300975814447,910.0,5,15,2870.0
17719.0,23353.300975814447,910.0,5,15,2870.0
17720.0,23359.300975814447,910.0,5,15,2870.0
17721.0,23365.300975814447,910.0,5,15,2870.0
17722.0,23371.300975814447,910.0,5,15,2870.0
17723.0,23377.300975814447,910.0,5,15,2870.0
17724.0,23383.300975814447,910.0,5,15,2870.0
17725.0,23389.300975814447,910.0,5,15,2870.0
17726.0,23395.300975814447,910.0,5,15,2870.0
17727.0,23401.300975814447,910.0,5,15,2870.0
17728.0,23407.300975814447,910.0,5,15,2870.0
17729.0,23413.300975814447,910.0,5,15,2870.0
17730.0,23419.300975814447,910.0,5,15,2870.0
17731.0,23425.300975814447,910.0,5,15,2870.0
17732.0,23431.300975814447,910.0,5,15,2870.0
17733.0,23437.300975814447,910.0,5,15,2870.0
17734.0,23443.300975814447,910.0,5,15,2870.0
17735.0,23449.300975814447,910.0,5,15,2870.0
17736.0,23455.300975814447,910.0,5,15,2870.0
17737.0,23461.300975814447,910.0,5,15,2870.0
17738.0,23467.300975814447,910.0,5,15,2870.0
17739.0,23473.300975814447,910.0,5,15,2870.0
17740.0,23479.300975814447,910.0,5,15,2870.0
17741.0,23485.300975814447,910.0,5,15,2870.0
17742.0,23491.300975814447,910.0,5,15,2870.0
17743.0,23497.300975814447,910.0,5,15,2870.0
17744.0,23503.300975814447,910.0,5,15,2870.0
17745.0,23509.300975814447,910.0,5,15,2870.0
17746.0,23515.300975814447,910.0,5,15,2870.0
17747.0,23521.300975814447,910.0,5,15,2870.0
17748.0,23527.300975814447,910.0,5,15,2870.0
17749.0,23533.300975814447,910.0,5,15,2870.0
17750.0,23539.300975814447,910.0,5,15,2870.0
17751.0,23545.300975814447,910.0,5,15,2870.0
17752.0,23551.300975814447,910.0,5,15,2870.0
17753.0,23557.300975814447,910.0,5,15,2870.0
17754.0,23563.300975814447,910.0,5,15,2870.0
17755.0,23569.300975814447,910.0,5,15,2870.0
17756.0,23575.300975814447,910.0,5,15,2870.0
17757.0,23581.300975814447,910.0,5,15,2870.0
17758.0,23587.300975814447,910.0,5,15,2870.0
17759.0,23593.300975814447,910.0,5,15,2870.0
17760.0,23599.300975814447,910.0,5,15,2870.0
17761.0,23605.300975814447,910.0,5,15,2870.0
17762.0,23611.300975814447,910.0,5,15,2870.0
17763.0,23617.300975814447,910.0,5,15,2870.0
17764.0,23623.300975814447,910.0,5,15,2870.0
17765.0,23629.300975814447,910.0,5,15,2870.0
17766.0,23635.300975814447,910.0,5,15,2870.0
17767.0,23641.300975814447,910.0,5,15,2870.0
17768.0,23647.300975814447,910.0,5,15,2870.0
17769.0,23653.300975814447,910.0,5,15,2870.0
17770.0,23659.300975814447,910.0,5,15,2870.0
17771.0,23665.300975814447,910.0,5,15,2870.0
17772.0,23671.300975814447,910.0,5,15,2870.0
17773.0,23677.300975814447,910.0,5,15,2870.0
17774.0,23683.300975814447,910.0,5,15,2870.0
17775.0,23689.300975814447,910.0,5,15,2870.0
17776.0,23695.300975814447,910.0,5,15,2870.0
17777.0,23701.300975814447,910.0,5,15,2870.0
17778.0,23707.300975814447,910.0,5,15,2870.0
17779.0,23713.300975814447,910.0,5,15,2870.0
17780.0,23719.300975814447,910.0,5,15,2870.0
17781.0,23725.300975814447,910.0,5,15,2870.0
17782.0,23731.300975814447,910.0,5,15,2870.0
17783.0,23737.300975814447,910.0,5,15,2870.0
17784.0,23743.300975814447,910.0,5,15,2870.0
17785.0,23749.300975814447,910.0,5,15,2870.0
17786.0,23755.300975814447,910.0,5,15,2870.0
17787.0,23761.300975814447,910.0,5,15,2870.0
17788.0,23767.300975814447,910.0,5,15,2870.0
17789.0,23773.300975814447,910.0,5,15,2870.0
17790.0,23779.300975814447,910.0,5,15,2870.0
17791.0,23785.300975814447,910.0,5,15,2870.0
17792.0,23791.300975814447,910.0,5,15,2870.0
17793.0,23797.300975814447,910.0,5,15,2870.0
17794.0,23803.300975814447,910.0,5,15,2870.0
17795.0,23809.300975814447,910.0,5,15,2870.0
17796.0,23815.300975814447,910.0,5,15,2870.0
17797.0,23821.300975814447,910.0,5,15,2870.0
17798.0,23827.300975814447,910.0,5,15,2870.0
17799.0,23833.300975814447,910.0,5,15,2870.0
17800.0,23839.300975814447,910.0,5,15,2870.0
17801.0,23845.300975814447,910.0,5,15,2870.0
17802.0,23851.300975814447,910.0,5,15,2870.0
17803.0,23857.300975814447,910.0,5,15,2870.0
17804.0,23863.300975814447,910.0,5,15,2870.0
17805.0,23869.300975814447,910.0,5,15,2870.0
17806.0,23875.300975814447,910.0,5,15,2870.0
17807.0,23881.300975814447,910.0,5,15,2870.0
17808.0,23887.300975814447,910.0,5,15,2870.0
17809.0,23893.300975814447,910.0,5,15,2870.0
17810.0,23899.300975814447,910.0,5,15,2870.0
17811.0,23905.300975814447,910.0,5,15,2870.0
17812.0,23911.300975814447,910.0,5,15,2870.0
17813.0,23917.300975814447,910.0,5,15,2870.0
17814.0,23923.300975814447,910.0,5,15,2870.0
17815.0,23929.300975814447,910.0,5,15,2870.0
17816.0,23935.300975814447,910.0,5,15,2870.0
17817.0,23941.300975814447,910.0,5,15,2870.0
17818.0,23947.300975814447,910.0,5,15,2870.0
17819.0,23953.300975814447,910.0,5,15,2870.0
17820.0,23959.300975814447,910.0,5,15,2870.0
17821.0,23965.300975814447,910.0,5,15,2870.0
17822.0,23971.300975814447,910.0,5,15,2870.0
17823.0,23977.300975814447,910.0,5,15,2870.0
17824.0,23983.300975814447,910.0,5,15,2870.0
17825.0,23989.300975814447,910.0,5,15,2870.0
17826.0,23995.300975814447,910.0,5,15,2870.0
17827.0,24001.300975814447,910.0,5,15,2870.0
17828.0,24007.300975814447,910.0,5,15,2870.0
17829.0,24013.300975814447,910.0,5,15,2870.0
17830.0,24019.300975814447,910.0,5,15,2870.0
17831.0,24025.300975814447,910.0,5,15,2870.0
17832.0,24031.300975814447,910.0,5,15,2870.0
17833.0,24037.300975814447,910.0,5,15,2870.0
17834.0,24043.300975814447,910.0,5,15,2870.0
17835.0,24049.300975814447,910.0,5,15,2870.0
17836.0,24055.300975814447,910.0,5,15,2870.0
17837.0,24061.300975814447,910.0,5,15,2870.0
17838.0,24067.300975814447,910.0,5,15,2870.0
17839.0,24073.300975814447,910.0,5,15,2870.0
17840.0,24079.300975814447,910.0,5,15,2870.0
17841.0,24085.300975814447,910.0,5,15,2870.0
17842.0,24091.300975814447,910.0,5,15,2870.0
17843.0,24097.300975814447,910.0,5,15,2870.0
17844.0,24103.300975814447,910.0,5,15,2870.0
17845.0,24109.300975814447,910.0,5,15,2870.0
17846.0,24115.300975814447,910.0,5,15,2870.0
17847.0,24121.300975814447,910.0,5,15,2870.0
17848.0,24127.300975814447,910.0,5,15,2870.0
17849.0,24133.300975814447,910.0,5,15,2870.0
17850.0,24139.300975814447,910.0,5,15,2870.0
17851.0,24145.300975814447,910.0,5,15,2870.0
17852.0,24151.300975814447,910.0,5,15,2870.0
17853.0,24157.300975814447,910.0,5,15,2870.0
17854.0,24163.300975814447,910.0,5,15,2870.0
17855.0,24169.300975814447,910.0,5,15,2870.0
17856.0,24175.300975814447,910.0,5,15,2870.0
17857.0,24181.300975814447,910.0,5,15,2870.0
17858.0,24187.300975814447,910.0,5,15,2870.0
17859.0,24193.300975814447,910.0,5,15,2870.0
17860.0,24199.300975814447,910.0,5,15,2870.0
17861.0,24205.300975814447,910.0,5,15,2870.0
17862.0,24211.300975814447,910.0,5,15,2870.0
17863.0,24217.300975814447,910.0,5,15,2870.0
17864.0,24223.300975814447,910.0,5,15,2870.0
17865.0,24229.300975814447,910.0,5,15,2870.0
17866.0,24235.300975814447,910.0,5,15,2870.0
17867.0,24241.300975814447,910.0,5,15,2870.0
17868.0,24247.300975814447,910.0,5,15,2870.0
17869.0,24253.300975814447,910.0,5,15,2870.0
17870.0,24259.300975814447,910.0,5,15,2870.0
17871.0,24265.300975814447,910.0,5,15,2870.0
17872.0,24271.300975814447,910.0,5,15,2870.0
17873.0,24277.300975814447,910.0,5,15,2870.0
17874.0,24283.300975814447,910.0,5,15,2870.0
17875.0,24289.289101123963,910.0,5,15,2870.0
17876.0,24295.20217564065,910.0,5,15,2870.0
17877.0,24301.00367288577,910.0,5,15,2870.0
17878.0,24306.689140185983,910.0,5,15,2870.0
17879.0,24312.26089814019,910.0,5,15,2870.0
17880.0,24317.72122093532,910.0,5,15,2870.0
17881.0,24323.072337274538,910.0,5,15,2870.0
17882.0,24328.31643128698,910.0,5,15,2870.0
17883.0,24333.45564341917,910.0,5,15,2870.0
17884.0,24338.492071308716,910.0,5,15,2870.0
17885.0,24343.427770640472,910.0,5,15,2870.0
17886.0,24348.26475598559,910.0,5,15,2870.0
17887.0,24353.00500162381,910.0,5,15,2870.0
17888.0,24357.65044234926,910.0,5,15,2870.0
17889.0,24362.202974260206,910.0,5,15,2870.0
17890.0,24366.66445553293,910.0,5,15,2870.0
17891.0,24371.036707180203,910.0,5,15,2870.0
17892.0,24375.321513794526,910.0,5,15,2870.0
17893.0,24379.520624276567,910.0,5,15,2870.0
17894.0,24383.635752548962,910.0,5,15,2870.0
17895.0,24387.668578255914,910.0,5,15,2870.0
17896.0,24391.620747448724,910.0,5,15,2870.0
17897.0,24395.493873257677,910.0,5,15,2870.0
17898.0,24399.289536550452,910.0,5,15,2870.0
17899.0,24403.009286577373,910.0,5,15,2870.0
17900.0,24406.654641603756,910.0,5,15,2870.0
17901.0,24410.227089529613,910.0,5,15,2870.0
17902.0,24413.728088496948,910.0,5,15,2870.0
17903.0,24417.159067484936,910.0,5,15,2870.0
17904.0,24420.521426893167,910.0,5,15,2870.0
17905.0,24423.81653911323,910.0,5,15,2870.0
17906.0,24427.0457490889,910.0,5,15,2870.0
17907.0,24430.21037486505,910.0,5,15,2870.0
17908.0,24433.311708125675,910.0,5,15,2870.0
17909.0,24436.351014721095,910.0,5,15,2870.0
17910.0,24439.3295351846,910.0,5,15,2870.0
17911.0,24442.248485238837,910.0,5,15,2870.0
17912.0,24445.10905629199,910.0,5,15,2870.0
17913.0,24447.912415924082,910.0,5,15,2870.0
17914.0,24450.659708363528,910.0,5,15,2870.0
17915.0,24453.352054954186,910.0,5,15,2870.0
17916.0,24455.990554613032,910.0,5,15,2870.0
17917.0,24458.5762842787,910.0,5,15,2870.0
17918.0,24461.110299351058,910.0,5,15,2870.0
17919.0,24463.593634121964,910.0,5,15,2870.0
17920.0,24466.02730219745,910.0,5,15,2870.0
17921.0,24468.412296911432,910.0,5,15,2870.0
17922.0,24470.74959173113,910.0,5,15,2870.0
17923.0,24473.040140654437,910.0,5,15,2870.0
17924.0,24475.284878599283,910.0,5,15,2870.0
17925.0,24477.484721785226,910.0,5,15,2870.0
17926.0,24479.64056810745,910.0,5,15,2870.0
17927.0,24481.75329750323,910.0,5,15,2870.0
17928.0,24483.823772311094,910.0,5,15,2870.0
17929.0,24485.852837622802,910.0,5,15,2870.0
17930.0,24487.841321628275,910.0,5,15,2870.0
17931.0,24489.790035953636,910.0,5,15,2870.0
17932.0,24491.699775992496,910.0,5,15,2870.0
17933.0,24493.571321230575,910.0,5,15,2870.0
17934.0,24495.405435563895,910.0,5,15,2870.0
17935.0,24497.202867610544,910.0,5,15,2870.0
17936.0,24498.96435101626,910.0,5,15,2870.0
17937.0,24500.69060475387,910.0,5,15,2870.0
17938.0,24502.382333416714,910.0,5,15,2870.0
17939.0,24504.040227506313,910.0,5,15,2870.0
17940.0,24505.664963714116,910.0,5,15,2870.0
17941.0,24507.257205197762,910.0,5,15,2870.0
17942.0,24508.817601851733,910.0,5,15,2870.0
17943.0,24510.34679057263,910.0,5,15,2870.0
17944.0,24511.845395519107,910.0,5,15,2870.0
17945.0,24513.314028366654,910.0,5,15,2870.0
17946.0,24514.75328855725,910.0,5,15,2870.0
17947.0,24516.163763544035,910.0,5,15,2870.0
17948.0,24517.546029031084,910.0,5,15,2870.0
17949.0,24518.90064920839,910.0,5,15,2870.0
17950.0,24520.228176982153,910.0,5,15,2870.0
17951.0,24521.529154200438,910.0,5,15,2870.0
17952.0,24522.804111874357,910.0,5,15,2870.0
17953.0,24524.0535703948,910.0,5,15,2870.0
17954.0,24525.278039744833,910.0,5,15,2870.0
17955.0,24526.478019707865,910.0,5,15,2870.0
17956.0,24527.654000071638,910.0,5,15,2870.0
17957.0,24528.806460828135,910.0,5,15,2870.0
17958.0,24529.9358723695,910.0,5,15,2870.0
17959.0,24531.04269568004,910.0,5,15,2870.0
17960.0,24532.12738252437,910.0,5,15,2870.0
17961.0,24533.19037563181,910.0,5,15,2870.0
17962.0,24534.232108877106,910.0,5,15,2870.0
17963.0,24535.253007457493,910.0,5,15,2870.0
17964.0,24536.253488066268,910.0,5,15,2870.0
17965.0,24537.233959062873,910.0,5,15,2870.0
17966.0,24538.194820639546,910.0,5,15,2870.0
17967.0,24539.136464984687,910.0,5,15,2870.0
17968.0,24540.05927644292,910.0,5,15,2870.0
17969.0,24540.963631671988,910.0,5,15,2870.0
17970.0,24541.84989979648,910.0,5,15,2870.0
17971.0,24542.718442558482,910.0,5,15,2870.0
17972.0,24543.569614465243,910.0,5,15,2870.0
17973.0,24544.403762933864,910.0,5,15,2870.0
17974.0,24545.221228433114,910.0,5,15,2870.0
17975.0,24546.022344622383,910.0,5,15,2870.0
17976.0,24546.807438487864,910.0,5,15,2870.0
17977.0,24547.576830476035,910.0,5,15,2870.0
17978.0,24548.33083462444,910.0,5,15,2870.0
17979.0,24549.069758689886,910.0,5,15,2870.0
17980.0,24549.79390427401,910.0,5,15,2870.0
17981.0,24550.503566946467,910.0,5,15,2870.0
17982.0,24551.199036365466,910.0,5,15,2870.0
17983.0,24551.880596396084,910.0,5,15,2870.0
17984.0,24552.54852522609,910.0,5,15,2870.0
17985.0,24553.2030954795,910.0,5,15,2870.0
17986.0,24553.84457432784,910.0,5,15,2870.0
17987.0,24554.473223599212,910.0,5,15,2870.0
17988.0,24555.089299885156,910.0,5,15,2870.0
17989.0,24555.693054645384,910.0,5,15,2870.0
17990.0,24556.2847343104,910.0,5,15,2870.0
17991.0,24556.864580382127,910.0,5,15,2870.0
17992.0,24557.43282953241,910.0,5,15,2870.0
17993.0,24557.989713699695,910.0,5,15,2870.0
17994.0,24558.53546018363,910.0,5,15,2870.0
17995.0,24559.070291737884,910.0,5,15,2870.0
17996.0,24559.594426661057,910.0,5,15,2870.0
17997.0,24560.108078885765,910.0,5,15,2870.0
17998.0,24560.61145806598,910.0,5,15,2870.0
17999.0,24561.10476966259,910.0,5,15,2870.0
18000.0,24561.58821502727,910.0,5,15,2870.0
18001.0,24562.06199148465,910.0,5,15,2870.0
18002.0,24562.526292412887,910.0,5,15,2870.0
18003.0,24562.981307322556,910.0,5,15,2870.0
18004.0,24563.42722193404,910.0,5,15,2870.0
18005.0,24563.864218253286,910.0,5,15,2870.0
18006.0,24564.292474646147,910.0,5,15,2870.0
18007.0,24564.712165911158,910.0,5,15,2870.0
18008.0,24565.12346335086,910.0,5,15,2870.0
18009.0,24565.526534841774,910.0,5,15,2870.0
18010.0,24565.921544902867,910.0,5,15,2870.0
18011.0,24566.30865476274,910.0,5,15,2870.0
18012.0,24566.688022425416,910.0,5,15,2870.0
18013.0,24567.059802734835,910.0,5,15,2870.0
18014.0,24567.42414743807,910.0,5,15,2870.0
18015.0,24567.781205247236,910.0,5,15,2870.0
18016.0,24568.13112190022,910.0,5,15,2870.0
18017.0,24568.474040220146,910.0,5,15,2870.0
18018.0,24568.810100173672,910.0,5,15,2870.0
18019.0,24569.13943892813,910.0,5,15,2870.0
18020.0,24569.462190907496,910.0,5,15,2870.0
18021.0,24569.778487847274,910.0,5,15,2870.0
18022.0,24570.088458848255,910.0,5,15,2870.0
18023.0,24570.392230429225,910.0,5,15,2870.0
18024.0,24570.689926578565,910.0,5,15,2870.0
18025.0,24570.981668804925,910.0,5,15,2870.0
18026.0,24571.267576186754,910.0,5,15,2870.0
18027.0,24571.54776542095,910.0,5,15,2870.0
18028.0,24571.822350870458,910.0,5,15,2870.0
18029.0,24572.09144461098,910.0,5,15,2870.0
18030.0,24572.35515647669,910.0,5,15,2870.0
18031.0,24572.61359410508,910.0,5,15,2870.0
18032.0,24572.866862980914,910.0,5,15,2870.0
18033.0,24573.115066479226,910.0,5,15,2870.0
18034.0,24573.358305907568,910.0,5,15,2870.0
18035.0,24573.596680547347,910.0,5,15,2870.0
18036.0,24573.83028769433,910.0,5,15,2870.0
18037.0,24574.05922269837,910.0,5,15,2870.0
18038.0,24574.283579002335,910.0,5,15,2870.0
18039.0,24574.503448180218,910.0,5,15,2870.0
18040.0,24574.71891997454,910.0,5,15,2870.0
18041.0,24574.930082332983,910.0,5,15,2870.0
18042.0,24575.137021444254,910.0,5,15,2870.0
18043.0,24575.339821773294,910.0,5,15,2870.0
18044.0,24575.538566095758,910.0,5,15,2870.0
18045.0,24575.73333553177,910.0,5,15,2870.0
18046.0,24575.924209579065,910.0,5,15,2870.0
18047.0,24576.111266145414,910.0,5,15,2870.0
18048.0,24576.294581580434,910.0,5,15,2870.0
18049.0,24576.474230706757,910.0,5,15,2870.0
18050.0,24576.65028685055,910.0,5,15,2870.0
18051.0,24576.82282187147,910.0,5,15,2870.0
18052.0,24576.991906191968,910.0,5,15,2870.0
18053.0,24577.157608826055,910.0,5,15,2870.0
18054.0,24577.319997407467,910.0,5,15,2870.0
18055.0,24577.479138217244,910.0,5,15,2870.0
18056.0,24577.635096210834,910.0,5,15,2870.0
18057.0,24577.78793504454,910.0,5,15,2870.0
18058.0,24577.937717101584,910.0,5,15,2870.0
18059.0,24578.084503517475,910.0,5,15,2870.0
18060.0,24578.22835420506,910.0,5,15,2870.0
18061.0,24578.36932787889,910.0,5,15,2870.0
18062.0,24578.50748207924,910.0,5,15,2870.0
18063.0,24578.642873195582,910.0,5,15,2870.0
18064.0,24578.775556489603,910.0,5,15,2870.0
18065.0,24578.905586117737,910.0,5,15,2870.0
18066.0,24579.033015153313,910.0,5,15,2870.0
18067.0,24579.15789560818,910.0,5,15,2870.0
18068.0,24579.280278453945,910.0,5,15,2870.0
18069.0,24579.320799757013,914.0,5,15,2866.0
18070.0,24579.320799757013,920.0,5,15,2860.0
18071.0,24579.320799757013,926.0,5,15,2854.0
18072.0,24579.320799757013,932.0,5,15,2848.0
18073.0,24579.320799757013,938.0,5,15,2842.0
18074.0,24579.320799757013,944.0,5,15,2836.0
18075.0,24579.320799757013,950.0,5,15,2830.0
18076.0,24579.320799757013,956.0,5,15,2824.0
18077.0,24579.320799757013,962.0,5,15,2818.0
18078.0,24579.320799757013,968.0,5,15,2812.0
18079.0,24579.320799757013,974.0,5,15,2806.0
18080.0,24579.320799757013,980.0,5,15,2800.0
18081.0,24579.320799757013,986.0,5,15,2794.0
18082.0,24579.320799757013,992.0,5,15,2788.0
18083.0,24579.320799757013,998.0,5,15,2782.0
18084.0,24579.320799757013,1004.0,5,15,2776.0
18085.0,24579.320799757013,1010.0,5,15,2770.0
18086.0,24579.320799757013,1016.0,5,15,2764.0
18087.0,24579.320799757013,1022.0,5,15,2758.0
18088.0,24579.320799757013,1028.0,5,15,2752.0
18089.0,24579.320799757013,1034.0,5,15,2746.0
18090.0,24579.320799757013,1040.0,5,15,2740.0
18091.0,24579.320799757013,1046.0,5,15,2734.0
18092.0,24579.320799757013,1052.0,5,15,2728.0
18093.0,24579.320799757013,1058.0,5,15,2722.0
18094.0,24579.320799757013,1064.0,5,15,2716.0
18095.0,24579.320799757013,1070.0,5,15,2710.0
18096.0,24579.320799757013,1076.0,5,15,2704.0
18097.0,24579.320799757013,1082.0,5,15,2698.0
18098.0,24579.320799757013,1088.0,5,15,2692.0
18099.0,24579.320799757013,1094.0,5,15,2686.0
18100.0,24579.320799757013,1100.0,5,15,2680.0
18101.0,24579.320799757013,1106.0,5,15,2674.0
18102.0,24579.320799757013,1112.0,5,15,2668.0
18103.0,24579.320799757013,1118.0,5,15,2662.0
18104.0,24579.320799757013,1120.0,6,14,2660.0
18105.0,24579.52079975701,1120.0,6,14,2660.0
18106.0,24579.870799757013,1120.0,6,14,2660.0
18107.0,24580.27798737692,1120.0,6,14,2660.0
18108.0,24580.962057148972,1120.0,6,14,2660.0
18109.0,24581.93368625775,1120.0,6,14,2660.0
18110.0,24583.198010131022,1120.0,6,14,2660.0
18111.0,24584.75764297167,1120.0,6,14,2660.0
18112.0,24586.614041421275,1120.0,6,14,2660.0
18113.0,24588.768085352975,1120.0,6,14,2660.0
18114.0,24591.220342094126,1120.0,6,14,2660.0
18115.0,24593.971196987994,1120.0,6,14,2660.0
18116.0,24597.020922949625,1120.0,6,14,2660.0
18117.0,24600.369719970728,1120.0,6,14,2660.0
18118.0,24604.017738795123,1120.0,6,14,2660.0
18119.0,24607.965095763444,1120.0,6,14,2660.0
18120.0,24612.211882484084,1120.0,6,14,2660.0
18121.0,24616.75817234348,1120.0,6,14,2660.0
18122.0,24621.604025014192,1120.0,6,14,2660.0
18123.0,24626.74948965429,1120.0,6,14,2660.0
18124.0,24632.194607227626,1120.0,6,14,2660.0
18125.0,24637.939412218773,1120.0,6,14,2660.0
18126.0,24643.933933922384,1120.0,6,14,2660.0
18127.0,24649.933933922384,1120.0,6,14,2660.0
18128.0,24655.933933922384,1120.0,6,14,2660.0
18129.0,24661.933933922384,1120.0,6,14,2660.0
18130.0,24667.933933922384,1120.0,6,14,2660.0
18131.0,24673.933933922384,1120.0,6,14,2660.0
18132.0,24679.933933922384,1120.0,6,14,2660.0
18133.0,24685.933933922384,1120.0,6,14,2660.0
18134.0,24691.933933922384,1120.0,6,14,2660.0
18135.0,24697.933933922384,1120.0,6,14,2660.0
18136.0,24703.933933922384,1120.0,6,14,2660.0
18137.0,24709.933933922384,1120.0,6,14,2660.0
18138.0,24715.933933922384,1120.0,6,14,2660.0
18139.0,24721.933933922384,1120.0,6,14,2660.0
18140.0,24727.933933922384,1120.0,6,14,2660.0
18141.0,24733.933933922384,1120.0,6,14,2660.0
18142.0,24739.933933922384,1120.0,6,14,2660.0
18143.0,24745.933933922384,1120.0,6,14,2660.0
18144.0,24751.933933922384,1120.0,6,14,2660.0
18145.0,24757.933933922384,1120.0,6,14,2660.0
18146.0,24763.933933922384,1120.0,6,14,2660.0
18147.0,24769.933933922384,1120.0,6,14,2660.0
18148.0,24775.933933922384,1120.0,6,14,2660.0
18149.0,24781.933933922384,1120.0,6,14,2660.0
18150.0,24787.933933922384,1120.0,6,14,2660.0
18151.0,24793.933933922384,1120.0,6,14,2660.0
18152.0,24799.933933922384,1120.0,6,14,2660.0
18153.0,24805.933933922384,1120.0,6,14,2660.0
18154.0,24811.933933922384,1120.0,6,14,2660.0
18155.0,24817.933933922384,1120.0,6,14,2660.0
18156.0,24823.933933922384,1120.0,6,14,2660.0
18157.0,24829.933933922384,1120.0,6,14,2660.0
18158.0,24835.933933922384,1120.0,6,14,2660.0
18159.0,24841.933933922384,1120.0,6,14,2660.0
18160.0,24847.933933922388,1120.0,6,14,2660.0
18161.0,24853.933933922388,1120.0,6,14,2660.0
18162.0,24859.933933922388,1120.0,6,14,2660.0
18163.0,24865.933933922388,1120.0,6,14,2660.0
18164.0,24871.933933922388,1120.0,6,14,2660.0
18165.0,24877.933933922388,1120.0,6,14,2660.0
18166.0,24883.933933922388,1120.0,6,14,2660.0
18167.0,24889.933933922388,1120.0,6,14,2660.0
18168.0,24895.933933922388,1120.0,6,14,2660.0
18169.0,24901.933933922388,1120.0,6,14,2660.0
18170.0,24907.933933922388,1120.0,6,14,2660.0
18171.0,24913.933933922388,1120.0,6,14,2660.0
18172.0,24919.933933922388,1120.0,6,14,2660.0
18173.0,24925.933933922388,1120.0,6,14,2660.0
18174.0,24931.933933922388,1120.0,6,14,2660.0
18175.0,24937.933933922388,1120.0,6,14,2660.0
18176.0,24943.933933922388,1120.0,6,14,2660.0
18177.0,24949.933933922388,1120.0,6,14,2660.0
18178.0,24955.933933922388,1120.0,6,14,2660.0
18179.0,24961.933933922388,1120.0,6,14,2660.0
18180.0,24967.933933922388,1120.0,6,14,2660.0
18181.0,24973.933933922388,1120.0,6,14,2660.0
18182.0,24979.933933922388,1120.0,6,14,2660.0
18183.0,24985.933933922388,1120.0,6,14,2660.0
18184.0,24991.933933922388,1120.0,6,14,2660.0
18185.0,24997.933933922388,1120.0,6,14,2660.0
18186.0,25003.933933922388,1120.0,6,14,2660.0
18187.0,25009.933933922388,1120.0,6,14,2660.0
18188.0,25015.933933922388,1120.0,6,14,2660.0
18189.0,25021.933933922388,1120.0,6,14,2660.0
18190.0,25027.933933922388,1120.0,6,14,2660.0
18191.0,25033.933933922388,1120.0,6,14,2660.0
18192.0,25039.933933922388,1120.0,6,14,2660.0
18193.0,25045.933933922388,1120.0,6,14,2660.0
18194.0,25051.933933922388,1120.0,6,14,2660.0
18195.0,25057.933933922388,1120.0,6,14,2660.0
18196.0,25063.933933922388,1120.0,6,14,2660.0
18197.0,25069.933933922388,1120.0,6,14,2660.0
18198.0,25075.933933922388,1120.0,6,14,2660.0
18199.0,25081.933933922388,1120.0,6,14,2660.0
18200.0,25087.933933922388,1120.0,6,14,2660.0
18201.0,25093.933933922388,1120.0,6,14,2660.0
18202.0,25099.933933922388,1120.0,6,14,2660.0
18203.0,25105.933933922388,1120.0,6,14,2660.0
18204.0,25111.933933922388,1120.0,6,14,2660.0
18205.0,25117.933933922388,1120.0,6,14,2660.0
18206.0,25123.933933922388,1120.0,6,14,2660.0
18207.0,25129.933933922388,1120.0,6,14,2660.0
18208.0,25135.933933922388,1120.0,6,14,2660.0
18209.0,25141.933933922388,1120.0,6,14,2660.0
18210.0,25147.933933922388,1120.0,6,14,2660.0
18211.0,25153.933933922388,1120.0,6,14,2660.0
18212.0,25159.933933922388,1120.0,6,14,2660.0
18213.0,25165.933933922388,1120.0,6,14,2660.0
18214.0,25171.933933922388,1120.0,6,14,2660.0
18215.0,25177.933933922388,1120.0,6,14,2660.0
18216.0,25183.933933922388,1120.0,6,14,2660.0
18217.0,25189.933933922388,1120.0,6,14,2660.0
18218.0,25195.933933922388,1120.0,6,14,2660.0
18219.0,25201.933933922388,1120.0,6,14,2660.0
18220.0,25207.933933922388,1120.0,6,14,2660.0
18221.0,25213.933933922388,1120.0,6,14,2660.0
18222.0,25219.933933922388,1120.0,6,14,2660.0
18223.0,25225.933933922388,1120.0,6,14,2660.0
18224.0,25231.933933922388,1120.0,6,14,2660.0
18225.0,25237.933933922388,1120.0,6,14,2660.0
18226.0,25243.933933922388,1120.0,6,14,2660.0
18227.0,25249.933933922388,1120.0,6,14,2660.0
18228.0,25255.933933922388,1120.0,6,14,2660.0
18229.0,25261.933933922388,1120.0,6,14,2660.0
18230.0,25267.933933922388,1120.0,6,14,2660.0
18231.0,25273.933933922388,1120.0,6,14,2660.0
18232.0,25279.933933922388,1120.0,6,14,2660.0
18233.0,25285.933933922388,1120.0,6,14,2660.0
18234.0,25291.933933922388,1120.0,6,14,2660.0
18235.0,25297.933933922388,1120.0,6,14,2660.0
18236.0,25303.933933922388,1120.0,6,14,2660.0
18237.0,25309.933933922388,1120.0,6,14,2660.0
18238.0,25315.933933922388,1120.0,6,14,2660.0
18239.0,25321.933933922388,1120.0,6,14,2660.0
18240.0,25327.933933922388,1120.0,6,14,2660.0
18241.0,25333.933933922388,1120.0,6,14,2660.0
18242.0,25339.933933922388,1120.0,6,14,2660.0
18243.0,25345.933933922388,1120.0,6,14,2660.0
18244.0,25351.933933922388,1120.0,6,14,2660.0
18245.0,25357.933933922388,1120.0,6,14,2660.0
18246.0,25362.933933922388,1120.0,6,14,2660.0
18247.0,25367.933933922388,1120.0,6,14,2660.0
18248.0,25372.933933922388,1120.0,6,14,2660.0
18249.0,25377.933933922388,1120.0,6,14,2660.0
18250.0,25382.933933922388,1120.0,6,14,2660.0
18251.0,25387.933933922388,1120.0,6,14,2660.0
18252.0,25392.933933922388,1120.0,6,14,2660.0
18253.0,25397.933933922388,1120.0,6,14,2660.0
18254.0,25402.933933922388,1120.0,6,14,2660.0
18255.0,25407.933933922388,1120.0,6,14,2660.0
18256.0,25412.933933922388,1120.0,6,14,2660.0
18257.0,25417.933933922388,1120.0,6,14,2660.0
18258.0,25422.933933922388,1120.0,6,14,2660.0
18259.0,25427.933933922388,1120.0,6,14,2660.0
18260.0,25432.933933922388,1120.0,6,14,2660.0
18261.0,25437.933933922388,1120.0,6,14,2660.0
18262.0,25442.933933922388,1120.0,6,14,2660.0
18263.0,25446.933933922388,1120.0,6,14,2660.0
18264.0,25450.933933922388,1120.0,6,14,2660.0
18265.0,25454.933933922388,1120.0,6,14,2660.0
18266.0,25458.933933922388,1120.0,6,14,2660.0
18267.0,25462.933933922388,1120.0,6,14,2660.0
18268.0,25466.933933922388,1120.0,6,14,2660.0
18269.0,25470.933933922388,1120.0,6,14,2660.0
18270.0,25474.933933922388,1120.0,6,14,2660.0
18271.0,25478.933933922388,1120.0,6,14,2660.0
18272.0,25482.933933922388,1120.0,6,14,2660.0
18273.0,25486.933933922388,1120.0,6,14,2660.0
18274.0,25490.933933922388,1120.0,6,14,2660.0
18275.0,25494.933933922388,1120.0,6,14,2660.0
18276.0,25498.933933922388,1120.0,6,14,2660.0
18277.0,25502.933933922388,1120.0,6,14,2660.0
18278.0,25506.933933922388,1120.0,6,14,2660.0
18279.0,25510.933933922388,1120.0,6,14,2660.0
18280.0,25514.933933922388,1120.0,6,14,2660.0
18281.0,25518.933933922388,1120.0,6,14,2660.0
18282.0,25522.933933922388,1120.0,6,14,2660.0
18283.0,25526.933933922388,1120.0,6,14,2660.0
18284.0,25530.933933922388,1120.0,6,14,2660.0
18285.0,25534.933933922388,1120.0,6,14,2660.0
18286.0,25538.933933922388,1120.0,6,14,2660.0
18287.0,25541.933933922388,1120.0,6,14,2660.0
18288.0,25544.933933922388,1120.0,6,14,2660.0
18289.0,25547.933933922388,1120.0,6,14,2660.0
18290.0,25550.933933922388,1120.0,6,14,2660.0
18291.0,25553.933933922388,1120.0,6,14,2660.0
18292.0,25556.933933922388,1120.0,6,14,2660.0
18293.0,25559.933933922388,1120.0,6,14,2660.0
18294.0,25562.933933922388,1120.0,6,14,2660.0
18295.0,25565.933933922388,1120.0,6,14,2660.0
18296.0,25568.933933922388,1120.0,6,14,2660.0
18297.0,25571.929349491365,1120.0,6,14,2660.0
18298.0,25574.904856748963,1120.0,6,14,2660.0
18299.0,25577.86085386141,1120.0,6,14,2660.0
18300.0,25580.797731031606,1120.0,6,14,2660.0
18301.0,25583.715870658398,1120.0,6,14,2660.0
18302.0,25585.715870658398,1120.0,6,14,2660.0
18303.0,25587.715870658398,1120.0,6,14,2660.0
18304.0,25589.715870658398,1120.0,6,14,2660.0
18305.0,25591.715870658398,1120.0,6,14,2660.0
18306.0,25593.715870658398,1120.0,6,14,2660.0
18307.0,25595.715870658398,1120.0,6,14,2660.0
18308.0,25597.715870658398,1120.0,6,14,2660.0
18309.0,25599.715870658398,1120.0,6,14,2660.0
18310.0,25601.715870658398,1120.0,6,14,2660.0
18311.0,25603.715870658398,1120.0,6,14,2660.0
18312.0,25605.71103266078,1120.0,6,14,2660.0
18313.0,25607.686291423113,1120.0,6,14,2660.0
18314.0,25609.6420450102,1120.0,6,14,2660.0
18315.0,25611.57868352555,1120.0,6,14,2660.0
18316.0,25613.496589270588,1120.0,6,14,2660.0
18317.0,25614.496589270588,1120.0,6,14,2660.0
18318.0,25615.496589270588,1120.0,6,14,2660.0
18319.0,25616.496589270588,1120.0,6,14,2660.0
18320.0,25617.496589270588,1120.0,6,14,2660.0
18321.0,25618.496589270588,1120.0,6,14,2660.0
18322.0,25619.496589270588,1120.0,6,14,2660.0
18323.0,25620.496589270588,1120.0,6,14,2660.0
18324.0,25621.496589270588,1120.0,6,14,2660.0
18325.0,25622.496589270588,1120.0,6,14,2660.0
18326.0,25623.496589270588,1120.0,6,14,2660.0
18327.0,25624.496589270588,1120.0,6,14,2660.0
18328.0,25625.496589270588,1120.0,6,14,2660.0
18329.0,25626.496589270588,1120.0,6,14,2660.0
18330.0,25627.496589270588,1120.0,6,14,2660.0
18331.0,25628.496589270588,1120.0,6,14,2660.0
18332.0,25629.496589270588,1120.0,6,14,2660.0
18333.0,25630.496589270588,1120.0,6,14,2660.0
18334.0,25630.496589270588,1120.0,6,14,2660.0
18335.0,25630.496589270588,1120.0,6,14,2660.0
18336.0,25630.496589270588,1120.0,6,14,2660.0
18337.0,25630.496589270588,1120.0,6,14,2660.0
18338.0,25630.496589270588,1120.0,6,14,2660.0
18339.0,25630.496589270588,1120.0,6,14,2660.0
18340.0,25630.496589270588,1120.0,6,14,2660.0
18341.0,25630.496589270588,1120.0,6,14,2660.0
18342.0,25630.496589270588,1120.0,6,14,2660.0
18343.0,25630.496589270588,1120.0,6,14,2660.0
18344.0,25630.496589270588,1120.0,6,14,2660.0
18345.0,25630.496589270588,1120.0,6,14,2660.0
18346.0,25630.496589270588,1120.0,6,14,2660.0
18347.0,25630.496589270588,1120.0,6,14,2660.0
18348.0,25630.496589270588,1120.0,6,14,2660.0
18349.0,25630.496589270588,1120.0,6,14,2660.0
18350.0,25630.496589270588,1120.0,6,14,2660.0
18351.0,25630.496589270588,1120.0,6,14,2660.0
18352.0,25630.496589270588,1120.0,6,14,2660.0
18353.0,25630.496589270588,1120.0,6,14,2660.0
18354.0,25630.496589270588,1120.0,6,14,2660.0
18355.0,25630.496589270588,1120.0,6,14,2660.0
18356.0,25630.496589270588,1120.0,6,14,2660.0
18357.0,25630.496589270588,1120.0,6,14,2660.0
18358.0,25630.496589270588,1120.0,6,14,2660.0
18359.0,25630.496589270588,1120.0,6,14,2660.0
18360.0,25630.496589270588,1120.0,6,14,2660.0
18361.0,25630.496589270588,1120.0,6,14,2660.0
18362.0,25630.496589270588,1120.0,6,14,2660.0
18363.0,25630.496589270588,1120.0,6,14,2660.0
18364.0,25630.496589270588,1120.0,6,14,2660.0
18365.0,25630.496589270588,1120.0,6,14,2660.0
18366.0,25630.496589270588,1120.0,6,14,2660.0
18367.0,25630.496589270588,1120.0,6,14,2660.0
18368.0,25630.496589270588,1120.0,6,14,2660.0
18369.0,25630.496589270588,1120.0,6,14,2660.0
18370.0,25630.496589270588,1120.0,6,14,2660.0
18371.0,25630.496589270588,1120.0,6,14,2660.0
18372.0,25630.496589270588,1120.0,6,14,2660.0
18373.0,25630.496589270588,1120.0,6,14,2660.0
18374.0,25630.496589270588,1120.0,6,14,2660.0
18375.0,25630.496589270588,1120.0,6,14,2660.0
18376.0,25630.496589270588,1120.0,6,14,2660.0
18377.0,25630.496589270588,1120.0,6,14,2660.0
18378.0,25630.496589270588,1120.0,6,14,2660.0
18379.0,25630.496589270588,1120.0,6,14,2660.0
18380.0,25630.496589270588,1120.0,6,14,2660.0
18381.0,25630.496589270588,1120.0,6,14,2660.0
18382.0,25630.496589270588,1120.0,6,14,2660.0
18383.0,25630.496589270588,1120.0,6,14,2660.0
18384.0,25630.496589270588,1120.0,6,14,2660.0
18385.0,25630.496589270588,1120.0,6,14,2660.0
18386.0,25630.496589270588,1120.0,6,14,2660.0
18387.0,25630.496589270588,1120.0,6,14,2660.0
18388.0,25630.496589270588,1120.0,6,14,2660.0
18389.0,25630.496589270588,1120.0,6,14,2660.0
18390.0,25630.496589270588,1120.0,6,14,2660.0
18391.0,25630.496589270588,1120.0,6,14,2660.0
18392.0,25630.496589270588,1120.0,6,14,2660.0
18393.0,25630.496589270588,1120.0,6,14,2660.0
18394.0,25630.496589270588,1120.0,6,14,2660.0
18395.0,25630.496589270588,1120.0,6,14,2660.0
18396.0,25630.496589270588,1120.0,6,14,2660.0
18397.0,25630.496589270588,1120.0,6,14,2660.0
18398.0,25630.496589270588,1120.0,6,14,2660.0
18399.0,25630.496589270588,1120.0,6,14,2660.0
18400.0,25630.496589270588,1120.0,6,14,2660.0
18401.0,25630.496589270588,1120.0,6,14,2660.0
18402.0,25630.496589270588,1120.0,6,14,2660.0
18403.0,25630.496589270588,1120.0,6,14,2660.0
18404.0,25630.496589270588,1120.0,6,14,2660.0
18405.0,25630.496589270588,1120.0,6,14,2660.0
18406.0,25630.496589270588,1120.0,6,14,2660.0
18407.0,25630.496589270588,1120.0,6,14,2660.0
18408.0,25630.496589270588,1120.0,6,14,2660.0
18409.0,25630.496589270588,1120.0,6,14,2660.0
18410.0,25630.496589270588,1120.0,6,14,2660.0
18411.0,25630.496589270588,1120.0,6,14,2660.0
18412.0,25630.496589270588,1120.0,6,14,2660.0
18413.0,25630.496589270588,1120.0,6,14,2660.0
18414.0,25630.496589270588,1120.0,6,14,2660.0
18415.0,25630.496589270588,1120.0,6,14,2660.0
18416.0,25630.496589270588,1120.0,6,14,2660.0
18417.0,25630.496589270588,1120.0,6,14,2660.0
18418.0,25630.496589270588,1120.0,6,14,2660.0
18419.0,25630.496589270588,1120.0,6,14,2660.0
18420.0,25630.496589270588,1120.0,6,14,2660.0
18421.0,25630.496589270588,1120.0,6,14,2660.0
18422.0,25630.496589270588,1120.0,6,14,2660.0
18423.0,25630.496589270588,1120.0,6,14,2660.0
18424.0,25630.496589270588,1120.0,6,14,2660.0
18425.0,25630.496589270588,1120.0,6,14,2660.0
18426.0,25630.496589270588,1120.0,6,14,2660.0
18427.0,25630.496589270588,1120.0,6,14,2660.0
18428.0,25630.496589270588,1120.0,6,14,2660.0
18429.0,25630.496589270588,1120.0,6,14,2660.0
18430.0,25630.496589270588,1120.0,6,14,2660.0
18431.0,25630.496589270588,1120.0,6,14,2660.0
18432.0,25630.496589270588,1120.0,6,14,2660.0
18433.0,25630.496589270588,1120.0,6,14,2660.0
18434.0,25630.496589270588,1120.0,6,14,2660.0
18435.0,25630.496589270588,1120.0,6,14,2660.0
18436.0,25630.496589270588,1120.0,6,14,2660.0
18437.0,25630.496589270588,1120.0,6,14,2660.0
18438.0,25630.496589270588,1120.0,6,14,2660.0
18439.0,25630.496589270588,1120.0,6,14,2660.0
18440.0,25630.496589270588,1120.0,6,14,2660.0
18441.0,25630.496589270588,1120.0,6,14,2660.0
18442.0,25630.496589270588,1120.0,6,14,2660.0
18443.0,25630.496589270588,1120.0,6,14,2660.0
18444.0,25630.496589270588,1120.0,6,14,2660.0
18445.0,25630.496589270588,1120.0,6,14,2660.0
18446.0,25630.496589270588,1120.0,6,14,2660.0
18447.0,25630.496589270588,1120.0,6,14,2660.0
18448.0,25630.496589270588,1120.0,6,14,2660.0
18449.0,25630.496589270588,1120.0,6,14,2660.0
18450.0,25630.496589270588,1120.0,6,14,2660.0
18451.0,25630.496589270588,1120.0,6,14,2660.0
18452.0,25630.496589270588,1120.0,6,14,2660.0
18453.0,25630.496589270588,1120.0,6,14,2660.0
18454.0,25630.496589270588,1120.0,6,14,2660.0
18455.0,25630.496589270588,1120.0,6,14,2660.0
18456.0,25630.496589270588,1120.0,6,14,2660.0
18457.0,25630.496589270588,1120.0,6,14,2660.0
18458.0,25630.496589270588,1120.0,6,14,2660.0
18459.0,25630.496589270588,1120.0,6,14,2660.0
18460.0,25630.496589270588,1120.0,6,14,2660.0
18461.0,25630.496589270588,1120.0,6,14,2660.0
18462.0,25630.496589270588,1120.0,6,14,2660.0
18463.0,25630.496589270588,1120.0,6,14,2660.0
18464.0,25630.496589270588,1120.0,6,14,2660.0
18465.0,25630.496589270588,1120.0,6,14,2660.0
18466.0,25630.496589270588,1120.0,6,14,2660.0
18467.0,25630.496589270588,1120.0,6,14,2660.0
18468.0,25630.496589270588,1120.0,6,14,2660.0
18469.0,25630.496589270588,1120.0,6,14,2660.0
18470.0,25630.496589270588,1120.0,6,14,2660.0
18471.0,25630.496589270588,1120.0,6,14,2660.0
18472.0,25630.496589270588,1120.0,6,14,2660.0
18473.0,25630.496589270588,1120.0,6,14,2660.0
18474.0,25630.496589270588,1120.0,6,14,2660.0
18475.0,25630.496589270588,1120.0,6,14,2660.0
18476.0,25630.496589270588,1120.0,6,14,2660.0
18477.0,25630.496589270588,1120.0,6,14,2660.0
18478.0,25630.496589270588,1120.0,6,14,2660.0
18479.0,25630.496589270588,1120.0,6,14,2660.0
18480.0,25630.496589270588,1120.0,6,14,2660.0
18481.0,25630.496589270588,1120.0,6,14,2660.0
18482.0,25630.496589270588,1120.0,6,14,2660.0
18483.0,25630.496589270588,1120.0,6,14,2660.0
18484.0,25630.496589270588,1120.0,6,14,2660.0
18485.0,25630.496589270588,1120.0,6,14,2660.0
18486.0,25630.496589270588,1120.0,6,14,2660.0
18487.0,25630.496589270588,1120.0,6,14,2660.0
18488.0,25630.496589270588,1120.0,6,14,2660.0
18489.0,25630.496589270588,1120.0,6,14,2660.0
18490.0,25630.496589270588,1120.0,6,14,2660.0
18491.0,25630.496589270588,1120.0,6,14,2660.0
18492.0,25630.496589270588,1120.0,6,14,2660.0
18493.0,25630.496589270588,1120.0,6,14,2660.0
18494.0,25630.496589270588,1120.0,6,14,2660.0
18495.0,25630.496589270588,1120.0,6,14,2660.0
18496.0,25630.496589270588,1120.0,6,14,2660.0
18497.0,25630.496589270588,1120.0,6,14,2660.0
18498.0,25630.496589270588,1120.0,6,14,2660.0
18499.0,25630.496589270588,1120.0,6,14,2660.0
18500.0,25630.496589270588,1120.0,6,14,2660.0
18501.0,25630.496589270588,1120.0,6,14,2660.0
18502.0,25630.496589270588,1120.0,6,14,2660.0
18503.0,25630.496589270588,1120.0,6,14,2660.0
18504.0,25630.496589270588,1120.0,6,14,2660.0
18505.0,25630.496589270588,1120.0,6,14,2660.0
18506.0,25630.496589270588,1120.0,6,14,2660.0
18507.0,25630.496589270588,1120.0,6,14,2660.0
18508.0,25630.496589270588,1120.0,6,14,2660.0
18509.0,25630.496589270588,1120.0,6,14,2660.0
18510.0,25630.496589270588,1120.0,6,14,2660.0
18511.0,25630.496589270588,1120.0,6,14,2660.0
18512.0,25630.496589270588,1120.0,6,14,2660.0
18513.0,25630.496589270588,1120.0,6,14,2660.0
18514.0,25630.496589270588,1120.0,6,14,2660.0
18515.0,25630.496589270588,1120.0,6,14,2660.0
18516.0,25630.496589270588,1120.0,6,14,2660.0
18517.0,25630.496589270588,1120.0,6,14,2660.0
18518.0,25630.496589270588,1120.0,6,14,2660.0
18519.0,25630.496589270588,1120.0,6,14,2660.0
18520.0,25630.496589270588,1120.0,6,14,2660.0
18521.0,25630.496589270588,1120.0,6,14,2660.0
18522.0,25630.496589270588,1120.0,6,14,2660.0
18523.0,25630.496589270588,1120.0,6,14,2660.0
18524.0,25630.496589270588,1120.0,6,14,2660.0
18525.0,25630.496589270588,1120.0,6,14,2660.0
18526.0,25630.496589270588,1120.0,6,14,2660.0
18527.0,25630.496589270588,1120.0,6,14,2660.0
18528.0,25630.496589270588,1120.0,6,14,2660.0
18529.0,25630.496589270588,1120.0,6,14,2660.0
18530.0,25630.496589270588,1120.0,6,14,2660.0
18531.0,25630.496589270588,1120.0,6,14,2660.0
18532.0,25630.496589270588,1120.0,6,14,2660.0
18533.0,25630.496589270588,1120.0,6,14,2660.0
18534.0,25630.496589270588,1120.0,6,14,2660.0
18535.0,25630.496589270588,1120.0,6,14,2660.0
18536.0,25630.496589270588,1120.0,6,14,2660.0
18537.0,25630.496589270588,1120.0,6,14,2660.0
18538.0,25630.496589270588,1120.0,6,14,2660.0
18539.0,25630.496589270588,1120.0,6,14,2660.0
18540.0,25630.496589270588,1120.0,6,14,2660.0
18541.0,25630.496589270588,1120.0,6,14,2660.0
18542.0,25630.496589270588,1120.0,6,14,2660.0
18543.0,25630.496589270588,1120.0,6,14,2660.0
18544.0,25630.496589270588,1120.0,6,14,2660.0
18545.0,25630.496589270588,1120.0,6,14,2660.0
18546.0,25630.496589270588,1120.0,6,14,2660.0
18547.0,25630.496589270588,1120.0,6,14,2660.0
18548.0,25630.496589270588,1120.0,6,14,2660.0
18549.0,25630.496589270588,1120.0,6,14,2660.0
18550.0,25630.496589270588,1120.0,6,14,2660.0
18551.0,25630.496589270588,1120.0,6,14,2660.0
18552.0,25630.496589270588,1120.0,6,14,2660.0
18553.0,25630.496589270588,1120.0,6,14,2660.0
18554.0,25630.496589270588,1120.0,6,14,2660.0
18555.0,25630.496589270588,1120.0,6,14,2660.0
18556.0,25630.496589270588,1120.0,6,14,2660.0
18557.0,25630.496589270588,1120.0,6,14,2660.0
18558.0,25630.496589270588,1120.0,6,14,2660.0
18559.0,25630.496589270588,1120.0,6,14,2660.0
18560.0,25630.496589270588,1120.0,6,14,2660.0
18561.0,25630.496589270588,1120.0,6,14,2660.0
18562.0,25630.496589270588,1120.0,6,14,2660.0
18563.0,25630.496589270588,1120.0,6,14,2660.0
18564.0,25630.496589270588,1120.0,6,14,2660.0
18565.0,25630.496589270588,1120.0,6,14,2660.0
18566.0,25630.496589270588,1120.0,6,14,2660.0
18567.0,25630.496589270588,1120.0,6,14,2660.0
18568.0,25630.496589270588,1120.0,6,14,2660.0
18569.0,25630.496589270588,1120.0,6,14,2660.0
18570.0,25630.496589270588,1120.0,6,14,2660.0
18571.0,25630.496589270588,1120.0,6,14,2660.0
18572.0,25630.496589270588,1120.0,6,14,2660.0
18573.0,25630.496589270588,1120.0,6,14,2660.0
18574.0,25630.496589270588,1120.0,6,14,2660.0
18575.0,25630.496589270588,1120.0,6,14,2660.0
18576.0,25630.496589270588,1120.0,6,14,2660.0
18577.0,25630.496589270588,1120.0,6,14,2660.0
18578.0,25630.496589270588,1120.0,6,14,2660.0
18579.0,25630.496589270588,1120.0,6,14,2660.0
18580.0,25630.496589270588,1120.0,6,14,2660.0
18581.0,25630.496589270588,1120.0,6,14,2660.0
18582.0,25630.496589270588,1120.0,6,14,2660.0
18583.0,25630.496589270588,1120.0,6,14,2660.0
18584.0,25630.496589270588,1120.0,6,14,2660.0
18585.0,25630.496589270588,1120.0,6,14,2660.0
18586.0,25630.496589270588,1120.0,6,14,2660.0
18587.0,25630.496589270588,1120.0,6,14,2660.0
18588.0,25630.496589270588,1120.0,6,14,2660.0
18589.0,25630.496589270588,1120.0,6,14,2660.0
18590.0,25630.496589270588,1120.0,6,14,2660.0
18591.0,25630.496589270588,1120.0,6,14,2660.0
18592.0,25630.496589270588,1120.0,6,14,2660.0
18593.0,25630.496589270588,1120.0,6,14,2660.0
18594.0,25630.496589270588,1120.0,6,14,2660.0
18595.0,25630.496589270588,1120.0,6,14,2660.0
18596.0,25630.496589270588,1120.0,6,14,2660.0
18597.0,25630.496589270588,1120.0,6,14,2660.0
18598.0,25630.496589270588,1120.0,6,14,2660.0
18599.0,25630.496589270588,1120.0,6,14,2660.0
18600.0,25630.496589270588,1120.0,6,14,2660.0
18601.0,25630.496589270588,1120.0,6,14,2660.0
18602.0,25630.496589270588,1120.0,6,14,2660.0
18603.0,25630.496589270588,1120.0,6,14,2660.0
18604.0,25630.496589270588,1120.0,6,14,2660.0
18605.0,25630.496589270588,1120.0,6,14,2660.0
18606.0,25630.496589270588,1120.0,6,14,2660.0
18607.0,25630.496589270588,1120.0,6,14,2660.0
18608.0,25630.496589270588,1120.0,6,14,2660.0
18609.0,25630.496589270588,1120.0,6,14,2660.0
18610.0,25630.496589270588,1120.0,6,14,2660.0
18611.0,25630.496589270588,1120.0,6,14,2660.0
18612.0,25630.496589270588,1120.0,6,14,2660.0
18613.0,25630.496589270588,1120.0,6,14,2660.0
18614.0,25630.496589270588,1120.0,6,14,2660.0
18615.0,25630.496589270588,1120.0,6,14,2660.0
18616.0,25630.496589270588,1120.0,6,14,2660.0
18617.0,25630.496589270588,1120.0,6,14,2660.0
18618.0,25630.496589270588,1120.0,6,14,2660.0
18619.0,25630.496589270588,1120.0,6,14,2660.0
18620.0,25630.496589270588,1120.0,6,14,2660.0
18621.0,25630.496589270588,1120.0,6,14,2660.0
18622.0,25630.496589270588,1120.0,6,14,2660.0
18623.0,25630.496589270588,1120.0,6,14,2660.0
18624.0,25630.496589270588,1120.0,6,14,2660.0
18625.0,25630.496589270588,1120.0,6,14,2660.0
18626.0,25630.496589270588,1120.0,6,14,2660.0
18627.0,25630.496589270588,1120.0,6,14,2660.0
18628.0,25630.496589270588,1120.0,6,14,2660.0
18629.0,25630.496589270588,1120.0,6,14,2660.0
18630.0,25630.496589270588,1120.0,6,14,2660.0
18631.0,25630.496589270588,1120.0,6,14,2660.0
18632.0,25630.496589270588,1120.0,6,14,2660.0
18633.0,25630.496589270588,1120.0,6,14,2660.0
18634.0,25630.496589270588,1120.0,6,14,2660.0
18635.0,25630.496589270588,1120.0,6,14,2660.0
18636.0,25630.496589270588,1120.0,6,14,2660.0
18637.0,25630.496589270588,1120.0,6,14,2660.0
18638.0,25630.496589270588,1120.0,6,14,2660.0
18639.0,25630.496589270588,1120.0,6,14,2660.0
18640.0,25630.496589270588,1120.0,6,14,2660.0
18641.0,25630.496589270588,1120.0,6,14,2660.0
18642.0,25630.496589270588,1120.0,6,14,2660.0
18643.0,25630.496589270588,1120.0,6,14,2660.0
18644.0,25630.496589270588,1120.0,6,14,2660.0
18645.0,25630.496589270588,1120.0,6,14,2660.0
18646.0,25630.496589270588,1120.0,6,14,2660.0
18647.0,25630.496589270588,1120.0,6,14,2660.0
18648.0,25630.496589270588,1120.0,6,14,2660.0
18649.0,25630.496589270588,1120.0,6,14,2660.0
18650.0,25630.496589270588,1120.0,6,14,2660.0
18651.0,25630.496589270588,1120.0,6,14,2660.0
18652.0,25630.496589270588,1120.0,6,14,2660.0
18653.0,25630.496589270588,1120.0,6,14,2660.0
18654.0,25630.496589270588,1120.0,6,14,2660.0
18655.0,25630.496589270588,1120.0,6,14,2660.0
18656.0,25630.496589270588,1120.0,6,14,2660.0
18657.0,25630.496589270588,1120.0,6,14,2660.0
18658.0,25630.496589270588,1120.0,6,14,2660.0
18659.0,25630.496589270588,1120.0,6,14,2660.0
18660.0,25630.496589270588,1120.0,6,14,2660.0
18661.0,25630.496589270588,1120.0,6,14,2660.0
18662.0,25630.496589270588,1120.0,6,14,2660.0
18663.0,25630.496589270588,1120.0,6,14,2660.0
18664.0,25630.496589270588,1120.0,6,14,2660.0
18665.0,25630.496589270588,1120.0,6,14,2660.0
18666.0,25630.496589270588,1120.0,6,14,2660.0
18667.0,25630.496589270588,1120.0,6,14,2660.0
18668.0,25630.496589270588,1120.0,6,14,2660.0
18669.0,25630.496589270588,1120.0,6,14,2660.0
18670.0,25630.496589270588,1120.0,6,14,2660.0
18671.0,25630.496589270588,1120.0,6,14,2660.0
18672.0,25630.496589270588,1120.0,6,14,2660.0
18673.0,25630.496589270588,1120.0,6,14,2660.0
18674.0,25630.496589270588,1120.0,6,14,2660.0
18675.0,25630.496589270588,1120.0,6,14,2660.0
18676.0,25630.496589270588,1120.0,6,14,2660.0
18677.0,25630.496589270588,1120.0,6,14,2660.0
18678.0,25630.496589270588,1120.0,6,14,2660.0
18679.0,25630.496589270588,1120.0,6,14,2660.0
18680.0,25630.496589270588,1120.0,6,14,2660.0
18681.0,25630.496589270588,1120.0,6,14,2660.0
18682.0,25630.496589270588,1120.0,6,14,2660.0
18683.0,25630.496589270588,1120.0,6,14,2660.0
18684.0,25630.496589270588,1120.0,6,14,2660.0
18685.0,25630.496589270588,1120.0,6,14,2660.0
18686.0,25630.496589270588,1120.0,6,14,2660.0
18687.0,25630.496589270588,1120.0,6,14,2660.0
18688.0,25630.496589270588,1120.0,6,14,2660.0
18689.0,25630.496589270588,1120.0,6,14,2660.0
18690.0,25630.496589270588,1120.0,6,14,2660.0
18691.0,25630.496589270588,1120.0,6,14,2660.0
18692.0,25630.496589270588,1120.0,6,14,2660.0
18693.0,25630.496589270588,1120.0,6,14,2660.0
18694.0,25630.496589270588,1120.0,6,14,2660.0
18695.0,25630.496589270588,1120.0,6,14,2660.0
18696.0,25630.496589270588,1120.0,6,14,2660.0
18697.0,25630.496589270588,1120.0,6,14,2660.0
18698.0,25630.496589270588,1120.0,6,14,2660.0
18699.0,25630.496589270588,1120.0,6,14,2660.0
18700.0,25630.496589270588,1120.0,6,14,2660.0
18701.0,25630.496589270588,1120.0,6,14,2660.0
18702.0,25630.496589270588,1120.0,6,14,2660.0
18703.0,25630.496589270588,1120.0,6,14,2660.0
18704.0,25630.496589270588,1120.0,6,14,2660.0
18705.0,25630.496589270588,1120.0,6,14,2660.0
18706.0,25630.496589270588,1120.0,6,14,2660.0
18707.0,25630.496589270588,1120.0,6,14,2660.0
18708.0,25630.496589270588,1120.0,6,14,2660.0
18709.0,25630.496589270588,1120.0,6,14,2660.0
18710.0,25630.496589270588,1120.0,6,14,2660.0
18711.0,25630.496589270588,1120.0,6,14,2660.0
18712.0,25630.496589270588,1120.0,6,14,2660.0
18713.0,25630.496589270588,1120.0,6,14,2660.0
18714.0,25630.496589270588,1120.0,6,14,2660.0
18715.0,25630.496589270588,1120.0,6,14,2660.0
18716.0,25630.496589270588,1120.0,6,14,2660.0
18717.0,25630.496589270588,1120.0,6,14,2660.0
18718.0,25630.496589270588,1120.0,6,14,2660.0
18719.0,25630.496589270588,1120.0,6,14,2660.0
18720.0,25630.496589270588,1120.0,6,14,2660.0
18721.0,25630.496589270588,1120.0,6,14,2660.0
18722.0,25630.496589270588,1120.0,6,14,2660.0
18723.0,25630.496589270588,1120.0,6,14,2660.0
18724.0,25630.496589270588,1120.0,6,14,2660.0
18725.0,25630.496589270588,1120.0,6,14,2660.0
18726.0,25630.496589270588,1120.0,6,14,2660.0
18727.0,25630.496589270588,1120.0,6,14,2660.0
18728.0,25630.496589270588,1120.0,6,14,2660.0
18729.0,25630.496589270588,1120.0,6,14,2660.0
18730.0,25630.496589270588,1120.0,6,14,2660.0
18731.0,25630.496589270588,1120.0,6,14,2660.0
18732.0,25630.496589270588,1120.0,6,14,2660.0
18733.0,25630.496589270588,1120.0,6,14,2660.0
18734.0,25630.496589270588,1120.0,6,14,2660.0
18735.0,25630.496589270588,1120.0,6,14,2660.0
18736.0,25630.496589270588,1120.0,6,14,2660.0
18737.0,25630.496589270588,1120.0,6,14,2660.0
18738.0,25630.496589270588,1120.0,6,14,2660.0
18739.0,25630.496589270588,1120.0,6,14,2660.0
18740.0,25630.496589270588,1120.0,6,14,2660.0
18741.0,25630.496589270588,1120.0,6,14,2660.0
18742.0,25630.496589270588,1120.0,6,14,2660.0
18743.0,25630.496589270588,1120.0,6,14,2660.0
18744.0,25630.496589270588,1120.0,6,14,2660.0
18745.0,25630.496589270588,1120.0,6,14,2660.0
18746.0,25630.496589270588,1120.0,6,14,2660.0
18747.0,25630.496589270588,1120.0,6,14,2660.0
18748.0,25630.496589270588,1120.0,6,14,2660.0
18749.0,25630.496589270588,1120.0,6,14,2660.0
18750.0,25630.496589270588,1120.0,6,14,2660.0
18751.0,25630.496589270588,1120.0,6,14,2660.0
18752.0,25630.496589270588,1120.0,6,14,2660.0
18753.0,25630.496589270588,1120.0,6,14,2660.0
18754.0,25630.496589270588,1120.0,6,14,2660.0
18755.0,25630.496589270588,1120.0,6,14,2660.0
18756.0,25630.496589270588,1120.0,6,14,2660.0
18757.0,25630.496589270588,1120.0,6,14,2660.0
18758.0,25630.496589270588,1120.0,6,14,2660.0
18759.0,25630.496589270588,1120.0,6,14,2660.0
18760.0,25630.496589270588,1120.0,6,14,2660.0
18761.0,25630.496589270588,1120.0,6,14,2660.0
18762.0,25630.496589270588,1120.0,6,14,2660.0
18763.0,25630.496589270588,1120.0,6,14,2660.0
18764.0,25630.496589270588,1120.0,6,14,2660.0
18765.0,25630.496589270588,1120.0,6,14,2660.0
18766.0,25630.496589270588,1120.0,6,14,2660.0
18767.0,25630.496589270588,1120.0,6,14,2660.0
18768.0,25630.496589270588,1120.0,6,14,2660.0
18769.0,25630.496589270588,1120.0,6,14,2660.0
18770.0,25630.496589270588,1120.0,6,14,2660.0
18771.0,25630.496589270588,1120.0,6,14,2660.0
18772.0,25630.496589270588,1120.0,6,14,2660.0
18773.0,25630.496589270588,1120.0,6,14,2660.0
18774.0,25630.496589270588,1120.0,6,14,2660.0
18775.0,25630.496589270588,1120.0,6,14,2660.0
18776.0,25630.496589270588,1120.0,6,14,2660.0
18777.0,25630.496589270588,1120.0,6,14,2660.0
18778.0,25630.496589270588,1120.0,6,14,2660.0
18779.0,25630.496589270588,1120.0,6,14,2660.0
18780.0,25630.496589270588,1120.0,6,14,2660.0
18781.0,25630.496589270588,1120.0,6,14,2660.0
18782.0,25630.496589270588,1120.0,6,14,2660.0
18783.0,25630.496589270588,1120.0,6,14,2660.0
18784.0,25630.496589270588,1120.0,6,14,2660.0
18785.0,25630.496589270588,1120.0,6,14,2660.0
18786.0,25630.496589270588,1120.0,6,14,2660.0
18787.0,25630.496589270588,1120.0,6,14,2660.0
18788.0,25630.496589270588,1120.0,6,14,2660.0
18789.0,25630.496589270588,1120.0,6,14,2660.0
18790.0,25630.496589270588,1120.0,6,14,2660.0
18791.0,25630.496589270588,1120.0,6,14,2660.0
18792.0,25630.496589270588,1120.0,6,14,2660.0
18793.0,25630.496589270588,1120.0,6,14,2660.0
18794.0,25630.496589270588,1120.0,6,14,2660.0
18795.0,25630.496589270588,1120.0,6,14,2660.0
18796.0,25630.496589270588,1120.0,6,14,2660.0
18797.0,25630.496589270588,1120.0,6,14,2660.0
18798.0,25630.496589270588,1120.0,6,14,2660.0
18799.0,25630.496589270588,1120.0,6,14,2660.0
18800.0,25630.496589270588,1120.0,6,14,2660.0
18801.0,25630.496589270588,1120.0,6,14,2660.0
18802.0,25630.496589270588,1120.0,6,14,2660.0
18803.0,25630.496589270588,1120.0,6,14,2660.0
18804.0,25630.496589270588,1120.0,6,14,2660.0
18805.0,25630.496589270588,1120.0,6,14,2660.0
18806.0,25630.496589270588,1120.0,6,14,2660.0
18807.0,25630.496589270588,1120.0,6,14,2660.0
18808.0,25630.496589270588,1120.0,6,14,2660.0
18809.0,25630.496589270588,1120.0,6,14,2660.0
18810.0,25630.496589270588,1120.0,6,14,2660.0
18811.0,25630.496589270588,1120.0,6,14,2660.0
18812.0,25630.496589270588,1120.0,6,14,2660.0
18813.0,25630.496589270588,1120.0,6,14,2660.0
18814.0,25630.496589270588,1120.0,6,14,2660.0
18815.0,25630.496589270588,1120.0,6,14,2660.0
18816.0,25630.496589270588,1120.0,6,14,2660.0
18817.0,25630.496589270588,1120.0,6,14,2660.0
18818.0,25630.496589270588,1120.0,6,14,2660.0
18819.0,25630.496589270588,1120.0,6,14,2660.0
18820.0,25630.496589270588,1120.0,6,14,2660.0
18821.0,25630.496589270588,1120.0,6,14,2660.0
18822.0,25630.496589270588,1120.0,6,14,2660.0
18823.0,25630.496589270588,1120.0,6,14,2660.0
18824.0,25630.496589270588,1120.0,6,14,2660.0
18825.0,25630.496589270588,1120.0,6,14,2660.0
18826.0,25630.496589270588,1120.0,6,14,2660.0
18827.0,25630.496589270588,1120.0,6,14,2660.0
18828.0,25630.496589270588,1120.0,6,14,2660.0
18829.0,25630.496589270588,1120.0,6,14,2660.0
18830.0,25630.496589270588,1120.0,6,14,2660.0
18831.0,25630.496589270588,1120.0,6,14,2660.0
18832.0,25630.496589270588,1120.0,6,14,2660.0
18833.0,25630.496589270588,1120.0,6,14,2660.0
18834.0,25630.496589270588,1120.0,6,14,2660.0
18835.0,25630.496589270588,1120.0,6,14,2660.0
18836.0,25630.496589270588,1120.0,6,14,2660.0
18837.0,25630.496589270588,1120.0,6,14,2660.0
18838.0,25630.496589270588,1120.0,6,14,2660.0
18839.0,25630.496589270588,1120.0,6,14,2660.0
18840.0,25630.496589270588,1120.0,6,14,2660.0
18841.0,25630.496589270588,1120.0,6,14,2660.0
18842.0,25630.496589270588,1120.0,6,14,2660.0
18843.0,25630.496589270588,1120.0,6,14,2660.0
18844.0,25630.496589270588,1120.0,6,14,2660.0
18845.0,25630.496589270588,1120.0,6,14,2660.0
18846.0,25630.496589270588,1120.0,6,14,2660.0
18847.0,25630.496589270588,1120.0,6,14,2660.0
18848.0,25630.496589270588,1120.0,6,14,2660.0
18849.0,25630.496589270588,1120.0,6,14,2660.0
18850.0,25630.496589270588,1120.0,6,14,2660.0
18851.0,25630.496589270588,1120.0,6,14,2660.0
18852.0,25630.496589270588,1120.0,6,14,2660.0
18853.0,25630.496589270588,1120.0,6,14,2660.0
18854.0,25630.496589270588,1120.0,6,14,2660.0
18855.0,25630.496589270588,1120.0,6,14,2660.0
18856.0,25630.496589270588,1120.0,6,14,2660.0
18857.0,25630.496589270588,1120.0,6,14,2660.0
18858.0,25630.496589270588,1120.0,6,14,2660.0
18859.0,25630.496589270588,1120.0,6,14,2660.0
18860.0,25630.496589270588,1120.0,6,14,2660.0
18861.0,25630.496589270588,1120.0,6,14,2660.0
18862.0,25630.496589270588,1120.0,6,14,2660.0
18863.0,25630.496589270588,1120.0,6,14,2660.0
18864.0,25630.496589270588,1120.0,6,14,2660.0
18865.0,25630.496589270588,1120.0,6,14,2660.0
18866.0,25630.496589270588,1120.0,6,14,2660.0
18867.0,25630.496589270588,1120.0,6,14,2660.0
18868.0,25630.496589270588,1120.0,6,14,2660.0
18869.0,25630.496589270588,1120.0,6,14,2660.0
18870.0,25630.496589270588,1120.0,6,14,2660.0
18871.0,25630.496589270588,1120.0,6,14,2660.0
18872.0,25630.496589270588,1120.0,6,14,2660.0
18873.0,25630.496589270588,1120.0,6,14,2660.0
18874.0,25630.496589270588,1120.0,6,14,2660.0
18875.0,25630.496589270588,1120.0,6,14,2660.0
18876.0,25630.496589270588,1120.0,6,14,2660.0
18877.0,25630.496589270588,1120.0,6,14,2660.0
18878.0,25630.496589270588,1120.0,6,14,2660.0
18879.0,25630.496589270588,1120.0,6,14,2660.0
18880.0,25630.496589270588,1120.0,6,14,2660.0
18881.0,25630.496589270588,1120.0,6,14,2660.0
18882.0,25630.496589270588,1120.0,6,14,2660.0
18883.0,25630.496589270588,1120.0,6,14,2660.0
18884.0,25630.496589270588,1120.0,6,14,2660.0
18885.0,25630.496589270588,1120.0,6,14,2660.0
18886.0,25630.496589270588,1120.0,6,14,2660.0
18887.0,25630.496589270588,1120.0,6,14,2660.0
18888.0,25630.496589270588,1120.0,6,14,2660.0
18889.0,25630.496589270588,1120.0,6,14,2660.0
18890.0,25630.496589270588,1120.0,6,14,2660.0
18891.0,25630.496589270588,1120.0,6,14,2660.0
18892.0,25630.496589270588,1120.0,6,14,2660.0
18893.0,25630.496589270588,1120.0,6,14,2660.0
18894.0,25630.496589270588,1120.0,6,14,2660.0
18895.0,25630.496589270588,1120.0,6,14,2660.0
18896.0,25630.496589270588,1120.0,6,14,2660.0
18897.0,25630.496589270588,1120.0,6,14,2660.0
18898.0,25630.496589270588,1120.0,6,14,2660.0
18899.0,25630.496589270588,1120.0,6,14,2660.0
18900.0,25630.496589270588,1120.0,6,14,2660.0
18901.0,25630.496589270588,1120.0,6,14,2660.0
18902.0,25630.496589270588,1120.0,6,14,2660.0
18903.0,25630.496589270588,1120.0,6,14,2660.0
18904.0,25630.496589270588,1120.0,6,14,2660.0
18905.0,25630.496589270588,1120.0,6,14,2660.0
18906.0,25630.496589270588,1120.0,6,14,2660.0
18907.0,25630.496589270588,1120.0,6,14,2660.0
18908.0,25630.496589270588,1120.0,6,14,2660.0
18909.0,25630.496589270588,1120.0,6,14,2660.0
18910.0,25630.496589270588,1120.0,6,14,2660.0
18911.0,25630.496589270588,1120.0,6,14,2660.0
18912.0,25630.496589270588,1120.0,6,14,2660.0
18913.0,25630.496589270588,1120.0,6,14,2660.0
18914.0,25630.496589270588,1120.0,6,14,2660.0
18915.0,25630.496589270588,1120.0,6,14,2660.0
18916.0,25630.496589270588,1120.0,6,14,2660.0
18917.0,25630.496589270588,1120.0,6,14,2660.0
18918.0,25630.496589270588,1120.0,6,14,2660.0
18919.0,25630.496589270588,1120.0,6,14,2660.0
18920.0,25630.496589270588,1120.0,6,14,2660.0
18921.0,25630.496589270588,1120.0,6,14,2660.0
18922.0,25630.496589270588,1120.0,6,14,2660.0
18923.0,25630.496589270588,1120.0,6,14,2660.0
18924.0,25630.496589270588,1120.0,6,14,2660.0
18925.0,25630.496589270588,1120.0,6,14,2660.0
18926.0,25630.496589270588,1120.0,6,14,2660.0
18927.0,25630.496589270588,1120.0,6,14,2660.0
18928.0,25630.496589270588,1120.0,6,14,2660.0
18929.0,25630.496589270588,1120.0,6,14,2660.0
18930.0,25630.496589270588,1120.0,6,14,2660.0
18931.0,25630.496589270588,1120.0,6,14,2660.0
18932.0,25630.496589270588,1120.0,6,14,2660.0
18933.0,25630.496589270588,1120.0,6,14,2660.0
18934.0,25630.496589270588,1120.0,6,14,2660.0
18935.0,25630.496589270588,1120.0,6,14,2660.0
18936.0,25630.496589270588,1120.0,6,14,2660.0
18937.0,25630.496589270588,1120.0,6,14,2660.0
18938.0,25630.496589270588,1120.0,6,14,2660.0
18939.0,25630.496589270588,1120.0,6,14,2660.0
18940.0,25630.496589270588,1120.0,6,14,2660.0
18941.0,25630.496589270588,1120.0,6,14,2660.0
18942.0,25630.496589270588,1120.0,6,14,2660.0
18943.0,25630.496589270588,1120.0,6,14,2660.0
18944.0,25630.496589270588,1120.0,6,14,2660.0
18945.0,25630.496589270588,1120.0,6,14,2660.0
18946.0,25630.496589270588,1120.0,6,14,2660.0
18947.0,25630.496589270588,1120.0,6,14,2660.0
18948.0,25630.496589270588,1120.0,6,14,2660.0
18949.0,25630.496589270588,1120.0,6,14,2660.0
18950.0,25630.496589270588,1120.0,6,14,2660.0
18951.0,25630.496589270588,1120.0,6,14,2660.0
18952.0,25630.496589270588,1120.0,6,14,2660.0
18953.0,25630.496589270588,1120.0,6,14,2660.0
18954.0,25630.496589270588,1120.0,6,14,2660.0
18955.0,25630.496589270588,1120.0,6,14,2660.0
18956.0,25630.496589270588,1120.0,6,14,2660.0
18957.0,25630.496589270588,1120.0,6,14,2660.0
18958.0,25630.496589270588,1120.0,6,14,2660.0
18959.0,25630.496589270588,1120.0,6,14,2660.0
18960.0,25630.496589270588,1120.0,6,14,2660.0
18961.0,25630.496589270588,1120.0,6,14,2660.0
18962.0,25630.496589270588,1120.0,6,14,2660.0
18963.0,25630.496589270588,1120.0,6,14,2660.0
18964.0,25630.496589270588,1120.0,6,14,2660.0
18965.0,25630.496589270588,1120.0,6,14,2660.0
18966.0,25630.496589270588,1120.0,6,14,2660.0
18967.0,25630.496589270588,1120.0,6,14,2660.0
18968.0,25630.496589270588,1120.0,6,14,2660.0
18969.0,25630.496589270588,1120.0,6,14,2660.0
18970.0,25630.496589270588,1120.0,6,14,2660.0
18971.0,25630.496589270588,1120.0,6,14,2660.0
18972.0,25630.496589270588,1120.0,6,14,2660.0
18973.0,25630.496589270588,1120.0,6,14,2660.0
18974.0,25630.496589270588,1120.0,6,14,2660.0
18975.0,25630.496589270588,1120.0,6,14,2660.0
18976.0,25630.496589270588,1120.0,6,14,2660.0
18977.0,25630.496589270588,1120.0,6,14,2660.0
18978.0,25630.496589270588,1120.0,6,14,2660.0
18979.0,25630.496589270588,1120.0,6,14,2660.0
18980.0,25630.496589270588,1120.0,6,14,2660.0
18981.0,25630.496589270588,1120.0,6,14,2660.0
18982.0,25630.496589270588,1120.0,6,14,2660.0
18983.0,25630.496589270588,1120.0,6,14,2660.0
18984.0,25630.496589270588,1120.0,6,14,2660.0
18985.0,25630.496589270588,1120.0,6,14,2660.0
18986.0,25630.496589270588,1120.0,6,14,2660.0
18987.0,25630.496589270588,1120.0,6,14,2660.0
18988.0,25630.496589270588,1120.0,6,14,2660.0
18989.0,25630.496589270588,1120.0,6,14,2660.0
18990.0,25630.496589270588,1120.0,6,14,2660.0
18991.0,25630.496589270588,1120.0,6,14,2660.0
18992.0,25630.496589270588,1120.0,6,14,2660.0
18993.0,25630.496589270588,1120.0,6,14,2660.0
18994.0,25630.496589270588,1120.0,6,14,2660.0
18995.0,25630.496589270588,1120.0,6,14,2660.0
18996.0,25630.496589270588,1120.0,6,14,2660.0
18997.0,25630.496589270588,1120.0,6,14,2660.0
18998.0,25630.496589270588,1120.0,6,14,2660.0
18999.0,25630.496589270588,1120.0,6,14,2660.0
19000.0,25630.496589270588,1120.0,6,14,2660.0
19001.0,25630.496589270588,1120.0,6,14,2660.0
19002.0,25630.496589270588,1120.0,6,14,2660.0
19003.0,25630.496589270588,1120.0,6,14,2660.0
19004.0,25630.496589270588,1120.0,6,14,2660.0
19005.0,25630.496589270588,1120.0,6,14,2660.0
19006.0,25630.496589270588,1120.0,6,14,2660.0
19007.0,25630.496589270588,1120.0,6,14,2660.0
19008.0,25630.496589270588,1120.0,6,14,2660.0
19009.0,25630.496589270588,1120.0,6,14,2660.0
19010.0,25630.496589270588,1120.0,6,14,2660.0
19011.0,25630.496589270588,1120.0,6,14,2660.0
19012.0,25630.496589270588,1120.0,6,14,2660.0
19013.0,25630.496589270588,1120.0,6,14,2660.0
19014.0,25630.496589270588,1120.0,6,14,2660.0
19015.0,25630.496589270588,1120.0,6,14,2660.0
19016.0,25630.496589270588,1120.0,6,14,2660.0
19017.0,25630.496589270588,1120.0,6,14,2660.0
19018.0,25630.496589270588,1120.0,6,14,2660.0
19019.0,25630.496589270588,1120.0,6,14,2660.0
19020.0,25630.496589270588,1120.0,6,14,2660.0
19021.0,25630.496589270588,1120.0,6,14,2660.0
19022.0,25630.496589270588,1120.0,6,14,2660.0
19023.0,25630.496589270588,1120.0,6,14,2660.0
19024.0,25630.496589270588,1120.0,6,14,2660.0
19025.0,25630.496589270588,1120.0,6,14,2660.0
19026.0,25630.496589270588,1120.0,6,14,2660.0
19027.0,25630.496589270588,1120.0,6,14,2660.0
19028.0,25630.496589270588,1120.0,6,14,2660.0
19029.0,25630.496589270588,1120.0,6,14,2660.0
19030.0,25630.496589270588,1120.0,6,14,2660.0
19031.0,25630.496589270588,1120.0,6,14,2660.0
19032.0,25630.496589270588,1120.0,6,14,2660.0
19033.0,25630.496589270588,1120.0,6,14,2660.0
19034.0,25630.496589270588,1120.0,6,14,2660.0
19035.0,25630.496589270588,1120.0,6,14,2660.0
19036.0,25630.496589270588,1120.0,6,14,2660.0
19037.0,25630.496589270588,1120.0,6,14,2660.0
19038.0,25630.496589270588,1120.0,6,14,2660.0
19039.0,25630.496589270588,1120.0,6,14,2660.0
19040.0,25630.496589270588,1120.0,6,14,2660.0
19041.0,25630.496589270588,1120.0,6,14,2660.0
19042.0,25630.496589270588,1120.0,6,14,2660.0
19043.0,25630.496589270588,1120.0,6,14,2660.0
19044.0,25630.496589270588,1120.0,6,14,2660.0
19045.0,25630.496589270588,1120.0,6,14,2660.0
19046.0,25630.496589270588,1120.0,6,14,2660.0
19047.0,25630.496589270588,1120.0,6,14,2660.0
19048.0,25630.496589270588,1120.0,6,14,2660.0
19049.0,25630.496589270588,1120.0,6,14,2660.0
19050.0,25630.496589270588,1120.0,6,14,2660.0
19051.0,25630.496589270588,1120.0,6,14,2660.0
19052.0,25630.496589270588,1120.0,6,14,2660.0
19053.0,25630.496589270588,1120.0,6,14,2660.0
19054.0,25630.496589270588,1120.0,6,14,2660.0
19055.0,25630.496589270588,1120.0,6,14,2660.0
19056.0,25630.496589270588,1120.0,6,14,2660.0
19057.0,25630.496589270588,1120.0,6,14,2660.0
19058.0,25630.496589270588,1120.0,6,14,2660.0
19059.0,25630.496589270588,1120.0,6,14,2660.0
19060.0,25630.496589270588,1120.0,6,14,2660.0
19061.0,25630.496589270588,1120.0,6,14,2660.0
19062.0,25630.496589270588,1120.0,6,14,2660.0
19063.0,25630.496589270588,1120.0,6,14,2660.0
19064.0,25630.496589270588,1120.0,6,14,2660.0
19065.0,25630.496589270588,1120.0,6,14,2660.0
19066.0,25630.496589270588,1120.0,6,14,2660.0
19067.0,25630.496589270588,1120.0,6,14,2660.0
19068.0,25630.496589270588,1120.0,6,14,2660.0
19069.0,25630.496589270588,1120.0,6,14,2660.0
19070.0,25630.496589270588,1120.0,6,14,2660.0
19071.0,25630.496589270588,1120.0,6,14,2660.0
19072.0,25630.496589270588,1120.0,6,14,2660.0
19073.0,25630.496589270588,1120.0,6,14,2660.0
19074.0,25630.496589270588,1120.0,6,14,2660.0
19075.0,25630.496589270588,1120.0,6,14,2660.0
19076.0,25630.496589270588,1120.0,6,14,2660.0
19077.0,25630.496589270588,1120.0,6,14,2660.0
19078.0,25630.496589270588,1120.0,6,14,2660.0
19079.0,25630.496589270588,1120.0,6,14,2660.0
19080.0,25630.496589270588,1120.0,6,14,2660.0
19081.0,25630.496589270588,1120.0,6,14,2660.0
19082.0,25630.496589270588,1120.0,6,14,2660.0
19083.0,25630.496589270588,1120.0,6,14,2660.0
19084.0,25630.496589270588,1120.0,6,14,2660.0
19085.0,25630.496589270588,1120.0,6,14,2660.0
19086.0,25630.496589270588,1120.0,6,14,2660.0
19087.0,25630.496589270588,1120.0,6,14,2660.0
19088.0,25630.496589270588,1120.0,6,14,2660.0
19089.0,25630.496589270588,1120.0,6,14,2660.0
19090.0,25630.496589270588,1120.0,6,14,2660.0
19091.0,25630.496589270588,1120.0,6,14,2660.0
19092.0,25630.496589270588,1120.0,6,14,2660.0
19093.0,25630.496589270588,1120.0,6,14,2660.0
19094.0,25630.496589270588,1120.0,6,14,2660.0
19095.0,25630.496589270588,1120.0,6,14,2660.0
19096.0,25630.496589270588,1120.0,6,14,2660.0
19097.0,25630.496589270588,1120.0,6,14,2660.0
19098.0,25630.496589270588,1120.0,6,14,2660.0
19099.0,25630.496589270588,1120.0,6,14,2660.0
19100.0,25630.496589270588,1120.0,6,14,2660.0
19101.0,25630.496589270588,1120.0,6,14,2660.0
19102.0,25630.496589270588,1120.0,6,14,2660.0
19103.0,25630.496589270588,1120.0,6,14,2660.0
19104.0,25630.496589270588,1120.0,6,14,2660.0
19105.0,25630.496589270588,1120.0,6,14,2660.0
19106.0,25630.496589270588,1120.0,6,14,2660.0
19107.0,25630.496589270588,1120.0,6,14,2660.0
19108.0,25630.496589270588,1120.0,6,14,2660.0
19109.0,25630.496589270588,1120.0,6,14,2660.0
19110.0,25630.496589270588,1120.0,6,14,2660.0
19111.0,25630.496589270588,1120.0,6,14,2660.0
19112.0,25630.496589270588,1120.0,6,14,2660.0
19113.0,25630.496589270588,1120.0,6,14,2660.0
19114.0,25630.496589270588,1120.0,6,14,2660.0
19115.0,25630.496589270588,1120.0,6,14,2660.0
19116.0,25630.496589270588,1120.0,6,14,2660.0
19117.0,25630.496589270588,1120.0,6,14,2660.0
19118.0,25630.496589270588,1120.0,6,14,2660.0
19119.0,25630.496589270588,1120.0,6,14,2660.0
19120.0,25630.496589270588,1120.0,6,14,2660.0
19121.0,25630.496589270588,1120.0,6,14,2660.0
19122.0,25630.496589270588,1120.0,6,14,2660.0
19123.0,25630.496589270588,1120.0,6,14,2660.0
19124.0,25630.496589270588,1120.0,6,14,2660.0
19125.0,25630.496589270588,1120.0,6,14,2660.0
19126.0,25630.496589270588,1120.0,6,14,2660.0
19127.0,25630.496589270588,1120.0,6,14,2660.0
19128.0,25630.496589270588,1120.0,6,14,2660.0
19129.0,25630.496589270588,1120.0,6,14,2660.0
19130.0,25630.496589270588,1120.0,6,14,2660.0
19131.0,25630.496589270588,1120.0,6,14,2660.0
19132.0,25630.496589270588,1120.0,6,14,2660.0
19133.0,25630.496589270588,1120.0,6,14,2660.0
19134.0,25630.496589270588,1120.0,6,14,2660.0
19135.0,25630.496589270588,1120.0,6,14,2660.0
19136.0,25630.496589270588,1120.0,6,14,2660.0
19137.0,25630.496589270588,1120.0,6,14,2660.0
19138.0,25630.496589270588,1120.0,6,14,2660.0
19139.0,25630.496589270588,1120.0,6,14,2660.0
19140.0,25630.496589270588,1120.0,6,14,2660.0
19141.0,25630.496589270588,1120.0,6,14,2660.0
19142.0,25630.496589270588,1120.0,6,14,2660.0
19143.0,25630.496589270588,1120.0,6,14,2660.0
19144.0,25630.496589270588,1120.0,6,14,2660.0
19145.0,25630.496589270588,1120.0,6,14,2660.0
19146.0,25630.496589270588,1120.0,6,14,2660.0
19147.0,25630.496589270588,1120.0,6,14,2660.0
19148.0,25630.496589270588,1120.0,6,14,2660.0
19149.0,25630.496589270588,1120.0,6,14,2660.0
19150.0,25630.496589270588,1120.0,6,14,2660.0
19151.0,25630.496589270588,1120.0,6,14,2660.0
19152.0,25630.496589270588,1120.0,6,14,2660.0
19153.0,25630.496589270588,1120.0,6,14,2660.0
19154.0,25630.496589270588,1120.0,6,14,2660.0
19155.0,25630.496589270588,1120.0,6,14,2660.0
19156.0,25630.496589270588,1120.0,6,14,2660.0
19157.0,25630.496589270588,1120.0,6,14,2660.0
19158.0,25630.496589270588,1120.0,6,14,2660.0
19159.0,25630.496589270588,1120.0,6,14,2660.0
19160.0,25630.496589270588,1120.0,6,14,2660.0
19161.0,25630.496589270588,1120.0,6,14,2660.0
19162.0,25630.496589270588,1120.0,6,14,2660.0
19163.0,25630.496589270588,1120.0,6,14,2660.0
19164.0,25630.496589270588,1120.0,6,14,2660.0
19165.0,25630.496589270588,1120.0,6,14,2660.0
19166.0,25630.496589270588,1120.0,6,14,2660.0
19167.0,25630.496589270588,1120.0,6,14,2660.0
19168.0,25630.496589270588,1120.0,6,14,2660.0
19169.0,25630.496589270588,1120.0,6,14,2660.0
19170.0,25630.496589270588,1120.0,6,14,2660.0
19171.0,25630.496589270588,1120.0,6,14,2660.0
19172.0,25630.496589270588,1120.0,6,14,2660.0
19173.0,25630.496589270588,1120.0,6,14,2660.0
19174.0,25630.496589270588,1120.0,6,14,2660.0
19175.0,25630.496589270588,1120.0,6,14,2660.0
19176.0,25630.496589270588,1120.0,6,14,2660.0
19177.0,25630.496589270588,1120.0,6,14,2660.0
19178.0,25630.496589270588,1120.0,6,14,2660.0
19179.0,25630.496589270588,1120.0,6,14,2660.0
19180.0,25630.496589270588,1120.0,6,14,2660.0
19181.0,25630.496589270588,1120.0,6,14,2660.0
19182.0,25630.496589270588,1120.0,6,14,2660.0
19183.0,25630.496589270588,1120.0,6,14,2660.0
19184.0,25630.496589270588,1120.0,6,14,2660.0
19185.0,25630.496589270588,1120.0,6,14,2660.0
19186.0,25630.496589270588,1120.0,6,14,2660.0
19187.0,25630.496589270588,1120.0,6,14,2660.0
19188.0,25630.496589270588,1120.0,6,14,2660.0
19189.0,25630.496589270588,1120.0,6,14,2660.0
19190.0,25630.496589270588,1120.0,6,14,2660.0
19191.0,25630.496589270588,1120.0,6,14,2660.0
19192.0,25630.496589270588,1120.0,6,14,2660.0
19193.0,25630.496589270588,1120.0,6,14,2660.0
19194.0,25630.496589270588,1120.0,6,14,2660.0
19195.0,25630.496589270588,1120.0,6,14,2660.0
19196.0,25630.496589270588,1120.0,6,14,2660.0
19197.0,25630.496589270588,1120.0,6,14,2660.0
19198.0,25630.496589270588,1120.0,6,14,2660.0
19199.0,25630.496589270588,1120.0,6,14,2660.0
19200.0,25630.496589270588,1120.0,6,14,2660.0
19201.0,25630.496589270588,1120.0,6,14,2660.0
19202.0,25630.496589270588,1120.0,6,14,2660.0
19203.0,25630.496589270588,1120.0,6,14,2660.0
19204.0,25630.496589270588,1120.0,6,14,2660.0
19205.0,25630.496589270588,1120.0,6,14,2660.0
19206.0,25630.496589270588,1120.0,6,14,2660.0
19207.0,25630.496589270588,1120.0,6,14,2660.0
19208.0,25630.496589270588,1120.0,6,14,2660.0
19209.0,25630.496589270588,1120.0,6,14,2660.0
19210.0,25630.496589270588,1120.0,6,14,2660.0
19211.0,25630.496589270588,1120.0,6,14,2660.0
19212.0,25630.496589270588,1120.0,6,14,2660.0
19213.0,25630.496589270588,1120.0,6,14,2660.0
19214.0,25630.496589270588,1120.0,6,14,2660.0
19215.0,25630.496589270588,1120.0,6,14,2660.0
19216.0,25630.496589270588,1120.0,6,14,2660.0
19217.0,25630.496589270588,1120.0,6,14,2660.0
19218.0,25630.496589270588,1120.0,6,14,2660.0
19219.0,25630.496589270588,1120.0,6,14,2660.0
19220.0,25630.496589270588,1120.0,6,14,2660.0
19221.0,25630.496589270588,1120.0,6,14,2660.0
19222.0,25630.496589270588,1120.0,6,14,2660.0
19223.0,25630.496589270588,1120.0,6,14,2660.0
19224.0,25630.496589270588,1120.0,6,14,2660.0
19225.0,25630.496589270588,1120.0,6,14,2660.0
19226.0,25630.496589270588,1120.0,6,14,2660.0
19227.0,25630.496589270588,1120.0,6,14,2660.0
19228.0,25630.496589270588,1120.0,6,14,2660.0
19229.0,25630.496589270588,1120.0,6,14,2660.0
19230.0,25630.496589270588,1120.0,6,14,2660.0
19231.0,25630.496589270588,1120.0,6,14,2660.0
19232.0,25630.496589270588,1120.0,6,14,2660.0
19233.0,25630.496589270588,1120.0,6,14,2660.0
19234.0,25630.496589270588,1120.0,6,14,2660.0
19235.0,25630.496589270588,1120.0,6,14,2660.0
19236.0,25630.496589270588,1120.0,6,14,2660.0
19237.0,25630.496589270588,1120.0,6,14,2660.0
19238.0,25630.496589270588,1120.0,6,14,2660.0
19239.0,25630.496589270588,1120.0,6,14,2660.0
19240.0,25630.496589270588,1120.0,6,14,2660.0
19241.0,25630.496589270588,1120.0,6,14,2660.0
19242.0,25630.496589270588,1120.0,6,14,2660.0
19243.0,25630.496589270588,1120.0,6,14,2660.0
19244.0,25630.496589270588,1120.0,6,14,2660.0
19245.0,25630.496589270588,1120.0,6,14,2660.0
19246.0,25630.496589270588,1120.0,6,14,2660.0
19247.0,25630.496589270588,1120.0,6,14,2660.0
19248.0,25630.496589270588,1120.0,6,14,2660.0
19249.0,25630.496589270588,1120.0,6,14,2660.0
19250.0,25630.496589270588,1120.0,6,14,2660.0
19251.0,25630.496589270588,1120.0,6,14,2660.0
19252.0,25630.496589270588,1120.0,6,14,2660.0
19253.0,25630.496589270588,1120.0,6,14,2660.0
19254.0,25630.496589270588,1120.0,6,14,2660.0
19255.0,25630.496589270588,1120.0,6,14,2660.0
19256.0,25630.496589270588,1120.0,6,14,2660.0
19257.0,25630.496589270588,1120.0,6,14,2660.0
19258.0,25630.496589270588,1120.0,6,14,2660.0
19259.0,25630.496589270588,1120.0,6,14,2660.0
19260.0,25630.496589270588,1120.0,6,14,2660.0
19261.0,25630.496589270588,1120.0,6,14,2660.0
19262.0,25630.496589270588,1120.0,6,14,2660.0
19263.0,25630.496589270588,1120.0,6,14,2660.0
19264.0,25630.496589270588,1120.0,6,14,2660.0
19265.0,25630.496589270588,1120.0,6,14,2660.0
19266.0,25630.496589270588,1120.0,6,14,2660.0
19267.0,25630.496589270588,1120.0,6,14,2660.0
19268.0,25630.496589270588,1120.0,6,14,2660.0
19269.0,25630.496589270588,1120.0,6,14,2660.0
19270.0,25630.496589270588,1120.0,6,14,2660.0
19271.0,25630.496589270588,1120.0,6,14,2660.0
19272.0,25630.496589270588,1120.0,6,14,2660.0
19273.0,25630.496589270588,1120.0,6,14,2660.0
19274.0,25630.496589270588,1120.0,6,14,2660.0
19275.0,25630.496589270588,1120.0,6,14,2660.0
19276.0,25630.496589270588,1120.0,6,14,2660.0
19277.0,25630.496589270588,1120.0,6,14,2660.0
19278.0,25630.496589270588,1120.0,6,14,2660.0
19279.0,25630.496589270588,1120.0,6,14,2660.0
19280.0,25630.496589270588,1120.0,6,14,2660.0
19281.0,25630.496589270588,1120.0,6,14,2660.0
19282.0,25630.496589270588,1120.0,6,14,2660.0
19283.0,25630.496589270588,1120.0,6,14,2660.0
19284.0,25630.496589270588,1120.0,6,14,2660.0
19285.0,25630.496589270588,1120.0,6,14,2660.0
19286.0,25630.496589270588,1120.0,6,14,2660.0
19287.0,25630.496589270588,1120.0,6,14,2660.0
19288.0,25630.496589270588,1120.0,6,14,2660.0
19289.0,25630.496589270588,1120.0,6,14,2660.0
19290.0,25630.496589270588,1120.0,6,14,2660.0
19291.0,25630.496589270588,1120.0,6,14,2660.0
19292.0,25630.496589270588,1120.0,6,14,2660.0
19293.0,25630.496589270588,1120.0,6,14,2660.0
19294.0,25630.496589270588,1120.0,6,14,2660.0
19295.0,25630.496589270588,1120.0,6,14,2660.0
19296.0,25630.496589270588,1120.0,6,14,2660.0
19297.0,25630.496589270588,1120.0,6,14,2660.0
19298.0,25630.496589270588,1120.0,6,14,2660.0
19299.0,25630.496589270588,1120.0,6,14,2660.0
19300.0,25630.496589270588,1120.0,6,14,2660.0
19301.0,25630.496589270588,1120.0,6,14,2660.0
19302.0,25630.496589270588,1120.0,6,14,2660.0
19303.0,25630.496589270588,1120.0,6,14,2660.0
19304.0,25630.496589270588,1120.0,6,14,2660.0
19305.0,25630.496589270588,1120.0,6,14,2660.0
19306.0,25630.496589270588,1120.0,6,14,2660.0
19307.0,25630.496589270588,1120.0,6,14,2660.0
19308.0,25630.496589270588,1120.0,6,14,2660.0
19309.0,25630.496589270588,1120.0,6,14,2660.0
19310.0,25630.496589270588,1120.0,6,14,2660.0
19311.0,25630.496589270588,1120.0,6,14,2660.0
19312.0,25630.496589270588,1120.0,6,14,2660.0
19313.0,25630.496589270588,1120.0,6,14,2660.0
19314.0,25630.496589270588,1120.0,6,14,2660.0
19315.0,25630.496589270588,1120.0,6,14,2660.0
19316.0,25630.496589270588,1120.0,6,14,2660.0
19317.0,25630.496589270588,1120.0,6,14,2660.0
19318.0,25630.496589270588,1120.0,6,14,2660.0
19319.0,25630.496589270588,1120.0,6,14,2660.0
19320.0,25630.496589270588,1120.0,6,14,2660.0
19321.0,25630.496589270588,1120.0,6,14,2660.0
19322.0,25630.496589270588,1120.0,6,14,2660.0
19323.0,25630.496589270588,1120.0,6,14,2660.0
19324.0,25630.496589270588,1120.0,6,14,2660.0
19325.0,25630.496589270588,1120.0,6,14,2660.0
19326.0,25630.496589270588,1120.0,6,14,2660.0
19327.0,25630.496589270588,1120.0,6,14,2660.0
19328.0,25630.496589270588,1120.0,6,14,2660.0
19329.0,25630.496589270588,1120.0,6,14,2660.0
19330.0,25630.496589270588,1120.0,6,14,2660.0
19331.0,25630.496589270588,1120.0,6,14,2660.0
19332.0,25630.496589270588,1120.0,6,14,2660.0
19333.0,25630.496589270588,1120.0,6,14,2660.0
19334.0,25630.496589270588,1120.0,6,14,2660.0
19335.0,25630.496589270588,1120.0,6,14,2660.0
19336.0,25630.496589270588,1120.0,6,14,2660.0
19337.0,25630.496589270588,1120.0,6,14,2660.0
19338.0,25630.496589270588,1120.0,6,14,2660.0
19339.0,25630.496589270588,1120.0,6,14,2660.0
19340.0,25630.496589270588,1120.0,6,14,2660.0
19341.0,25630.496589270588,1120.0,6,14,2660.0
19342.0,25630.496589270588,1120.0,6,14,2660.0
19343.0,25630.496589270588,1120.0,6,14,2660.0
19344.0,25630.496589270588,1120.0,6,14,2660.0
19345.0,25630.496589270588,1120.0,6,14,2660.0
19346.0,25630.496589270588,1120.0,6,14,2660.0
19347.0,25630.496589270588,1120.0,6,14,2660.0
19348.0,25630.496589270588,1120.0,6,14,2660.0
19349.0,25630.496589270588,1120.0,6,14,2660.0
19350.0,25630.496589270588,1120.0,6,14,2660.0
19351.0,25630.496589270588,1120.0,6,14,2660.0
19352.0,25630.496589270588,1120.0,6,14,2660.0
19353.0,25630.496589270588,1120.0,6,14,2660.0
19354.0,25630.496589270588,1120.0,6,14,2660.0
19355.0,25630.496589270588,1120.0,6,14,2660.0
19356.0,25630.496589270588,1120.0,6,14,2660.0
19357.0,25630.496589270588,1120.0,6,14,2660.0
19358.0,25630.496589270588,1120.0,6,14,2660.0
19359.0,25630.496589270588,1120.0,6,14,2660.0
19360.0,25630.496589270588,1120.0,6,14,2660.0
19361.0,25630.496589270588,1120.0,6,14,2660.0
19362.0,25630.496589270588,1120.0,6,14,2660.0
19363.0,25630.496589270588,1120.0,6,14,2660.0
19364.0,25630.496589270588,1120.0,6,14,2660.0
19365.0,25630.496589270588,1120.0,6,14,2660.0
19366.0,25630.496589270588,1120.0,6,14,2660.0
19367.0,25630.496589270588,1120.0,6,14,2660.0
19368.0,25630.496589270588,1120.0,6,14,2660.0
19369.0,25630.496589270588,1120.0,6,14,2660.0
19370.0,25630.496589270588,1120.0,6,14,2660.0
19371.0,25630.496589270588,1120.0,6,14,2660.0
19372.0,25630.496589270588,1120.0,6,14,2660.0
19373.0,25630.496589270588,1120.0,6,14,2660.0
19374.0,25630.496589270588,1120.0,6,14,2660.0
19375.0,25630.496589270588,1120.0,6,14,2660.0
19376.0,25630.496589270588,1120.0,6,14,2660.0
19377.0,25630.496589270588,1120.0,6,14,2660.0
19378.0,25630.496589270588,1120.0,6,14,2660.0
19379.0,25630.496589270588,1120.0,6,14,2660.0
19380.0,25630.496589270588,1120.0,6,14,2660.0
19381.0,25630.496589270588,1120.0,6,14,2660.0
19382.0,25630.496589270588,1120.0,6,14,2660.0
19383.0,25630.496589270588,1120.0,6,14,2660.0
19384.0,25630.496589270588,1120.0,6,14,2660.0
19385.0,25630.496589270588,1120.0,6,14,2660.0
19386.0,25630.496589270588,1120.0,6,14,2660.0
19387.0,25630.496589270588,1120.0,6,14,2660.0
19388.0,25630.496589270588,1120.0,6,14,2660.0
19389.0,25630.496589270588,1120.0,6,14,2660.0
19390.0,25630.496589270588,1120.0,6,14,2660.0
19391.0,25630.496589270588,1120.0,6,14,2660.0
19392.0,25630.496589270588,1120.0,6,14,2660.0
19393.0,25630.496589270588,1120.0,6,14,2660.0
19394.0,25630.496589270588,1120.0,6,14,2660.0
19395.0,25630.496589270588,1120.0,6,14,2660.0
19396.0,25630.496589270588,1120.0,6,14,2660.0
19397.0,25630.496589270588,1120.0,6,14,2660.0
19398.0,25630.496589270588,1120.0,6,14,2660.0
19399.0,25630.496589270588,1120.0,6,14,2660.0
19400.0,25630.496589270588,1120.0,6,14,2660.0
19401.0,25630.496589270588,1120.0,6,14,2660.0
19402.0,25630.496589270588,1120.0,6,14,2660.0
19403.0,25630.496589270588,1120.0,6,14,2660.0
19404.0,25630.496589270588,1120.0,6,14,2660.0
19405.0,25630.496589270588,1120.0,6,14,2660.0
19406.0,25630.496589270588,1120.0,6,14,2660.0
19407.0,25630.496589270588,1120.0,6,14,2660.0
19408.0,25630.496589270588,1120.0,6,14,2660.0
19409.0,25630.496589270588,1120.0,6,14,2660.0
19410.0,25630.496589270588,1120.0,6,14,2660.0
19411.0,25630.496589270588,1120.0,6,14,2660.0
19412.0,25630.496589270588,1120.0,6,14,2660.0
19413.0,25630.496589270588,1120.0,6,14,2660.0
19414.0,25630.496589270588,1120.0,6,14,2660.0
19415.0,25630.496589270588,1120.0,6,14,2660.0
19416.0,25630.496589270588,1120.0,6,14,2660.0
19417.0,25630.496589270588,1120.0,6,14,2660.0
19418.0,25630.496589270588,1120.0,6,14,2660.0
19419.0,25630.496589270588,1120.0,6,14,2660.0
19420.0,25630.496589270588,1120.0,6,14,2660.0
19421.0,25630.496589270588,1120.0,6,14,2660.0
19422.0,25630.496589270588,1120.0,6,14,2660.0
19423.0,25630.496589270588,1120.0,6,14,2660.0
19424.0,25630.496589270588,1120.0,6,14,2660.0
19425.0,25630.496589270588,1120.0,6,14,2660.0
19426.0,25630.496589270588,1120.0,6,14,2660.0
19427.0,25630.496589270588,1120.0,6,14,2660.0
19428.0,25630.496589270588,1120.0,6,14,2660.0
19429.0,25630.496589270588,1120.0,6,14,2660.0
19430.0,25630.496589270588,1120.0,6,14,2660.0
19431.0,25630.496589270588,1120.0,6,14,2660.0
19432.0,25630.496589270588,1120.0,6,14,2660.0
19433.0,25630.496589270588,1120.0,6,14,2660.0
19434.0,25630.496589270588,1120.0,6,14,2660.0
19435.0,25630.496589270588,1120.0,6,14,2660.0
19436.0,25630.496589270588,1120.0,6,14,2660.0
19437.0,25630.496589270588,1120.0,6,14,2660.0
19438.0,25630.496589270588,1120.0,6,14,2660.0
19439.0,25630.496589270588,1120.0,6,14,2660.0
19440.0,25630.496589270588,1120.0,6,14,2660.0
19441.0,25630.496589270588,1120.0,6,14,2660.0
19442.0,25630.496589270588,1120.0,6,14,2660.0
19443.0,25630.496589270588,1120.0,6,14,2660.0
19444.0,25630.496589270588,1120.0,6,14,2660.0
19445.0,25630.496589270588,1120.0,6,14,2660.0
19446.0,25630.496589270588,1120.0,6,14,2660.0
19447.0,25630.496589270588,1120.0,6,14,2660.0
19448.0,25630.496589270588,1120.0,6,14,2660.0
19449.0,25630.496589270588,1120.0,6,14,2660.0
19450.0,25630.496589270588,1120.0,6,14,2660.0
19451.0,25630.496589270588,1120.0,6,14,2660.0
19452.0,25630.496589270588,1120.0,6,14,2660.0
19453.0,25630.496589270588,1120.0,6,14,2660.0
19454.0,25630.496589270588,1120.0,6,14,2660.0
19455.0,25630.496589270588,1120.0,6,14,2660.0
19456.0,25630.496589270588,1120.0,6,14,2660.0
19457.0,25630.496589270588,1120.0,6,14,2660.0
19458.0,25630.496589270588,1120.0,6,14,2660.0
19459.0,25630.496589270588,1120.0,6,14,2660.0
19460.0,25630.496589270588,1120.0,6,14,2660.0
19461.0,25630.496589270588,1120.0,6,14,2660.0
19462.0,25630.496589270588,1120.0,6,14,2660.0
19463.0,25630.496589270588,1120.0,6,14,2660.0
19464.0,25630.496589270588,1120.0,6,14,2660.0
19465.0,25630.496589270588,1120.0,6,14,2660.0
19466.0,25630.496589270588,1120.0,6,14,2660.0
19467.0,25630.496589270588,1120.0,6,14,2660.0
19468.0,25630.496589270588,1120.0,6,14,2660.0
19469.0,25630.496589270588,1120.0,6,14,2660.0
19470.0,25630.496589270588,1120.0,6,14,2660.0
19471.0,25630.496589270588,1120.0,6,14,2660.0
19472.0,25630.496589270588,1120.0,6,14,2660.0
19473.0,25630.496589270588,1120.0,6,14,2660.0
19474.0,25630.496589270588,1120.0,6,14,2660.0
19475.0,25630.496589270588,1120.0,6,14,2660.0
19476.0,25630.496589270588,1120.0,6,14,2660.0
19477.0,25630.496589270588,1120.0,6,14,2660.0
19478.0,25630.496589270588,1120.0,6,14,2660.0
19479.0,25630.496589270588,1120.0,6,14,2660.0
19480.0,25630.496589270588,1120.0,6,14,2660.0
19481.0,25630.496589270588,1120.0,6,14,2660.0
19482.0,25630.496589270588,1120.0,6,14,2660.0
19483.0,25630.496589270588,1120.0,6,14,2660.0
19484.0,25630.496589270588,1120.0,6,14,2660.0
19485.0,25630.496589270588,1120.0,6,14,2660.0
19486.0,25630.496589270588,1120.0,6,14,2660.0
19487.0,25630.496589270588,1120.0,6,14,2660.0
19488.0,25630.496589270588,1120.0,6,14,2660.0
19489.0,25630.496589270588,1120.0,6,14,2660.0
19490.0,25630.496589270588,1120.0,6,14,2660.0
19491.0,25630.496589270588,1120.0,6,14,2660.0
19492.0,25630.496589270588,1120.0,6,14,2660.0
19493.0,25630.496589270588,1120.0,6,14,2660.0
19494.0,25630.496589270588,1120.0,6,14,2660.0
19495.0,25630.496589270588,1120.0,6,14,2660.0
19496.0,25630.496589270588,1120.0,6,14,2660.0
19497.0,25630.496589270588,1120.0,6,14,2660.0
19498.0,25630.496589270588,1120.0,6,14,2660.0
19499.0,25630.496589270588,1120.0,6,14,2660.0
19500.0,25630.496589270588,1120.0,6,14,2660.0
19501.0,25630.496589270588,1120.0,6,14,2660.0
19502.0,25630.496589270588,1120.0,6,14,2660.0
19503.0,25630.496589270588,1120.0,6,14,2660.0
19504.0,25630.496589270588,1120.0,6,14,2660.0
19505.0,25630.496589270588,1120.0,6,14,2660.0
19506.0,25630.496589270588,1120.0,6,14,2660.0
19507.0,25630.496589270588,1120.0,6,14,2660.0
19508.0,25630.496589270588,1120.0,6,14,2660.0
19509.0,25630.496589270588,1120.0,6,14,2660.0
19510.0,25630.496589270588,1120.0,6,14,2660.0
19511.0,25630.496589270588,1120.0,6,14,2660.0
19512.0,25630.496589270588,1120.0,6,14,2660.0
19513.0,25630.496589270588,1120.0,6,14,2660.0
19514.0,25630.496589270588,1120.0,6,14,2660.0
19515.0,25630.496589270588,1120.0,6,14,2660.0
19516.0,25630.496589270588,1120.0,6,14,2660.0
19517.0,25630.496589270588,1120.0,6,14,2660.0
19518.0,25630.496589270588,1120.0,6,14,2660.0
19519.0,25630.496589270588,1120.0,6,14,2660.0
19520.0,25630.496589270588,1120.0,6,14,2660.0
19521.0,25630.496589270588,1120.0,6,14,2660.0
19522.0,25630.496589270588,1120.0,6,14,2660.0
19523.0,25630.496589270588,1120.0,6,14,2660.0
19524.0,25630.496589270588,1120.0,6,14,2660.0
19525.0,25630.496589270588,1120.0,6,14,2660.0
19526.0,25630.496589270588,1120.0,6,14,2660.0
19527.0,25630.496589270588,1120.0,6,14,2660.0
19528.0,25630.496589270588,1120.0,6,14,2660.0
19529.0,25630.496589270588,1120.0,6,14,2660.0
19530.0,25630.496589270588,1120.0,6,14,2660.0
19531.0,25630.496589270588,1120.0,6,14,2660.0
19532.0,25630.496589270588,1120.0,6,14,2660.0
19533.0,25630.496589270588,1120.0,6,14,2660.0
19534.0,25630.496589270588,1120.0,6,14,2660.0
19535.0,25630.496589270588,1120.0,6,14,2660.0
19536.0,25630.496589270588,1120.0,6,14,2660.0
19537.0,25630.496589270588,1120.0,6,14,2660.0
19538.0,25630.496589270588,1120.0,6,14,2660.0
19539.0,25630.496589270588,1120.0,6,14,2660.0
19540.0,25630.496589270588,1120.0,6,14,2660.0
19541.0,25630.496589270588,1120.0,6,14,2660.0
19542.0,25630.496589270588,1120.0,6,14,2660.0
19543.0,25630.496589270588,1120.0,6,14,2660.0
19544.0,25630.496589270588,1120.0,6,14,2660.0
19545.0,25630.496589270588,1120.0,6,14,2660.0
19546.0,25630.496589270588,1120.0,6,14,2660.0
19547.0,25630.496589270588,1120.0,6,14,2660.0
19548.0,25630.496589270588,1120.0,6,14,2660.0
19549.0,25630.496589270588,1120.0,6,14,2660.0
19550.0,25630.496589270588,1120.0,6,14,2660.0
19551.0,25630.496589270588,1120.0,6,14,2660.0
19552.0,25630.496589270588,1120.0,6,14,2660.0
19553.0,25630.496589270588,1120.0,6,14,2660.0
19554.0,25630.496589270588,1120.0,6,14,2660.0
19555.0,25630.496589270588,1120.0,6,14,2660.0
19556.0,25630.496589270588,1120.0,6,14,2660.0
19557.0,25630.496589270588,1120.0,6,14,2660.0
19558.0,25630.496589270588,1120.0,6,14,2660.0
19559.0,25630.496589270588,1120.0,6,14,2660.0
19560.0,25630.496589270588,1120.0,6,14,2660.0
19561.0,25630.496589270588,1120.0,6,14,2660.0
19562.0,25630.496589270588,1120.0,6,14,2660.0
19563.0,25630.496589270588,1120.0,6,14,2660.0
19564.0,25630.496589270588,1120.0,6,14,2660.0
19565.0,25630.496589270588,1120.0,6,14,2660.0
19566.0,25630.496589270588,1120.0,6,14,2660.0
19567.0,25630.496589270588,1120.0,6,14,2660.0
19568.0,25630.496589270588,1120.0,6,14,2660.0
19569.0,25630.496589270588,1120.0,6,14,2660.0
19570.0,25630.496589270588,1120.0,6,14,2660.0
19571.0,25630.496589270588,1120.0,6,14,2660.0
19572.0,25630.496589270588,1120.0,6,14,2660.0
19573.0,25630.496589270588,1120.0,6,14,2660.0
19574.0,25630.496589270588,1120.0,6,14,2660.0
19575.0,25630.496589270588,1120.0,6,14,2660.0
19576.0,25630.496589270588,1120.0,6,14,2660.0
19577.0,25630.496589270588,1120.0,6,14,2660.0
19578.0,25630.496589270588,1120.0,6,14,2660.0
19579.0,25630.496589270588,1120.0,6,14,2660.0
19580.0,25630.496589270588,1120.0,6,14,2660.0
19581.0,25630.496589270588,1120.0,6,14,2660.0
19582.0,25630.496589270588,1120.0,6,14,2660.0
19583.0,25630.496589270588,1120.0,6,14,2660.0
19584.0,25630.496589270588,1120.0,6,14,2660.0
19585.0,25630.496589270588,1120.0,6,14,2660.0
19586.0,25630.496589270588,1120.0,6,14,2660.0
19587.0,25630.496589270588,1120.0,6,14,2660.0
19588.0,25630.496589270588,1120.0,6,14,2660.0
19589.0,25630.496589270588,1120.0,6,14,2660.0
19590.0,25630.496589270588,1120.0,6,14,2660.0
19591.0,25630.496589270588,1120.0,6,14,2660.0
19592.0,25630.496589270588,1120.0,6,14,2660.0
19593.0,25630.496589270588,1120.0,6,14,2660.0
19594.0,25630.496589270588,1120.0,6,14,2660.0
19595.0,25630.496589270588,1120.0,6,14,2660.0
19596.0,25630.496589270588,1120.0,6,14,2660.0
19597.0,25630.496589270588,1120.0,6,14,2660.0
19598.0,25630.496589270588,1120.0,6,14,2660.0
19599.0,25630.496589270588,1120.0,6,14,2660.0
19600.0,25630.496589270588,1120.0,6,14,2660.0
19601.0,25630.496589270588,1120.0,6,14,2660.0
19602.0,25630.496589270588,1120.0,6,14,2660.0
19603.0,25630.496589270588,1120.0,6,14,2660.0
19604.0,25630.496589270588,1120.0,6,14,2660.0
19605.0,25630.496589270588,1120.0,6,14,2660.0
19606.0,25630.496589270588,1120.0,6,14,2660.0
19607.0,25630.496589270588,1120.0,6,14,2660.0
19608.0,25630.496589270588,1120.0,6,14,2660.0
19609.0,25630.496589270588,1120.0,6,14,2660.0
19610.0,25630.496589270588,1120.0,6,14,2660.0
19611.0,25630.496589270588,1120.0,6,14,2660.0
19612.0,25630.496589270588,1120.0,6,14,2660.0
19613.0,25630.496589270588,1120.0,6,14,2660.0
19614.0,25630.496589270588,1120.0,6,14,2660.0
19615.0,25630.496589270588,1120.0,6,14,2660.0
19616.0,25630.496589270588,1120.0,6,14,2660.0
19617.0,25630.496589270588,1120.0,6,14,2660.0
19618.0,25630.496589270588,1120.0,6,14,2660.0
19619.0,25630.496589270588,1120.0,6,14,2660.0
19620.0,25630.496589270588,1120.0,6,14,2660.0
19621.0,25630.496589270588,1120.0,6,14,2660.0
19622.0,25630.496589270588,1120.0,6,14,2660.0
19623.0,25630.496589270588,1120.0,6,14,2660.0
19624.0,25630.496589270588,1120.0,6,14,2660.0
19625.0,25630.496589270588,1120.0,6,14,2660.0
19626.0,25630.496589270588,1120.0,6,14,2660.0
19627.0,25630.496589270588,1120.0,6,14,2660.0
19628.0,25630.496589270588,1120.0,6,14,2660.0
19629.0,25630.496589270588,1120.0,6,14,2660.0
19630.0,25630.496589270588,1120.0,6,14,2660.0
19631.0,25630.496589270588,1120.0,6,14,2660.0
19632.0,25630.496589270588,1120.0,6,14,2660.0
19633.0,25630.496589270588,1120.0,6,14,2660.0
19634.0,25630.496589270588,1120.0,6,14,2660.0
19635.0,25630.496589270588,1120.0,6,14,2660.0
19636.0,25630.496589270588,1120.0,6,14,2660.0
19637.0,25630.496589270588,1120.0,6,14,2660.0
19638.0,25630.496589270588,1120.0,6,14,2660.0
19639.0,25630.496589270588,1120.0,6,14,2660.0
19640.0,25630.496589270588,1120.0,6,14,2660.0
19641.0,25630.496589270588,1120.0,6,14,2660.0
19642.0,25630.496589270588,1120.0,6,14,2660.0
19643.0,25630.496589270588,1120.0,6,14,2660.0
19644.0,25630.496589270588,1120.0,6,14,2660.0
19645.0,25630.496589270588,1120.0,6,14,2660.0
19646.0,25630.496589270588,1120.0,6,14,2660.0
19647.0,25630.496589270588,1120.0,6,14,2660.0
19648.0,25630.496589270588,1120.0,6,14,2660.0
19649.0,25630.496589270588,1120.0,6,14,2660.0
19650.0,25630.496589270588,1120.0,6,14,2660.0
19651.0,25630.496589270588,1120.0,6,14,2660.0
19652.0,25630.496589270588,1120.0,6,14,2660.0
19653.0,25630.496589270588,1120.0,6,14,2660.0
19654.0,25630.496589270588,1120.0,6,14,2660.0
19655.0,25630.496589270588,1120.0,6,14,2660.0
19656.0,25630.496589270588,1120.0,6,14,2660.0
19657.0,25630.496589270588,1120.0,6,14,2660.0
19658.0,25630.496589270588,1120.0,6,14,2660.0
19659.0,25630.496589270588,1120.0,6,14,2660.0
19660.0,25630.496589270588,1120.0,6,14,2660.0
19661.0,25630.496589270588,1120.0,6,14,2660.0
19662.0,25630.496589270588,1120.0,6,14,2660.0
19663.0,25630.496589270588,1120.0,6,14,2660.0
19664.0,25630.496589270588,1120.0,6,14,2660.0
19665.0,25630.496589270588,1120.0,6,14,2660.0
19666.0,25630.496589270588,1120.0,6,14,2660.0
19667.0,25630.496589270588,1120.0,6,14,2660.0
19668.0,25630.496589270588,1120.0,6,14,2660.0
19669.0,25630.496589270588,1120.0,6,14,2660.0
19670.0,25630.496589270588,1120.0,6,14,2660.0
19671.0,25630.496589270588,1120.0,6,14,2660.0
19672.0,25630.496589270588,1120.0,6,14,2660.0
19673.0,25630.496589270588,1120.0,6,14,2660.0
19674.0,25630.496589270588,1120.0,6,14,2660.0
19675.0,25630.496589270588,1120.0,6,14,2660.0
19676.0,25630.496589270588,1120.0,6,14,2660.0
19677.0,25630.496589270588,1120.0,6,14,2660.0
19678.0,25630.496589270588,1120.0,6,14,2660.0
19679.0,25630.496589270588,1120.0,6,14,2660.0
19680.0,25630.496589270588,1120.0,6,14,2660.0
19681.0,25630.496589270588,1120.0,6,14,2660.0
19682.0,25630.496589270588,1120.0,6,14,2660.0
19683.0,25630.496589270588,1120.0,6,14,2660.0
19684.0,25630.496589270588,1120.0,6,14,2660.0
19685.0,25630.496589270588,1120.0,6,14,2660.0
19686.0,25630.496589270588,1120.0,6,14,2660.0
19687.0,25630.496589270588,1120.0,6,14,2660.0
19688.0,25630.496589270588,1120.0,6,14,2660.0
19689.0,25630.496589270588,1120.0,6,14,2660.0
19690.0,25630.496589270588,1120.0,6,14,2660.0
19691.0,25630.496589270588,1120.0,6,14,2660.0
19692.0,25630.496589270588,1120.0,6,14,2660.0
19693.0,25630.496589270588,1120.0,6,14,2660.0
19694.0,25630.496589270588,1120.0,6,14,2660.0
19695.0,25630.496589270588,1120.0,6,14,2660.0
19696.0,25630.496589270588,1120.0,6,14,2660.0
19697.0,25630.496589270588,1120.0,6,14,2660.0
19698.0,25630.496589270588,1120.0,6,14,2660.0
19699.0,25630.496589270588,1120.0,6,14,2660.0
19700.0,25630.496589270588,1120.0,6,14,2660.0
19701.0,25630.496589270588,1120.0,6,14,2660.0
19702.0,25630.496589270588,1120.0,6,14,2660.0
19703.0,25630.496589270588,1120.0,6,14,2660.0
19704.0,25630.496589270588,1120.0,6,14,2660.0
19705.0,25630.496589270588,1120.0,6,14,2660.0
19706.0,25630.496589270588,1120.0,6,14,2660.0
19707.0,25630.496589270588,1120.0,6,14,2660.0
19708.0,25630.496589270588,1120.0,6,14,2660.0
19709.0,25630.496589270588,1120.0,6,14,2660.0
19710.0,25630.496589270588,1120.0,6,14,2660.0
19711.0,25630.496589270588,1120.0,6,14,2660.0
19712.0,25630.496589270588,1120.0,6,14,2660.0
19713.0,25630.496589270588,1120.0,6,14,2660.0
19714.0,25630.496589270588,1120.0,6,14,2660.0
19715.0,25630.496589270588,1120.0,6,14,2660.0
19716.0,25630.496589270588,1120.0,6,14,2660.0
19717.0,25630.496589270588,1120.0,6,14,2660.0
19718.0,25630.496589270588,1120.0,6,14,2660.0
19719.0,25630.496589270588,1120.0,6,14,2660.0
19720.0,25630.496589270588,1120.0,6,14,2660.0
19721.0,25630.496589270588,1120.0,6,14,2660.0
19722.0,25630.496589270588,1120.0,6,14,2660.0
19723.0,25630.496589270588,1120.0,6,14,2660.0
19724.0,25630.496589270588,1120.0,6,14,2660.0
19725.0,25630.496589270588,1120.0,6,14,2660.0
19726.0,25630.496589270588,1120.0,6,14,2660.0
19727.0,25630.496589270588,1120.0,6,14,2660.0
19728.0,25630.496589270588,1120.0,6,14,2660.0
19729.0,25630.496589270588,1120.0,6,14,2660.0
19730.0,25630.496589270588,1120.0,6,14,2660.0
19731.0,25630.496589270588,1120.0,6,14,2660.0
19732.0,25630.496589270588,1120.0,6,14,2660.0
19733.0,25630.496589270588,1120.0,6,14,2660.0
19734.0,25630.496589270588,1120.0,6,14,2660.0
19735.0,25630.496589270588,1120.0,6,14,2660.0
19736.0,25630.496589270588,1120.0,6,14,2660.0
19737.0,25630.496589270588,1120.0,6,14,2660.0
19738.0,25630.496589270588,1120.0,6,14,2660.0
19739.0,25630.496589270588,1120.0,6,14,2660.0
19740.0,25630.496589270588,1120.0,6,14,2660.0
19741.0,25630.496589270588,1120.0,6,14,2660.0
19742.0,25630.496589270588,1120.0,6,14,2660.0
19743.0,25630.496589270588,1120.0,6,14,2660.0
19744.0,25630.496589270588,1120.0,6,14,2660.0
19745.0,25630.496589270588,1120.0,6,14,2660.0
19746.0,25630.496589270588,1120.0,6,14,2660.0
19747.0,25630.496589270588,1120.0,6,14,2660.0
19748.0,25630.496589270588,1120.0,6,14,2660.0
19749.0,25630.496589270588,1120.0,6,14,2660.0
19750.0,25630.496589270588,1120.0,6,14,2660.0
19751.0,25630.496589270588,1120.0,6,14,2660.0
19752.0,25630.496589270588,1120.0,6,14,2660.0
19753.0,25630.496589270588,1120.0,6,14,2660.0
19754.0,25630.496589270588,1120.0,6,14,2660.0
19755.0,25630.496589270588,1120.0,6,14,2660.0
19756.0,25630.496589270588,1120.0,6,14,2660.0
19757.0,25630.496589270588,1120.0,6,14,2660.0
19758.0,25630.496589270588,1120.0,6,14,2660.0
19759.0,25630.496589270588,1120.0,6,14,2660.0
19760.0,25630.496589270588,1120.0,6,14,2660.0
19761.0,25630.496589270588,1120.0,6,14,2660.0
19762.0,25630.496589270588,1120.0,6,14,2660.0
19763.0,25630.496589270588,1120.0,6,14,2660.0
19764.0,25630.496589270588,1120.0,6,14,2660.0
19765.0,25630.496589270588,1120.0,6,14,2660.0
19766.0,25630.496589270588,1120.0,6,14,2660.0
19767.0,25630.496589270588,1120.0,6,14,2660.0
19768.0,25630.496589270588,1120.0,6,14,2660.0
19769.0,25630.496589270588,1120.0,6,14,2660.0
19770.0,25630.496589270588,1120.0,6,14,2660.0
19771.0,25630.496589270588,1120.0,6,14,2660.0
19772.0,25630.496589270588,1120.0,6,14,2660.0
19773.0,25630.496589270588,1120.0,6,14,2660.0
19774.0,25630.496589270588,1120.0,6,14,2660.0
19775.0,25630.496589270588,1120.0,6,14,2660.0
19776.0,25630.496589270588,1120.0,6,14,2660.0
19777.0,25630.496589270588,1120.0,6,14,2660.0
19778.0,25630.496589270588,1120.0,6,14,2660.0
19779.0,25630.496589270588,1120.0,6,14,2660.0
19780.0,25630.496589270588,1120.0,6,14,2660.0
19781.0,25630.496589270588,1120.0,6,14,2660.0
19782.0,25630.496589270588,1120.0,6,14,2660.0
19783.0,25630.496589270588,1120.0,6,14,2660.0
19784.0,25630.496589270588,1120.0,6,14,2660.0
19785.0,25630.496589270588,1120.0,6,14,2660.0
19786.0,25630.496589270588,1120.0,6,14,2660.0
19787.0,25630.496589270588,1120.0,6,14,2660.0
19788.0,25630.496589270588,1120.0,6,14,2660.0
19789.0,25630.496589270588,1120.0,6,14,2660.0
19790.0,25630.496589270588,1120.0,6,14,2660.0
19791.0,25630.496589270588,1120.0,6,14,2660.0
19792.0,25630.496589270588,1120.0,6,14,2660.0
19793.0,25630.496589270588,1120.0,6,14,2660.0
19794.0,25630.496589270588,1120.0,6,14,2660.0
19795.0,25630.496589270588,1120.0,6,14,2660.0
19796.0,25630.496589270588,1120.0,6,14,2660.0
19797.0,25630.496589270588,1120.0,6,14,2660.0
19798.0,25630.496589270588,1120.0,6,14,2660.0
19799.0,25630.496589270588,1120.0,6,14,2660.0
19800.0,25630.496589270588,1120.0,6,14,2660.0
19801.0,25630.496589270588,1120.0,6,14,2660.0
19802.0,25630.496589270588,1120.0,6,14,2660.0
19803.0,25630.496589270588,1120.0,6,14,2660.0
19804.0,25630.496589270588,1120.0,6,14,2660.0
19805.0,25630.496589270588,1120.0,6,14,2660.0
19806.0,25630.496589270588,1120.0,6,14,2660.0
19807.0,25630.496589270588,1120.0,6,14,2660.0
19808.0,25630.496589270588,1120.0,6,14,2660.0
19809.0,25630.496589270588,1120.0,6,14,2660.0
19810.0,25630.496589270588,1120.0,6,14,2660.0
19811.0,25630.496589270588,1120.0,6,14,2660.0
19812.0,25630.496589270588,1120.0,6,14,2660.0
19813.0,25630.496589270588,1120.0,6,14,2660.0
19814.0,25630.496589270588,1120.0,6,14,2660.0
19815.0,25630.496589270588,1120.0,6,14,2660.0
19816.0,25630.496589270588,1120.0,6,14,2660.0
19817.0,25630.496589270588,1120.0,6,14,2660.0
19818.0,25630.496589270588,1120.0,6,14,2660.0
19819.0,25630.496589270588,1120.0,6,14,2660.0
19820.0,25630.496589270588,1120.0,6,14,2660.0
19821.0,25630.496589270588,1120.0,6,14,2660.0
19822.0,25630.496589270588,1120.0,6,14,2660.0
19823.0,25630.496589270588,1120.0,6,14,2660.0
19824.0,25630.496589270588,1120.0,6,14,2660.0
19825.0,25630.496589270588,1120.0,6,14,2660.0
19826.0,25630.496589270588,1120.0,6,14,2660.0
19827.0,25630.496589270588,1120.0,6,14,2660.0
19828.0,25630.496589270588,1120.0,6,14,2660.0
19829.0,25630.496589270588,1120.0,6,14,2660.0
19830.0,25630.496589270588,1120.0,6,14,2660.0
19831.0,25630.496589270588,1120.0,6,14,2660.0
19832.0,25630.496589270588,1120.0,6,14,2660.0
19833.0,25630.496589270588,1120.0,6,14,2660.0
19834.0,25630.496589270588,1120.0,6,14,2660.0
19835.0,25630.496589270588,1120.0,6,14,2660.0
19836.0,25630.496589270588,1120.0,6,14,2660.0
19837.0,25630.496589270588,1120.0,6,14,2660.0
19838.0,25630.496589270588,1120.0,6,14,2660.0
19839.0,25630.496589270588,1120.0,6,14,2660.0
19840.0,25630.496589270588,1120.0,6,14,2660.0
19841.0,25630.496589270588,1120.0,6,14,2660.0
19842.0,25630.496589270588,1120.0,6,14,2660.0
19843.0,25630.496589270588,1120.0,6,14,2660.0
19844.0,25630.496589270588,1120.0,6,14,2660.0
19845.0,25630.496589270588,1120.0,6,14,2660.0
19846.0,25630.496589270588,1120.0,6,14,2660.0
19847.0,25630.496589270588,1120.0,6,14,2660.0
19848.0,25630.496589270588,1120.0,6,14,2660.0
19849.0,25630.496589270588,1120.0,6,14,2660.0
19850.0,25630.496589270588,1120.0,6,14,2660.0
19851.0,25630.496589270588,1120.0,6,14,2660.0
19852.0,25630.496589270588,1120.0,6,14,2660.0
19853.0,25630.496589270588,1120.0,6,14,2660.0
19854.0,25630.496589270588,1120.0,6,14,2660.0
19855.0,25630.496589270588,1120.0,6,14,2660.0
19856.0,25630.496589270588,1120.0,6,14,2660.0
19857.0,25630.496589270588,1120.0,6,14,2660.0
19858.0,25630.496589270588,1120.0,6,14,2660.0
19859.0,25630.496589270588,1120.0,6,14,2660.0
19860.0,25630.496589270588,1120.0,6,14,2660.0
19861.0,25630.496589270588,1120.0,6,14,2660.0
19862.0,25630.496589270588,1120.0,6,14,2660.0
19863.0,25630.496589270588,1120.0,6,14,2660.0
19864.0,25630.496589270588,1120.0,6,14,2660.0
19865.0,25630.496589270588,1120.0,6,14,2660.0
19866.0,25630.496589270588,1120.0,6,14,2660.0
19867.0,25630.496589270588,1120.0,6,14,2660.0
19868.0,25630.496589270588,1120.0,6,14,2660.0
19869.0,25630.496589270588,1120.0,6,14,2660.0
19870.0,25630.496589270588,1120.0,6,14,2660.0
19871.0,25630.496589270588,1120.0,6,14,2660.0
19872.0,25630.496589270588,1120.0,6,14,2660.0
19873.0,25630.496589270588,1120.0,6,14,2660.0
19874.0,25630.496589270588,1120.0,6,14,2660.0
19875.0,25630.496589270588,1120.0,6,14,2660.0
19876.0,25630.496589270588,1120.0,6,14,2660.0
19877.0,25630.496589270588,1120.0,6,14,2660.0
19878.0,25630.496589270588,1120.0,6,14,2660.0
19879.0,25630.496589270588,1120.0,6,14,2660.0
19880.0,25630.496589270588,1120.0,6,14,2660.0
19881.0,25630.496589270588,1120.0,6,14,2660.0
19882.0,25630.496589270588,1120.0,6,14,2660.0
19883.0,25630.496589270588,1120.0,6,14,2660.0
19884.0,25630.496589270588,1120.0,6,14,2660.0
19885.0,25630.496589270588,1120.0,6,14,2660.0
19886.0,25630.496589270588,1120.0,6,14,2660.0
19887.0,25630.496589270588,1120.0,6,14,2660.0
19888.0,25630.496589270588,1120.0,6,14,2660.0
19889.0,25630.496589270588,1120.0,6,14,2660.0
19890.0,25630.496589270588,1120.0,6,14,2660.0
19891.0,25630.496589270588,1120.0,6,14,2660.0
19892.0,25630.496589270588,1120.0,6,14,2660.0
19893.0,25630.496589270588,1120.0,6,14,2660.0
19894.0,25630.496589270588,1120.0,6,14,2660.0
19895.0,25630.496589270588,1120.0,6,14,2660.0
19896.0,25630.496589270588,1120.0,6,14,2660.0
19897.0,25630.496589270588,1120.0,6,14,2660.0
19898.0,25630.496589270588,1120.0,6,14,2660.0
19899.0,25630.496589270588,1120.0,6,14,2660.0
19900.0,25630.496589270588,1120.0,6,14,2660.0
19901.0,25630.496589270588,1120.0,6,14,2660.0
19902.0,25630.496589270588,1120.0,6,14,2660.0
19903.0,25630.496589270588,1120.0,6,14,2660.0
19904.0,25630.496589270588,1120.0,6,14,2660.0
19905.0,25630.496589270588,1120.0,6,14,2660.0
19906.0,25630.496589270588,1120.0,6,14,2660.0
19907.0,25630.496589270588,1120.0,6,14,2660.0
19908.0,25630.496589270588,1120.0,6,14,2660.0
19909.0,25630.496589270588,1120.0,6,14,2660.0
19910.0,25630.496589270588,1120.0,6,14,2660.0
19911.0,25630.496589270588,1120.0,6,14,2660.0
19912.0,25630.496589270588,1120.0,6,14,2660.0
19913.0,25630.496589270588,1120.0,6,14,2660.0
19914.0,25630.496589270588,1120.0,6,14,2660.0
19915.0,25630.496589270588,1120.0,6,14,2660.0
19916.0,25630.496589270588,1120.0,6,14,2660.0
19917.0,25630.496589270588,1120.0,6,14,2660.0
19918.0,25630.496589270588,1120.0,6,14,2660.0
19919.0,25630.496589270588,1120.0,6,14,2660.0
19920.0,25630.496589270588,1120.0,6,14,2660.0
19921.0,25630.496589270588,1120.0,6,14,2660.0
19922.0,25630.496589270588,1120.0,6,14,2660.0
19923.0,25630.496589270588,1120.0,6,14,2660.0
19924.0,25630.496589270588,1120.0,6,14,2660.0
19925.0,25630.496589270588,1120.0,6,14,2660.0
19926.0,25630.496589270588,1120.0,6,14,2660.0
19927.0,25630.496589270588,1120.0,6,14,2660.0
19928.0,25630.496589270588,1120.0,6,14,2660.0
19929.0,25630.496589270588,1120.0,6,14,2660.0
19930.0,25630.496589270588,1120.0,6,14,2660.0
19931.0,25630.496589270588,1120.0,6,14,2660.0
19932.0,25630.496589270588,1120.0,6,14,2660.0
19933.0,25630.496589270588,1120.0,6,14,2660.0
19934.0,25630.496589270588,1120.0,6,14,2660.0
19935.0,25630.496589270588,1120.0,6,14,2660.0
19936.0,25630.496589270588,1120.0,6,14,2660.0
19937.0,25630.496589270588,1120.0,6,14,2660.0
19938.0,25630.496589270588,1120.0,6,14,2660.0
19939.0,25630.496589270588,1120.0,6,14,2660.0
19940.0,25630.496589270588,1120.0,6,14,2660.0
19941.0,25630.496589270588,1120.0,6,14,2660.0
19942.0,25630.496589270588,1120.0,6,14,2660.0
19943.0,25630.496589270588,1120.0,6,14,2660.0
19944.0,25630.496589270588,1120.0,6,14,2660.0
19945.0,25630.496589270588,1120.0,6,14,2660.0
19946.0,25630.496589270588,1120.0,6,14,2660.0
19947.0,25630.496589270588,1120.0,6,14,2660.0
19948.0,25630.496589270588,1120.0,6,14,2660.0
19949.0,25630.496589270588,1120.0,6,14,2660.0
19950.0,25630.496589270588,1120.0,6,14,2660.0
19951.0,25630.496589270588,1120.0,6,14,2660.0
19952.0,25630.496589270588,1120.0,6,14,2660.0
19953.0,25630.496589270588,1120.0,6,14,2660.0
19954.0,25630.496589270588,1120.0,6,14,2660.0
19955.0,25630.496589270588,1120.0,6,14,2660.0
19956.0,25630.496589270588,1120.0,6,14,2660.0
19957.0,25630.496589270588,1120.0,6,14,2660.0
19958.0,25630.496589270588,1120.0,6,14,2660.0
19959.0,25630.496589270588,1120.0,6,14,2660.0
19960.0,25630.496589270588,1120.0,6,14,2660.0
19961.0,25630.496589270588,1120.0,6,14,2660.0
19962.0,25630.496589270588,1120.0,6,14,2660.0
19963.0,25630.496589270588,1120.0,6,14,2660.0
19964.0,25630.496589270588,1120.0,6,14,2660.0
19965.0,25630.496589270588,1120.0,6,14,2660.0
19966.0,25630.496589270588,1120.0,6,14,2660.0
19967.0,25630.496589270588,1120.0,6,14,2660.0
19968.0,25630.496589270588,1120.0,6,14,2660.0
19969.0,25630.496589270588,1120.0,6,14,2660.0
19970.0,25630.496589270588,1120.0,6,14,2660.0
19971.0,25630.496589270588,1120.0,6,14,2660.0
19972.0,25630.496589270588,1120.0,6,14,2660.0
19973.0,25630.496589270588,1120.0,6,14,2660.0
19974.0,25630.496589270588,1120.0,6,14,2660.0
19975.0,25630.496589270588,1120.0,6,14,2660.0
19976.0,25630.496589270588,1120.0,6,14,2660.0
19977.0,25630.496589270588,1120.0,6,14,2660.0
19978.0,25630.496589270588,1120.0,6,14,2660.0
19979.0,25630.496589270588,1120.0,6,14,2660.0
19980.0,25630.496589270588,1120.0,6,14,2660.0
19981.0,25630.496589270588,1120.0,6,14,2660.0
19982.0,25630.496589270588,1120.0,6,14,2660.0
19983.0,25630.496589270588,1120.0,6,14,2660.0
19984.0,25630.496589270588,1120.0,6,14,2660.0
19985.0,25630.496589270588,1120.0,6,14,2660.0
19986.0,25630.496589270588,1120.0,6,14,2660.0
19987.0,25630.496589270588,1120.0,6,14,2660.0
19988.0,25630.496589270588,1120.0,6,14,2660.0
19989.0,25630.496589270588,1120.0,6,14,2660.0
19990.0,25630.496589270588,1120.0,6,14,2660.0
19991.0,25630.496589270588,1120.0,6,14,2660.0
19992.0,25630.496589270588,1120.0,6,14,2660.0
19993.0,25630.496589270588,1120.0,6,14,2660.0
19994.0,25630.496589270588,1120.0,6,14,2660.0
19995.0,25630.496589270588,1120.0,6,14,2660.0
19996.0,25630.496589270588,1120.0,6,14,2660.0
19997.0,25630.496589270588,1120.0,6,14,2660.0
19998.0,25630.496589270588,1120.0,6,14,2660.0
19999.0,25630.496589270588,1120.0,6,14,2660.0
20000.0,25630.496589270588,1120.0,6,14,2660.0
20001.0,25630.496589270588,1120.0,6,14,2660.0
20002.0,25630.496589270588,1120.0,6,14,2660.0
20003.0,25630.496589270588,1120.0,6,14,2660.0
20004.0,25630.496589270588,1120.0,6,14,2660.0
20005.0,25630.496589270588,1120.0,6,14,2660.0
20006.0,25630.496589270588,1120.0,6,14,2660.0
20007.0,25630.496589270588,1120.0,6,14,2660.0
20008.0,25630.496589270588,1120.0,6,14,2660.0
20009.0,25630.496589270588,1120.0,6,14,2660.0
20010.0,25630.496589270588,1120.0,6,14,2660.0
20011.0,25630.496589270588,1120.0,6,14,2660.0
20012.0,25630.496589270588,1120.0,6,14,2660.0
20013.0,25630.496589270588,1120.0,6,14,2660.0
20014.0,25630.496589270588,1120.0,6,14,2660.0
20015.0,25630.496589270588,1120.0,6,14,2660.0
20016.0,25630.496589270588,1120.0,6,14,2660.0
20017.0,25630.496589270588,1120.0,6,14,2660.0
20018.0,25630.496589270588,1120.0,6,14,2660.0
20019.0,25630.496589270588,1120.0,6,14,2660.0
20020.0,25630.496589270588,1120.0,6,14,2660.0
20021.0,25630.496589270588,1120.0,6,14,2660.0
20022.0,25630.496589270588,1120.0,6,14,2660.0
20023.0,25630.496589270588,1120.0,6,14,2660.0
20024.0,25630.496589270588,1120.0,6,14,2660.0
20025.0,25630.496589270588,1120.0,6,14,2660.0
20026.0,25630.496589270588,1120.0,6,14,2660.0
20027.0,25630.496589270588,1120.0,6,14,2660.0
20028.0,25630.496589270588,1120.0,6,14,2660.0
20029.0,25630.496589270588,1120.0,6,14,2660.0
20030.0,25630.496589270588,1120.0,6,14,2660.0
20031.0,25630.496589270588,1120.0,6,14,2660.0
20032.0,25630.496589270588,1120.0,6,14,2660.0
20033.0,25630.496589270588,1120.0,6,14,2660.0
20034.0,25630.496589270588,1120.0,6,14,2660.0
20035.0,25630.496589270588,1120.0,6,14,2660.0
20036.0,25630.496589270588,1120.0,6,14,2660.0
20037.0,25630.496589270588,1120.0,6,14,2660.0
20038.0,25630.496589270588,1120.0,6,14,2660.0
20039.0,25630.496589270588,1120.0,6,14,2660.0
20040.0,25630.496589270588,1120.0,6,14,2660.0
20041.0,25630.496589270588,1120.0,6,14,2660.0
20042.0,25630.496589270588,1120.0,6,14,2660.0
20043.0,25630.496589270588,1120.0,6,14,2660.0
20044.0,25630.496589270588,1120.0,6,14,2660.0
20045.0,25630.496589270588,1120.0,6,14,2660.0
20046.0,25630.496589270588,1120.0,6,14,2660.0
20047.0,25630.496589270588,1120.0,6,14,2660.0
20048.0,25630.496589270588,1120.0,6,14,2660.0
20049.0,25630.496589270588,1120.0,6,14,2660.0
20050.0,25630.496589270588,1120.0,6,14,2660.0
20051.0,25630.496589270588,1120.0,6,14,2660.0
20052.0,25630.496589270588,1120.0,6,14,2660.0
20053.0,25630.496589270588,1120.0,6,14,2660.0
20054.0,25630.496589270588,1120.0,6,14,2660.0
20055.0,25630.496589270588,1120.0,6,14,2660.0
20056.0,25630.496589270588,1120.0,6,14,2660.0
20057.0,25630.496589270588,1120.0,6,14,2660.0
20058.0,25630.496589270588,1120.0,6,14,2660.0
20059.0,25630.496589270588,1120.0,6,14,2660.0
20060.0,25630.496589270588,1120.0,6,14,2660.0
20061.0,25630.496589270588,1120.0,6,14,2660.0
20062.0,25630.496589270588,1120.0,6,14,2660.0
20063.0,25630.496589270588,1120.0,6,14,2660.0
20064.0,25630.496589270588,1120.0,6,14,2660.0
20065.0,25630.496589270588,1120.0,6,14,2660.0
20066.0,25630.496589270588,1120.0,6,14,2660.0
20067.0,25630.496589270588,1120.0,6,14,2660.0
20068.0,25630.496589270588,1120.0,6,14,2660.0
20069.0,25630.496589270588,1120.0,6,14,2660.0
20070.0,25630.496589270588,1120.0,6,14,2660.0
20071.0,25630.496589270588,1120.0,6,14,2660.0
20072.0,25630.496589270588,1120.0,6,14,2660.0
20073.0,25630.496589270588,1120.0,6,14,2660.0
20074.0,25630.496589270588,1120.0,6,14,2660.0
20075.0,25630.496589270588,1120.0,6,14,2660.0
20076.0,25630.496589270588,1120.0,6,14,2660.0
20077.0,25630.496589270588,1120.0,6,14,2660.0
20078.0,25630.496589270588,1120.0,6,14,2660.0
20079.0,25630.496589270588,1120.0,6,14,2660.0
20080.0,25630.496589270588,1120.0,6,14,2660.0
20081.0,25630.496589270588,1120.0,6,14,2660.0
20082.0,25630.496589270588,1120.0,6,14,2660.0
20083.0,25630.496589270588,1120.0,6,14,2660.0
20084.0,25630.496589270588,1120.0,6,14,2660.0
20085.0,25630.496589270588,1120.0,6,14,2660.0
20086.0,25630.496589270588,1120.0,6,14,2660.0
20087.0,25630.496589270588,1120.0,6,14,2660.0
20088.0,25630.496589270588,1120.0,6,14,2660.0
20089.0,25630.496589270588,1120.0,6,14,2660.0
20090.0,25630.496589270588,1120.0,6,14,2660.0
20091.0,25630.496589270588,1120.0,6,14,2660.0
20092.0,25630.496589270588,1120.0,6,14,2660.0
20093.0,25630.496589270588,1120.0,6,14,2660.0
20094.0,25630.496589270588,1120.0,6,14,2660.0
20095.0,25630.496589270588,1120.0,6,14,2660.0
20096.0,25630.496589270588,1120.0,6,14,2660.0
20097.0,25630.496589270588,1120.0,6,14,2660.0
20098.0,25630.496589270588,1120.0,6,14,2660.0
20099.0,25630.496589270588,1120.0,6,14,2660.0
20100.0,25630.496589270588,1120.0,6,14,2660.0
20101.0,25630.496589270588,1120.0,6,14,2660.0
20102.0,25630.496589270588,1120.0,6,14,2660.0
20103.0,25630.496589270588,1120.0,6,14,2660.0
20104.0,25630.496589270588,1120.0,6,14,2660.0
20105.0,25630.496589270588,1120.0,6,14,2660.0
20106.0,25630.496589270588,1120.0,6,14,2660.0
20107.0,25630.496589270588,1120.0,6,14,2660.0
20108.0,25630.496589270588,1120.0,6,14,2660.0
20109.0,25630.54658927059,1120.0,6,14,2660.0
20110.0,25630.63542240367,1120.0,6,14,2660.0
20111.0,25630.770634226636,1120.0,6,14,2660.0
20112.0,25630.954135546217,1120.0,6,14,2660.0
20113.0,25631.186649667743,1120.0,6,14,2660.0
20114.0,25631.468522837273,1120.0,6,14,2660.0
20115.0,25631.799946636165,1120.0,6,14,2660.0
20116.0,25632.181037921913,1120.0,6,14,2660.0
20117.0,25632.611873137976,1120.0,6,14,2660.0
20118.0,25633.092504992077,1120.0,6,14,2660.0
20119.0,25633.62297134726,1120.0,6,14,2660.0
20120.0,25634.20330031105,1120.0,6,14,2660.0
20121.0,25634.83351331798,1120.0,6,14,2660.0
20122.0,25635.513627084732,1120.0,6,14,2660.0
20123.0,25636.24365489856,1120.0,6,14,2660.0
20124.0,25637.02360749426,1120.0,6,14,2660.0
20125.0,25637.853493667768,1120.0,6,14,2660.0
20126.0,25638.733320715914,1120.0,6,14,2660.0
20127.0,25639.663094758194,1120.0,6,14,2660.0
20128.0,25640.642820976635,1120.0,6,14,2660.0
20129.0,25641.642820976635,1120.0,6,14,2660.0
20130.0,25642.642820976635,1120.0,6,14,2660.0
20131.0,25643.642820976635,1120.0,6,14,2660.0
20132.0,25644.642820976635,1120.0,6,14,2660.0
20133.0,25645.642820976635,1120.0,6,14,2660.0
20134.0,25646.642820976635,1120.0,6,14,2660.0
20135.0,25647.642820976635,1120.0,6,14,2660.0
20136.0,25648.642820976635,1120.0,6,14,2660.0
20137.0,25649.642820976635,1120.0,6,14,2660.0
20138.0,25650.642820976635,1120.0,6,14,2660.0
20139.0,25651.642820976635,1120.0,6,14,2660.0
20140.0,25652.642820976635,1120.0,6,14,2660.0
20141.0,25653.642820976635,1120.0,6,14,2660.0
20142.0,25654.642820976635,1120.0,6,14,2660.0
20143.0,25655.642820976635,1120.0,6,14,2660.0
20144.0,25656.642820976635,1120.0,6,14,2660.0
20145.0,25657.642820976635,1120.0,6,14,2660.0
20146.0,25658.642820976635,1120.0,6,14,2660.0
20147.0,25659.642820976635,1120.0,6,14,2660.0
20148.0,25660.642820976635,1120.0,6,14,2660.0
20149.0,25661.642820976635,1120.0,6,14,2660.0
20150.0,25662.642820976635,1120.0,6,14,2660.0
20151.0,25663.642820976635,1120.0,6,14,2660.0
20152.0,25664.642820976635,1120.0,6,14,2660.0
20153.0,25665.642820976635,1120.0,6,14,2660.0
20154.0,25666.642820976635,1120.0,6,14,2660.0
20155.0,25667.642820976635,1120.0,6,14,2660.0
20156.0,25668.642820976635,1120.0,6,14,2660.0
20157.0,25669.642820976635,1120.0,6,14,2660.0
20158.0,25670.642820976635,1120.0,6,14,2660.0
20159.0,25671.642820976635,1120.0,6,14,2660.0
20160.0,25672.642820976635,1120.0,6,14,2660.0
20161.0,25673.642820976635,1120.0,6,14,2660.0
20162.0,25674.642820976635,1120.0,6,14,2660.0
20163.0,25675.642820976635,1120.0,6,14,2660.0
20164.0,25676.642820976635,1120.0,6,14,2660.0
20165.0,25677.642820976635,1120.0,6,14,2660.0
20166.0,25678.642820976635,1120.0,6,14,2660.0
20167.0,25679.642820976635,1120.0,6,14,2660.0
20168.0,25680.642820976635,1120.0,6,14,2660.0
20169.0,25681.642820976635,1120.0,6,14,2660.0
20170.0,25682.642820976635,1120.0,6,14,2660.0
20171.0,25683.642820976635,1120.0,6,14,2660.0
20172.0,25684.642820976635,1120.0,6,14,2660.0
20173.0,25685.642820976635,1120.0,6,14,2660.0
20174.0,25686.642820976635,1120.0,6,14,2660.0
20175.0,25687.642820976635,1120.0,6,14,2660.0
20176.0,25688.642820976635,1120.0,6,14,2660.0
20177.0,25689.642820976635,1120.0,6,14,2660.0
20178.0,25690.642820976635,1120.0,6,14,2660.0
20179.0,25691.642820976635,1120.0,6,14,2660.0
20180.0,25692.642820976635,1120.0,6,14,2660.0
20181.0,25693.642820976635,1120.0,6,14,2660.0
20182.0,25694.642820976635,1120.0,6,14,2660.0
20183.0,25695.642820976635,1120.0,6,14,2660.0
20184.0,25696.642820976635,1120.0,6,14,2660.0
20185.0,25697.642820976635,1120.0,6,14,2660.0
20186.0,25698.642820976635,1120.0,6,14,2660.0
20187.0,25699.642820976635,1120.0,6,14,2660.0
20188.0,25700.642820976635,1120.0,6,14,2660.0
20189.0,25701.642820976635,1120.0,6,14,2660.0
20190.0,25702.642820976635,1120.0,6,14,2660.0
20191.0,25703.642820976635,1120.0,6,14,2660.0
20192.0,25704.642820976635,1120.0,6,14,2660.0
20193.0,25705.642820976635,1120.0,6,14,2660.0
20194.0,25706.642820976635,1120.0,6,14,2660.0
20195.0,25707.642820976635,1120.0,6,14,2660.0
20196.0,25708.642820976635,1120.0,6,14,2660.0
20197.0,25709.642820976635,1120.0,6,14,2660.0
20198.0,25710.642820976635,1120.0,6,14,2660.0
20199.0,25711.692820976634,1120.0,6,14,2660.0
20200.0,25711.810603443533,1120.0,6,14,2660.0
20201.0,25712.01871595743,1120.0,6,14,2660.0
20202.0,25712.322928661866,1120.0,6,14,2660.0
20203.0,25712.725102324617,1120.0,6,14,2660.0
20204.0,25713.22603301225,1120.0,6,14,2660.0
20205.0,25713.826129025994,1120.0,6,14,2660.0
20206.0,25714.525626395203,1120.0,6,14,2660.0
20207.0,25715.324673496933,1120.0,6,14,2660.0
20208.0,25716.223369552976,1120.0,6,14,2660.0
20209.0,25717.22178413252,1120.0,6,14,2660.0
20210.0,25718.319967873984,1120.0,6,14,2660.0
20211.0,25719.517958770408,1120.0,6,14,2660.0
20212.0,25720.815786049756,1120.0,6,14,2660.0
20213.0,25722.21347267459,1120.0,6,14,2660.0
20214.0,25723.711037010875,1120.0,6,14,2660.0
20215.0,25725.308493976292,1120.0,6,14,2660.0
20216.0,25727.00585585129,1120.0,6,14,2660.0
20217.0,25728.803132865087,1120.0,6,14,2660.0
20218.0,25730.700333627497,1120.0,6,14,2660.0
20219.0,25732.697465452886,1120.0,6,14,2660.0
20220.0,25734.697465452886,1120.0,6,14,2660.0
20221.0,25736.697465452886,1120.0,6,14,2660.0
20222.0,25738.697465452886,1120.0,6,14,2660.0
20223.0,25740.697465452886,1120.0,6,14,2660.0
20224.0,25742.697465452886,1120.0,6,14,2660.0
20225.0,25744.697465452886,1120.0,6,14,2660.0
20226.0,25746.697465452886,1120.0,6,14,2660.0
20227.0,25748.697465452886,1120.0,6,14,2660.0
20228.0,25750.697465452886,1120.0,6,14,2660.0
20229.0,25752.697465452886,1120.0,6,14,2660.0
20230.0,25754.697465452886,1120.0,6,14,2660.0
20231.0,25756.697465452886,1120.0,6,14,2660.0
20232.0,25758.697465452886,1120.0,6,14,2660.0
20233.0,25760.697465452886,1120.0,6,14,2660.0
20234.0,25762.697465452886,1120.0,6,14,2660.0
20235.0,25764.697465452886,1120.0,6,14,2660.0
20236.0,25766.697465452886,1120.0,6,14,2660.0
20237.0,25768.697465452886,1120.0,6,14,2660.0
20238.0,25770.697465452886,1120.0,6,14,2660.0
20239.0,25772.697465452886,1120.0,6,14,2660.0
20240.0,25774.697465452886,1120.0,6,14,2660.0
20241.0,25776.697465452886,1120.0,6,14,2660.0
20242.0,25778.697465452886,1120.0,6,14,2660.0
20243.0,25780.697465452886,1120.0,6,14,2660.0
20244.0,25782.697465452886,1120.0,6,14,2660.0
20245.0,25784.697465452886,1120.0,6,14,2660.0
20246.0,25786.697465452886,1120.0,6,14,2660.0
20247.0,25788.697465452886,1120.0,6,14,2660.0
20248.0,25790.697465452886,1120.0,6,14,2660.0
20249.0,25792.697465452886,1120.0,6,14,2660.0
20250.0,25794.697465452886,1120.0,6,14,2660.0
20251.0,25796.697465452886,1120.0,6,14,2660.0
20252.0,25798.697465452886,1120.0,6,14,2660.0
20253.0,25800.697465452886,1120.0,6,14,2660.0
20254.0,25802.697465452886,1120.0,6,14,2660.0
20255.0,25804.697465452886,1120.0,6,14,2660.0
20256.0,25806.697465452886,1120.0,6,14,2660.0
20257.0,25808.697465452886,1120.0,6,14,2660.0
20258.0,25810.697465452886,1120.0,6,14,2660.0
20259.0,25812.697465452886,1120.0,6,14,2660.0
20260.0,25814.697465452886,1120.0,6,14,2660.0
20261.0,25816.697465452886,1120.0,6,14,2660.0
20262.0,25818.697465452886,1120.0,6,14,2660.0
20263.0,25820.697465452886,1120.0,6,14,2660.0
20264.0,25822.697465452886,1120.0,6,14,2660.0
20265.0,25824.697465452886,1120.0,6,14,2660.0
20266.0,25826.697465452886,1120.0,6,14,2660.0
20267.0,25828.697465452886,1120.0,6,14,2660.0
20268.0,25830.697465452886,1120.0,6,14,2660.0
20269.0,25832.697465452886,1120.0,6,14,2660.0
20270.0,25834.697465452886,1120.0,6,14,2660.0
20271.0,25836.697465452886,1120.0,6,14,2660.0
20272.0,25838.697465452886,1120.0,6,14,2660.0
20273.0,25840.697465452886,1120.0,6,14,2660.0
20274.0,25842.697465452886,1120.0,6,14,2660.0
20275.0,25844.697465452886,1120.0,6,14,2660.0
20276.0,25846.697465452886,1120.0,6,14,2660.0
20277.0,25848.697465452886,1120.0,6,14,2660.0
20278.0,25850.697465452886,1120.0,6,14,2660.0
20279.0,25852.697465452886,1120.0,6,14,2660.0
20280.0,25854.697465452886,1120.0,6,14,2660.0
20281.0,25856.697465452886,1120.0,6,14,2660.0
20282.0,25858.697465452886,1120.0,6,14,2660.0
20283.0,25860.697465452886,1120.0,6,14,2660.0
20284.0,25862.697465452886,1120.0,6,14,2660.0
20285.0,25864.697465452886,1120.0,6,14,2660.0
20286.0,25866.697465452886,1120.0,6,14,2660.0
20287.0,25868.697465452886,1120.0,6,14,2660.0
20288.0,25870.697465452886,1120.0,6,14,2660.0
20289.0,25872.697465452886,1120.0,6,14,2660.0
20290.0,25874.74746545289,1120.0,6,14,2660.0
20291.0,25874.85098635718,1120.0,6,14,2660.0
20292.0,25875.10123364354,1120.0,6,14,2660.0
20293.0,25875.501419366374,1120.0,6,14,2660.0
20294.0,25876.05158449075,1120.0,6,14,2660.0
20295.0,25876.751739296706,1120.0,6,14,2660.0
20296.0,25877.601887901244,1120.0,6,14,2660.0
20297.0,25878.602032364106,1120.0,6,14,2660.0
20298.0,25879.75217386272,1120.0,6,14,2660.0
20299.0,25881.05231313312,1120.0,6,14,2660.0
20300.0,25882.502450666085,1120.0,6,14,2660.0
20301.0,25884.10258680519,1120.0,6,14,2660.0
20302.0,25885.852721800307,1120.0,6,14,2660.0
20303.0,25887.75285583885,1120.0,6,14,2660.0
20304.0,25889.802989064974,1120.0,6,14,2660.0
20305.0,25892.003121591937,1120.0,6,14,2660.0
20306.0,25894.35325351033,1120.0,6,14,2660.0
20307.0,25896.853384893737,1120.0,6,14,2660.0
20308.0,25899.503515802768,1120.0,6,14,2660.0
20309.0,25902.30364628788,1120.0,6,14,2660.0
20310.0,25905.253776391583,1120.0,6,14,2660.0
20311.0,25908.253776391583,1120.0,6,14,2660.0
20312.0,25911.253776391583,1120.0,6,14,2660.0
20313.0,25914.253776391583,1120.0,6,14,2660.0
20314.0,25917.253776391583,1120.0,6,14,2660.0
20315.0,25920.253776391583,1120.0,6,14,2660.0
20316.0,25923.253776391583,1120.0,6,14,2660.0
20317.0,25926.253776391583,1120.0,6,14,2660.0
20318.0,25929.253776391583,1120.0,6,14,2660.0
20319.0,25932.253776391583,1120.0,6,14,2660.0
20320.0,25935.253776391583,1120.0,6,14,2660.0
20321.0,25938.253776391583,1120.0,6,14,2660.0
20322.0,25941.253776391583,1120.0,6,14,2660.0
20323.0,25944.253776391583,1120.0,6,14,2660.0
20324.0,25947.253776391583,1120.0,6,14,2660.0
20325.0,25950.253776391583,1120.0,6,14,2660.0
20326.0,25953.253776391583,1120.0,6,14,2660.0
20327.0,25956.253776391583,1120.0,6,14,2660.0
20328.0,25959.253776391583,1120.0,6,14,2660.0
20329.0,25962.253776391583,1120.0,6,14,2660.0
20330.0,25965.253776391583,1120.0,6,14,2660.0
20331.0,25968.253776391583,1120.0,6,14,2660.0
20332.0,25971.253776391583,1120.0,6,14,2660.0
20333.0,25974.253776391583,1120.0,6,14,2660.0
20334.0,25977.253776391583,1120.0,6,14,2660.0
20335.0,25980.253776391583,1120.0,6,14,2660.0
20336.0,25983.253776391583,1120.0,6,14,2660.0
20337.0,25986.253776391583,1120.0,6,14,2660.0
20338.0,25989.253776391583,1120.0,6,14,2660.0
20339.0,25992.253776391583,1120.0,6,14,2660.0
20340.0,25995.253776391583,1120.0,6,14,2660.0
20341.0,25998.253776391583,1120.0,6,14,2660.0
20342.0,26001.253776391583,1120.0,6,14,2660.0
20343.0,26004.253776391583,1120.0,6,14,2660.0
20344.0,26007.253776391583,1120.0,6,14,2660.0
20345.0,26010.253776391583,1120.0,6,14,2660.0
20346.0,26013.253776391583,1120.0,6,14,2660.0
20347.0,26016.253776391583,1120.0,6,14,2660.0
20348.0,26019.253776391583,1120.0,6,14,2660.0
20349.0,26022.253776391583,1120.0,6,14,2660.0
20350.0,26025.253776391583,1120.0,6,14,2660.0
20351.0,26028.253776391583,1120.0,6,14,2660.0
20352.0,26031.253776391583,1120.0,6,14,2660.0
20353.0,26034.253776391583,1120.0,6,14,2660.0
20354.0,26037.253776391583,1120.0,6,14,2660.0
20355.0,26040.253776391583,1120.0,6,14,2660.0
20356.0,26043.253776391583,1120.0,6,14,2660.0
20357.0,26046.253776391583,1120.0,6,14,2660.0
20358.0,26049.253776391583,1120.0,6,14,2660.0
20359.0,26052.253776391583,1120.0,6,14,2660.0
20360.0,26055.253776391583,1120.0,6,14,2660.0
20361.0,26058.253776391583,1120.0,6,14,2660.0
20362.0,26061.253776391583,1120.0,6,14,2660.0
20363.0,26064.253776391583,1120.0,6,14,2660.0
20364.0,26067.253776391583,1120.0,6,14,2660.0
20365.0,26070.253776391583,1120.0,6,14,2660.0
20366.0,26073.253776391583,1120.0,6,14,2660.0
20367.0,26076.253776391583,1120.0,6,14,2660.0
20368.0,26079.253776391583,1120.0,6,14,2660.0
20369.0,26082.253776391583,1120.0,6,14,2660.0
20370.0,26083.40377639158,1120.0,6,14,2660.0
20371.0,26083.74348350161,1120.0,6,14,2660.0
20372.0,26084.279845128993,1120.0,6,14,2660.0
20373.0,26085.014618999932,1120.0,6,14,2660.0
20374.0,26085.948473731125,1120.0,6,14,2660.0
20375.0,26087.08173059151,1120.0,6,14,2660.0
20376.0,26088.414567825115,1120.0,6,14,2660.0
20377.0,26089.947094373627,1120.0,6,14,2660.0
20378.0,26091.679381612976,1120.0,6,14,2660.0
20379.0,26093.611478817475,1120.0,6,14,2660.0
20380.0,26095.74342141933,1120.0,6,14,2660.0
20381.0,26098.075235743665,1120.0,6,14,2660.0
20382.0,26100.60694188023,1120.0,6,14,2660.0
20383.0,26103.338555506787,1120.0,6,14,2660.0
20384.0,26106.270089091857,1120.0,6,14,2660.0
20385.0,26109.401552713993,1120.0,6,14,2660.0
20386.0,26112.732954635427,1120.0,6,14,2660.0
20387.0,26116.264301713447,1120.0,6,14,2660.0
20388.0,26119.99559970155,1120.0,6,14,2660.0
20389.0,26123.926853474055,1120.0,6,14,2660.0
20390.0,26127.926853474055,1120.0,6,14,2660.0
20391.0,26131.926853474055,1120.0,6,14,2660.0
20392.0,26135.926853474055,1120.0,6,14,2660.0
20393.0,26139.926853474055,1120.0,6,14,2660.0
20394.0,26143.926853474055,1120.0,6,14,2660.0
20395.0,26147.926853474055,1120.0,6,14,2660.0
20396.0,26151.926853474055,1120.0,6,14,2660.0
20397.0,26155.926853474055,1120.0,6,14,2660.0
20398.0,26159.926853474055,1120.0,6,14,2660.0
20399.0,26163.926853474055,1120.0,6,14,2660.0
20400.0,26167.926853474055,1120.0,6,14,2660.0
20401.0,26171.926853474055,1120.0,6,14,2660.0
20402.0,26175.926853474055,1120.0,6,14,2660.0
20403.0,26178.076853474053,1120.0,6,14,2660.0
20404.0,26178.419105564342,1120.0,6,14,2660.0
20405.0,26178.997017385376,1120.0,6,14,2660.0
20406.0,26179.820932832863,1120.0,6,14,2660.0
20407.0,26180.89309437862,1120.0,6,14,2660.0
20408.0,26182.214281925397,1120.0,6,14,2660.0
20409.0,26183.78485176287,1120.0,6,14,2660.0
20410.0,26185.60499534924,1120.0,6,14,2660.0
20411.0,26187.674827158797,1120.0,6,14,2660.0
20412.0,26189.9944209993,1120.0,6,14,2660.0
20413.0,26192.563827205453,1120.0,6,14,2660.0
20414.0,26195.383081625783,1120.0,6,14,2660.0
20415.0,26198.452210688873,1120.0,6,14,2660.0
20416.0,26201.771234434815,1120.0,6,14,2660.0
20417.0,26205.340168418974,1120.0,6,14,2660.0
20418.0,26209.159024956214,1120.0,6,14,2660.0
20419.0,26213.227813961865,1120.0,6,14,2660.0
20420.0,26217.546543536617,1120.0,6,14,2660.0
20421.0,26222.11522038353,1120.0,6,14,2660.0
20422.0,26226.933850111793,1120.0,6,14,2660.0
20423.0,26231.90243746225,1120.0,6,14,2660.0
20424.0,26236.90243746225,1120.0,6,14,2660.0
20425.0,26241.90243746225,1120.0,6,14,2660.0
20426.0,26246.90243746225,1120.0,6,14,2660.0
20427.0,26251.90243746225,1120.0,6,14,2660.0
20428.0,26256.90243746225,1120.0,6,14,2660.0
20429.0,26261.90243746225,1120.0,6,14,2660.0
20430.0,26266.90243746225,1120.0,6,14,2660.0
20431.0,26271.90243746225,1120.0,6,14,2660.0
20432.0,26276.90243746225,1120.0,6,14,2660.0
20433.0,26281.90243746225,1120.0,6,14,2660.0
20434.0,26286.90243746225,1120.0,6,14,2660.0
20435.0,26291.90243746225,1120.0,6,14,2660.0
20436.0,26296.90243746225,1120.0,6,14,2660.0
20437.0,26301.90243746225,1120.0,6,14,2660.0
20438.0,26306.90243746225,1120.0,6,14,2660.0
20439.0,26308.15243746225,1120.0,6,14,2660.0
20440.0,26308.6085606776,1120.0,6,14,2660.0
20441.0,26309.359304960282,1120.0,6,14,2660.0
20442.0,26310.409865714922,1120.0,6,14,2660.0
20443.0,26311.760364695696,1120.0,6,14,2660.0
20444.0,26313.4108326875,1120.0,6,14,2660.0
20445.0,26315.36128204954,1120.0,6,14,2660.0
20446.0,26317.611718972763,1120.0,6,14,2660.0
20447.0,26320.162146998744,1120.0,6,14,2660.0
20448.0,26323.012568342598,1120.0,6,14,2660.0
20449.0,26326.162984481838,1120.0,6,14,2660.0
20450.0,26329.61339645113,1120.0,6,14,2660.0
20451.0,26333.363805003184,1120.0,6,14,2660.0
20452.0,26337.414210702653,1120.0,6,14,2660.0
20453.0,26341.764613983963,1120.0,6,14,2660.0
20454.0,26346.415015188508,1120.0,6,14,2660.0
20455.0,26351.365414589418,1120.0,6,14,2660.0
20456.0,26356.615812408643,1120.0,6,14,2660.0
20457.0,26362.166208828963,1120.0,6,14,2660.0
20458.0,26368.016604002696,1120.0,6,14,2660.0
20459.0,26373.96699805812,1120.0,6,14,2660.0
20460.0,26379.96699805812,1120.0,6,14,2660.0
20461.0,26385.96699805812,1120.0,6,14,2660.0
20462.0,26391.96699805812,1120.0,6,14,2660.0
20463.0,26397.96699805812,1120.0,6,14,2660.0
20464.0,26403.96699805812,1120.0,6,14,2660.0
20465.0,26409.96699805812,1120.0,6,14,2660.0
20466.0,26415.96699805812,1120.0,6,14,2660.0
20467.0,26421.96699805812,1120.0,6,14,2660.0
20468.0,26427.96699805812,1120.0,6,14,2660.0
20469.0,26433.96699805812,1120.0,6,14,2660.0
20470.0,26439.96699805812,1120.0,6,14,2660.0
20471.0,26445.96699805812,1120.0,6,14,2660.0
20472.0,26451.96699805812,1120.0,6,14,2660.0
20473.0,26457.96699805812,1120.0,6,14,2660.0
20474.0,26463.96699805812,1120.0,6,14,2660.0
20475.0,26469.96699805812,1120.0,6,14,2660.0
20476.0,26475.96699805812,1120.0,6,14,2660.0
20477.0,26481.96699805812,1120.0,6,14,2660.0
20478.0,26487.96699805812,1120.0,6,14,2660.0
20479.0,26493.96699805812,1120.0,6,14,2660.0
20480.0,26499.96699805812,1120.0,6,14,2660.0
20481.0,26505.96699805812,1120.0,6,14,2660.0
20482.0,26511.96699805812,1120.0,6,14,2660.0
20483.0,26517.96699805812,1120.0,6,14,2660.0
20484.0,26523.96699805812,1120.0,6,14,2660.0
20485.0,26529.96699805812,1120.0,6,14,2660.0
20486.0,26535.96699805812,1120.0,6,14,2660.0
20487.0,26541.96699805812,1120.0,6,14,2660.0
20488.0,26547.96699805812,1120.0,6,14,2660.0
20489.0,26553.96699805812,1120.0,6,14,2660.0
20490.0,26559.96699805812,1120.0,6,14,2660.0
20491.0,26565.96699805812,1120.0,6,14,2660.0
20492.0,26571.96699805812,1120.0,6,14,2660.0
20493.0,26577.96699805812,1120.0,6,14,2660.0
20494.0,26583.96699805812,1120.0,6,14,2660.0
20495.0,26589.96699805812,1120.0,6,14,2660.0
20496.0,26595.96699805812,1120.0,6,14,2660.0
20497.0,26601.96699805812,1120.0,6,14,2660.0
20498.0,26607.96699805812,1120.0,6,14,2660.0
20499.0,26613.96699805812,1120.0,6,14,2660.0
20500.0,26619.96699805812,1120.0,6,14,2660.0
20501.0,26625.96699805812,1120.0,6,14,2660.0
20502.0,26631.96699805812,1120.0,6,14,2660.0
20503.0,26637.96699805812,1120.0,6,14,2660.0
20504.0,26643.96699805812,1120.0,6,14,2660.0
20505.0,26649.96699805812,1120.0,6,14,2660.0
20506.0,26655.96699805812,1120.0,6,14,2660.0
20507.0,26661.96699805812,1120.0,6,14,2660.0
20508.0,26667.96699805812,1120.0,6,14,2660.0
20509.0,26673.96699805812,1120.0,6,14,2660.0
20510.0,26679.96699805812,1120.0,6,14,2660.0
20511.0,26685.96699805812,1120.0,6,14,2660.0
20512.0,26691.96699805812,1120.0,6,14,2660.0
20513.0,26697.96699805812,1120.0,6,14,2660.0
20514.0,26703.96699805812,1120.0,6,14,2660.0
20515.0,26709.96699805812,1120.0,6,14,2660.0
20516.0,26715.96699805812,1120.0,6,14,2660.0
20517.0,26720.96699805812,1120.0,6,14,2660.0
20518.0,26725.96699805812,1120.0,6,14,2660.0
20519.0,26730.96699805812,1120.0,6,14,2660.0
20520.0,26735.96699805812,1120.0,6,14,2660.0
20521.0,26740.96699805812,1120.0,6,14,2660.0
20522.0,26745.96699805812,1120.0,6,14,2660.0
20523.0,26750.96699805812,1120.0,6,14,2660.0
20524.0,26755.96699805812,1120.0,6,14,2660.0
20525.0,26760.96699805812,1120.0,6,14,2660.0
20526.0,26765.96699805812,1120.0,6,14,2660.0
20527.0,26770.96699805812,1120.0,6,14,2660.0
20528.0,26775.96699805812,1120.0,6,14,2660.0
20529.0,26780.96699805812,1120.0,6,14,2660.0
20530.0,26785.96699805812,1120.0,6,14,2660.0
20531.0,26790.96699805812,1120.0,6,14,2660.0
20532.0,26795.96699805812,1120.0,6,14,2660.0
20533.0,26800.96699805812,1120.0,6,14,2660.0
20534.0,26805.96699805812,1120.0,6,14,2660.0
20535.0,26810.96699805812,1120.0,6,14,2660.0
20536.0,26815.96699805812,1120.0,6,14,2660.0
20537.0,26820.96699805812,1120.0,6,14,2660.0
20538.0,26825.96699805812,1120.0,6,14,2660.0
20539.0,26830.96699805812,1120.0,6,14,2660.0
20540.0,26835.96699805812,1120.0,6,14,2660.0
20541.0,26840.96699805812,1120.0,6,14,2660.0
20542.0,26845.96699805812,1120.0,6,14,2660.0
20543.0,26850.96699805812,1120.0,6,14,2660.0
20544.0,26855.96699805812,1120.0,6,14,2660.0
20545.0,26860.96699805812,1120.0,6,14,2660.0
20546.0,26865.96699805812,1120.0,6,14,2660.0
20547.0,26870.96699805812,1120.0,6,14,2660.0
20548.0,26875.96699805812,1120.0,6,14,2660.0
20549.0,26880.96699805812,1120.0,6,14,2660.0
20550.0,26885.96699805812,1120.0,6,14,2660.0
20551.0,26890.96699805812,1120.0,6,14,2660.0
20552.0,26895.96699805812,1120.0,6,14,2660.0
20553.0,26900.96699805812,1120.0,6,14,2660.0
20554.0,26905.96699805812,1120.0,6,14,2660.0
20555.0,26910.96699805812,1120.0,6,14,2660.0
20556.0,26915.96699805812,1120.0,6,14,2660.0
20557.0,26920.96699805812,1120.0,6,14,2660.0
20558.0,26925.96699805812,1120.0,6,14,2660.0
20559.0,26930.96699805812,1120.0,6,14,2660.0
20560.0,26935.96699805812,1120.0,6,14,2660.0
20561.0,26940.96699805812,1120.0,6,14,2660.0
20562.0,26945.96699805812,1120.0,6,14,2660.0
20563.0,26950.96699805812,1120.0,6,14,2660.0
20564.0,26955.96699805812,1120.0,6,14,2660.0
20565.0,26960.96699805812,1120.0,6,14,2660.0
20566.0,26965.96699805812,1120.0,6,14,2660.0
20567.0,26970.96699805812,1120.0,6,14,2660.0
20568.0,26975.96699805812,1120.0,6,14,2660.0
20569.0,26980.96699805812,1120.0,6,14,2660.0
20570.0,26985.96699805812,1120.0,6,14,2660.0
20571.0,26990.96699805812,1120.0,6,14,2660.0
20572.0,26995.96699805812,1120.0,6,14,2660.0
20573.0,27000.96699805812,1120.0,6,14,2660.0
20574.0,27005.96699805812,1120.0,6,14,2660.0
20575.0,27010.96699805812,1120.0,6,14,2660.0
20576.0,27015.96699805812,1120.0,6,14,2660.0
20577.0,27020.96699805812,1120.0,6,14,2660.0
20578.0,27025.96699805812,1120.0,6,14,2660.0
20579.0,27030.96699805812,1120.0,6,14,2660.0
20580.0,27035.96699805812,1120.0,6,14,2660.0
20581.0,27040.96699805812,1120.0,6,14,2660.0
20582.0,27045.96699805812,1120.0,6,14,2660.0
20583.0,27050.96699805812,1120.0,6,14,2660.0
20584.0,27055.96699805812,1120.0,6,14,2660.0
20585.0,27060.96699805812,1120.0,6,14,2660.0
20586.0,27065.96699805812,1120.0,6,14,2660.0
20587.0,27070.96699805812,1120.0,6,14,2660.0
20588.0,27075.96699805812,1120.0,6,14,2660.0
20589.0,27080.96699805812,1120.0,6,14,2660.0
20590.0,27085.96699805812,1120.0,6,14,2660.0
20591.0,27090.96699805812,1120.0,6,14,2660.0
20592.0,27095.96699805812,1120.0,6,14,2660.0
20593.0,27100.96699805812,1120.0,6,14,2660.0
20594.0,27105.96699805812,1120.0,6,14,2660.0
20595.0,27110.96699805812,1120.0,6,14,2660.0
20596.0,27115.96699805812,1120.0,6,14,2660.0
20597.0,27120.96699805812,1120.0,6,14,2660.0
20598.0,27125.96699805812,1120.0,6,14,2660.0
20599.0,27130.96699805812,1120.0,6,14,2660.0
20600.0,27135.96699805812,1120.0,6,14,2660.0
20601.0,27140.96699805812,1120.0,6,14,2660.0
20602.0,27145.96699805812,1120.0,6,14,2660.0
20603.0,27149.9701576778,1120.0,6,14,2660.0
20604.0,27153.283580954238,1120.0,6,14,2660.0
20605.0,27155.04668209715,1120.0,6,14,2660.0
20606.0,27157.20989812897,1120.0,6,14,2660.0
20607.0,27159.773242165284,1120.0,6,14,2660.0
20608.0,27162.73672990364,1120.0,6,14,2660.0
20609.0,27166.074064066735,1120.0,6,14,2660.0
20610.0,27169.7561105465,1120.0,6,14,2660.0
20611.0,27173.783007785958,1120.0,6,14,2660.0
20612.0,27178.154899717676,1120.0,6,14,2660.0
20613.0,27182.87193876899,1120.0,6,14,2660.0
20614.0,27187.934290440768,1120.0,6,14,2660.0
20615.0,27193.34214057794,1120.0,6,14,2660.0
20616.0,27199.095707494012,1120.0,6,14,2660.0
20617.0,27205.195263430047,1120.0,6,14,2660.0
20618.0,27211.641175457582,1120.0,6,14,2660.0
20619.0,27218.433991223224,1120.0,6,14,2660.0
20620.0,27225.574642813484,1120.0,6,14,2660.0
20621.0,27233.06502186893,1120.0,6,14,2660.0
20622.0,27240.869551141936,1120.0,6,14,2660.0
20623.0,27248.92636998625,1120.0,6,14,2660.0
20624.0,27257.071789228663,1120.0,6,14,2660.0
20625.0,27265.23188817298,1120.0,6,14,2660.0
20626.0,27273.397080354192,1120.0,6,14,2660.0
20627.0,27281.56902829309,1120.0,6,14,2660.0
20628.0,27289.74970211156,1120.0,6,14,2660.0
20629.0,27297.940484272818,1120.0,6,14,2660.0
20630.0,27306.142488907924,1120.0,6,14,2660.0
20631.0,27314.35668704169,1120.0,6,14,2660.0
20632.0,27322.583963403893,1120.0,6,14,2660.0
20633.0,27330.82514518608,1120.0,6,14,2660.0
20634.0,27339.081017895816,1120.0,6,14,2660.0
20635.0,27347.352334723237,1120.0,6,14,2660.0
20636.0,27355.63982240516,1120.0,6,14,2660.0
20637.0,27363.94418508494,1120.0,6,14,2660.0
20638.0,27372.26610696881,1120.0,6,14,2660.0
20639.0,27380.606254228886,1120.0,6,14,2660.0
20640.0,27388.96527641779,1120.0,6,14,2660.0
20641.0,27397.34157880624,1120.0,6,14,2660.0
20642.0,27405.718054072142,1120.0,6,14,2660.0
20643.0,27414.09570671284,1120.0,6,14,2660.0
20644.0,27422.43543862743,1120.0,6,14,2660.0
20645.0,27430.72837590373,1120.0,6,14,2660.0
20646.0,27438.975454434505,1120.0,6,14,2660.0
20647.0,27447.177591394662,1120.0,6,14,2660.0
20648.0,27455.33568561562,1120.0,6,14,2660.0
20649.0,27463.450617952156,1120.0,6,14,2660.0
20650.0,27471.52325164196,1120.0,6,14,2660.0
20651.0,27479.55443265797,1120.0,6,14,2660.0
20652.0,27487.54499005366,1120.0,6,14,2660.0
20653.0,27495.495736301433,1120.0,6,14,2660.0
20654.0,27503.407467624253,1120.0,6,14,2660.0
20655.0,27511.280964320616,1120.0,6,14,2660.0
20656.0,27519.11699108305,1120.0,6,14,2660.0
20657.0,27526.916297310243,1120.0,6,14,2660.0
20658.0,27534.679617412887,1120.0,6,14,2660.0
20659.0,27542.407671113477,1120.0,6,14,2660.0
20660.0,27550.089174046767,1120.0,6,14,2660.0
20661.0,27557.717046921392,1120.0,6,14,2660.0
20662.0,27565.29236233853,1120.0,6,14,2660.0
20663.0,27572.816171447317,1120.0,6,14,2660.0
20664.0,27580.274832589716,1120.0,6,14,2660.0
20665.0,27587.66432050927,1120.0,6,14,2660.0
20666.0,27594.986018670428,1120.0,6,14,2660.0
20667.0,27602.241282868366,1120.0,6,14,2660.0
20668.0,27609.43144178234,1120.0,6,14,2660.0
20669.0,27616.55779751804,1120.0,6,14,2660.0
20670.0,27623.621626139025,1120.0,6,14,2660.0
20671.0,27630.62417818759,1120.0,6,14,2660.0
20672.0,27637.566679195184,1120.0,6,14,2660.0
20673.0,27644.450330182626,1120.0,6,14,2660.0
20674.0,27651.276308150318,1120.0,6,14,2660.0
20675.0,27658.04576655866,1120.0,6,14,2660.0
20676.0,27664.75983579883,1120.0,6,14,2660.0
20677.0,27671.4196236542,1120.0,6,14,2660.0
20678.0,27678.026215752463,1120.0,6,14,2660.0
20679.0,27684.580676008758,1120.0,6,14,2660.0
20680.0,27691.08404705993,1120.0,6,14,2660.0
20681.0,27697.53735069008,1120.0,6,14,2660.0
20682.0,27703.94158824762,1120.0,6,14,2660.0
20683.0,27710.297741054015,1120.0,6,14,2660.0
20684.0,27716.60677080428,1120.0,6,14,2660.0
20685.0,27722.86961995954,1120.0,6,14,2660.0
20686.0,27729.087212131697,1120.0,6,14,2660.0
20687.0,27735.260452460407,1120.0,6,14,2660.0
20688.0,27741.390227982545,1120.0,6,14,2660.0
20689.0,27747.477407994236,1120.0,6,14,2660.0
20690.0,27753.5228444057,1120.0,6,14,2660.0
20691.0,27759.527372088927,1120.0,6,14,2660.0
20692.0,27765.491809218496,1120.0,6,14,2660.0
20693.0,27771.416957605474,1120.0,6,14,2660.0
20694.0,27777.30360302471,1120.0,6,14,2660.0
20695.0,27783.15251553556,1120.0,6,14,2660.0
20696.0,27788.964449796196,1120.0,6,14,2660.0
20697.0,27794.740145371616,1120.0,6,14,2660.0
20698.0,27800.48032703553,1120.0,6,14,2660.0
20699.0,27806.185705066164,1120.0,6,14,2660.0
20700.0,27811.85697553619,1120.0,6,14,2660.0
20701.0,27817.494820596807,1120.0,6,14,2660.0
20702.0,27823.09990875622,1120.0,6,14,2660.0
20703.0,27828.672895152435,1120.0,6,14,2660.0
20704.0,27834.214421820736,1120.0,6,14,2660.0
20705.0,27839.725117955666,1120.0,6,14,2660.0
20706.0,27845.2056001679,1120.0,6,14,2660.0
20707.0,27850.65647273589,1120.0,6,14,2660.0
20708.0,27856.078327852512,1120.0,6,14,2660.0
20709.0,27861.471745866806,1120.0,6,14,2660.0
20710.0,27866.83729552082,1120.0,6,14,2660.0
20711.0,27872.17553418175,1120.0,6,14,2660.0
20712.0,27877.487008069464,1120.0,6,14,2660.0
20713.0,27882.77225247942,1120.0,6,14,2660.0
20714.0,27888.031792001173,1120.0,6,14,2660.0
20715.0,27893.266140732496,1120.0,6,14,2660.0
20716.0,27898.47580248919,1120.0,6,14,2660.0
20717.0,27903.661271010755,1120.0,6,14,2660.0
20718.0,27908.823030161882,1120.0,6,14,2660.0
20719.0,27913.96155412999,1120.0,6,14,2660.0
20720.0,27919.077307618736,1120.0,6,14,2660.0
20721.0,27924.170746037707,1120.0,6,14,2660.0
20722.0,27929.242315688298,1120.0,6,14,2660.0
20723.0,27934.292453945876,1120.0,6,14,2660.0
20724.0,27939.321589438307,1120.0,6,14,2660.0
20725.0,27944.330142220886,1120.0,6,14,2660.0
20726.0,27949.31852394781,1120.0,6,14,2660.0
20727.0,27954.287138040203,1120.0,6,14,2660.0
20728.0,27959.236379850747,1120.0,6,14,2660.0
20729.0,27964.166636825074,1120.0,6,14,2660.0
20730.0,27969.078288659915,1120.0,6,14,2660.0
20731.0,27973.971707458066,1120.0,6,14,2660.0
20732.0,27978.84725788025,1120.0,6,14,2660.0
20733.0,27983.705297293993,1120.0,6,14,2660.0
20734.0,27988.546175919455,1120.0,6,14,2660.0
20735.0,27993.370236972412,1120.0,6,14,2660.0
20736.0,27998.177816804313,1120.0,6,14,2660.0
20737.0,28002.96924503957,1120.0,6,14,2660.0
20738.0,28007.744844710123,1120.0,6,14,2660.0
20739.0,28012.485133589944,1120.0,6,14,2660.0
20740.0,28017.21061669217,1120.0,6,14,2660.0
20741.0,28021.92159013235,1120.0,6,14,2660.0
20742.0,28026.61834410372,1120.0,6,14,2660.0
20743.0,28031.301162995675,1120.0,6,14,2660.0
20744.0,28035.970325509785,1120.0,6,14,2660.0
20745.0,28040.62610477361,1120.0,6,14,2660.0
20746.0,28045.26876845216,1120.0,6,14,2660.0
20747.0,28049.898578857137,1120.0,6,14,2660.0
20748.0,28054.51102849642,1120.0,6,14,2660.0
20749.0,28059.091229142923,1120.0,6,14,2660.0
20750.0,28063.639825776496,1120.0,6,14,2660.0
20751.0,28068.157450477396,1120.0,6,14,2660.0
20752.0,28072.644722684276,1120.0,6,14,2660.0
20753.0,28076.202635432917,1120.0,6,14,2660.0
20754.0,28079.749389926586,1120.0,6,14,2660.0
20755.0,28083.285209330377,1120.0,6,14,2660.0
20756.0,28086.810312346097,1120.0,6,14,2660.0
20757.0,28090.3249133015,1120.0,6,14,2660.0
20758.0,28093.829222237793,1120.0,6,14,2660.0
20759.0,28097.323444995363,1120.0,6,14,2660.0
20760.0,28100.807783297783,1120.0,6,14,2660.0
20761.0,28104.282434834153,1120.0,6,14,2660.0
20762.0,28107.747593339795,1120.0,6,14,2660.0
20763.0,28111.203448675325,1120.0,6,14,2660.0
20764.0,28114.650186904146,1120.0,6,14,2660.0
20765.0,28118.087990368385,1120.0,6,14,2660.0
20766.0,28121.517037763344,1120.0,6,14,2660.0
20767.0,28124.937504210407,1120.0,6,14,2660.0
20768.0,28128.349561328523,1120.0,6,14,2660.0
20769.0,28131.753377304278,1120.0,6,14,2660.0
20770.0,28135.149116960518,1120.0,6,14,2660.0
20771.0,28138.534931593887,1120.0,6,14,2660.0
20772.0,28141.89302993459,1120.0,6,14,2660.0
20773.0,28145.223966308473,1120.0,6,14,2660.0
20774.0,28148.528283954885,1120.0,6,14,2660.0
20775.0,28151.806515248365,1120.0,6,14,2660.0
20776.0,28154.157078207656,1120.0,6,14,2660.0
20777.0,28156.50062990775,1120.0,6,14,2660.0
20778.0,28158.837310573854,1120.0,6,14,2660.0
20779.0,28161.16725762663,1120.0,6,14,2660.0
20780.0,28163.490605738352,1120.0,6,14,2660.0
20781.0,28165.807486887836,1120.0,6,14,2660.0
20782.0,28168.11803041433,1120.0,6,14,2660.0
20783.0,28170.422363070298,1120.0,6,14,2660.0
20784.0,28172.720609073145,1120.0,6,14,2660.0
20785.0,28175.01289015594,1120.0,6,14,2660.0
20786.0,28177.29932561707,1120.0,6,14,2660.0
20787.0,28179.580032368984,1120.0,6,14,2660.0
20788.0,28181.855124985857,1120.0,6,14,2660.0
20789.0,28184.124715750393,1120.0,6,14,2660.0
20790.0,28186.38891469964,1120.0,6,14,2660.0
20791.0,28188.647829669902,1120.0,6,14,2660.0
20792.0,28190.90156634076,1120.0,6,14,2660.0
20793.0,28193.15022827819,1120.0,6,14,2660.0
20794.0,28195.393916976882,1120.0,6,14,2660.0
20795.0,28197.632731901598,1120.0,6,14,2660.0
20796.0,28199.86677052782,1120.0,6,14,2660.0
20797.0,28202.096128381516,1120.0,6,14,2660.0
20798.0,28204.32089907814,1120.0,6,14,2660.0
20799.0,28206.54117436083,1120.0,6,14,2660.0
20800.0,28208.757044137867,1120.0,6,14,2660.0
20801.0,28210.968596519364,1120.0,6,14,2660.0
20802.0,28213.175917853227,1120.0,6,14,2660.0
20803.0,28215.379092760417,1120.0,6,14,2660.0
20804.0,28217.578204169462,1120.0,6,14,2660.0
20805.0,28219.773333350327,1120.0,6,14,2660.0
20806.0,28221.964559947573,1120.0,6,14,2660.0
20807.0,28224.15196201288,1120.0,6,14,2660.0
20808.0,28226.33561603687,1120.0,6,14,2660.0
20809.0,28228.515596980385,1120.0,6,14,2660.0
20810.0,28230.691978305033,1120.0,6,14,2660.0
20811.0,28232.844853993014,1120.0,6,14,2660.0
20812.0,28234.994672167242,1120.0,6,14,2660.0
20813.0,28236.141493977982,1120.0,6,14,2660.0
20814.0,28237.285379352506,1120.0,6,14,2660.0
20815.0,28238.42638701954,1120.0,6,14,2660.0
20816.0,28239.56457453323,1120.0,6,14,2660.0
20817.0,28239.69999829665,1120.0,6,14,2660.0
20818.0,28239.8327135848,1120.0,6,14,2660.0
20819.0,28239.942882621537,1120.0,6,14,2660.0
20820.0,28240.05084827754,1120.0,6,14,2660.0
20821.0,28240.156654620423,1120.0,6,14,2660.0
20822.0,28240.260344836446,1120.0,6,14,2660.0
20823.0,28240.361961248153,1120.0,6,14,2660.0
20824.0,28240.461545331622,1120.0,6,14,2660.0
20825.0,28240.55913773342,1120.0,6,14,2660.0
20826.0,28240.654778287186,1120.0,6,14,2660.0
20827.0,28240.74850602987,1120.0,6,14,2660.0
20828.0,28240.840359217706,1120.0,6,14,2660.0
20829.0,28240.930375341784,1120.0,6,14,2660.0
20830.0,28241.018591143384,1120.0,6,14,2660.0
20831.0,28241.105042628944,1120.0,6,14,2660.0
20832.0,28241.1897650848,1120.0,6,14,2660.0
20833.0,28241.272793091535,1120.0,6,14,2660.0
20834.0,28241.35416053814,1120.0,6,14,2660.0
20835.0,28241.41409039886,1120.0,6,14,2660.0
20836.0,28241.472821662366,1120.0,6,14,2660.0
20837.0,28241.530378300602,1120.0,6,14,2660.0
20838.0,28241.586783806077,1120.0,6,14,2660.0
20839.0,28241.642061201437,1120.0,6,14,2660.0
20840.0,28241.696233048893,1120.0,6,14,2660.0
20841.0,28241.749321459396,1120.0,6,14,2660.0
20842.0,28241.801348101693,1120.0,6,14,2660.0
20843.0,28241.85233421114,1120.0,6,14,2660.0
20844.0,28241.902300598405,1120.0,6,14,2660.0
20845.0,28241.951267657918,1120.0,6,14,2660.0
20846.0,28241.999255376246,1120.0,6,14,2660.0
20847.0,28242.046283340205,1120.0,6,14,2660.0
20848.0,28242.092370744882,1120.0,6,14,2660.0
20849.0,28242.13753640147,1120.0,6,14,2660.0
20850.0,28242.181798744925,1120.0,6,14,2660.0
20851.0,28242.225175841508,1120.0,6,14,2660.0
20852.0,28242.267685396164,1120.0,6,14,2660.0
20853.0,28242.309344759724,1120.0,6,14,2660.0
20854.0,28242.330554497585,1120.0,6,14,2660.0
20855.0,28242.351340040692,1120.0,6,14,2660.0
20856.0,28242.371709872932,1120.0,6,14,2660.0
20857.0,28242.371709872932,1123.0,6,14,2657.0
20858.0,28242.371709872932,1129.0,6,14,2651.0
20859.0,28242.371709872932,1135.0,6,14,2645.0
20860.0,28242.371709872932,1141.0,6,14,2639.0
20861.0,28242.371709872932,1147.0,6,14,2633.0
20862.0,28242.371709872932,1153.0,6,14,2627.0
20863.0,28242.371709872932,1159.0,6,14,2621.0
20864.0,28242.371709872932,1165.0,6,14,2615.0
20865.0,28242.371709872932,1171.0,6,14,2609.0
20866.0,28242.371709872932,1177.0,6,14,2603.0
20867.0,28242.371709872932,1183.0,6,14,2597.0
20868.0,28242.371709872932,1189.0,6,14,2591.0
20869.0,28242.371709872932,1195.0,6,14,2585.0
20870.0,28242.371709872932,1201.0,6,14,2579.0
20871.0,28242.371709872932,1207.0,6,14,2573.0
20872.0,28242.371709872932,1213.0,6,14,2567.0
20873.0,28242.371709872932,1219.0,6,14,2561.0
20874.0,28242.371709872932,1225.0,6,14,2555.0
20875.0,28242.371709872932,1231.0,6,14,2549.0
20876.0,28242.371709872932,1237.0,6,14,2543.0
20877.0,28242.371709872932,1243.0,6,14,2537.0
20878.0,28242.371709872932,1249.0,6,14,2531.0
20879.0,28242.371709872932,1255.0,6,14,2525.0
20880.0,28242.371709872932,1261.0,6,14,2519.0
20881.0,28242.371709872932,1267.0,6,14,2513.0
20882.0,28242.371709872932,1273.0,6,14,2507.0
20883.0,28242.371709872932,1279.0,6,14,2501.0
20884.0,28242.371709872932,1285.0,6,14,2495.0
20885.0,28242.371709872932,1291.0,6,14,2489.0
20886.0,28242.371709872932,1297.0,6,14,2483.0
20887.0,28242.371709872932,1303.0,6,14,2477.0
20888.0,28242.371709872932,1309.0,6,14,2471.0
20889.0,28242.371709872932,1315.0,6,14,2465.0
20890.0,28242.371709872932,1321.0,6,14,2459.0
20891.0,28242.371709872932,1327.0,6,14,2453.0
20892.0,28242.521709872934,1330.0,7,13,2450.0
20893.0,28242.971709872934,1330.0,7,13,2450.0
20894.0,28243.72170987293,1330.0,7,13,2450.0
20895.0,28244.77170987293,1330.0,7,13,2450.0
20896.0,28246.121709872932,1330.0,7,13,2450.0
20897.0,28247.771709872934,1330.0,7,13,2450.0
20898.0,28249.721709872934,1330.0,7,13,2450.0
20899.0,28251.97170987293,1330.0,7,13,2450.0
20900.0,28254.52170987293,1330.0,7,13,2450.0
20901.0,28257.371709872932,1330.0,7,13,2450.0
20902.0,28260.521709872934,1330.0,7,13,2450.0
20903.0,28263.971709872934,1330.0,7,13,2450.0
20904.0,28267.72170987293,1330.0,7,13,2450.0
20905.0,28271.77170987293,1330.0,7,13,2450.0
20906.0,28276.121709872932,1330.0,7,13,2450.0
20907.0,28280.771709872934,1330.0,7,13,2450.0
20908.0,28285.721709872934,1330.0,7,13,2450.0
20909.0,28290.97170987293,1330.0,7,13,2450.0
20910.0,28296.52170987293,1330.0,7,13,2450.0
20911.0,28302.371709872932,1330.0,7,13,2450.0
20912.0,28308.371709872932,1330.0,7,13,2450.0
20913.0,28314.371709872932,1330.0,7,13,2450.0
20914.0,28320.371709872932,1330.0,7,13,2450.0
20915.0,28326.371709872932,1330.0,7,13,2450.0
20916.0,28332.371709872932,1330.0,7,13,2450.0
20917.0,28338.371709872932,1330.0,7,13,2450.0
20918.0,28344.371709872932,1330.0,7,13,2450.0
20919.0,28350.371709872932,1330.0,7,13,2450.0
20920.0,28356.371709872932,1330.0,7,13,2450.0
20921.0,28362.371709872932,1330.0,7,13,2450.0
20922.0,28368.371709872932,1330.0,7,13,2450.0
20923.0,28374.371709872932,1330.0,7,13,2450.0
20924.0,28380.371709872932,1330.0,7,13,2450.0
20925.0,28386.371709872932,1330.0,7,13,2450.0
20926.0,28392.371709872932,1330.0,7,13,2450.0
20927.0,28398.371709872932,1330.0,7,13,2450.0
20928.0,28404.371709872932,1330.0,7,13,2450.0
20929.0,28410.371709872932,1330.0,7,13,2450.0
20930.0,28416.371709872932,1330.0,7,13,2450.0
20931.0,28422.371709872932,1330.0,7,13,2450.0
20932.0,28428.371709872932,1330.0,7,13,2450.0
20933.0,28434.371709872932,1330.0,7,13,2450.0
20934.0,28440.371709872932,1330.0,7,13,2450.0
20935.0,28446.371709872932,1330.0,7,13,2450.0
20936.0,28452.371709872932,1330.0,7,13,2450.0
20937.0,28458.371709872932,1330.0,7,13,2450.0
20938.0,28464.371709872932,1330.0,7,13,2450.0
20939.0,28470.371709872932,1330.0,7,13,2450.0
20940.0,28476.371709872932,1330.0,7,13,2450.0
20941.0,28482.371709872932,1330.0,7,13,2450.0
20942.0,28488.371709872932,1330.0,7,13,2450.0
20943.0,28494.371709872932,1330.0,7,13,2450.0
20944.0,28500.371709872932,1330.0,7,13,2450.0
20945.0,28506.371709872932,1330.0,7,13,2450.0
20946.0,28512.371709872932,1330.0,7,13,2450.0
20947.0,28518.371709872932,1330.0,7,13,2450.0
20948.0,28524.371709872932,1330.0,7,13,2450.0
20949.0,28530.371709872932,1330.0,7,13,2450.0
20950.0,28536.371709872932,1330.0,7,13,2450.0
20951.0,28542.371709872932,1330.0,7,13,2450.0
20952.0,28548.371709872932,1330.0,7,13,2450.0
20953.0,28554.371709872932,1330.0,7,13,2450.0
20954.0,28560.371709872932,1330.0,7,13,2450.0
20955.0,28566.371709872932,1330.0,7,13,2450.0
20956.0,28572.371709872932,1330.0,7,13,2450.0
20957.0,28578.371709872932,1330.0,7,13,2450.0
20958.0,28584.371709872932,1330.0,7,13,2450.0
20959.0,28590.371709872932,1330.0,7,13,2450.0
20960.0,28596.371709872932,1330.0,7,13,2450.0
20961.0,28602.371709872932,1330.0,7,13,2450.0
20962.0,28608.371709872932,1330.0,7,13,2450.0
20963.0,28614.371709872932,1330.0,7,13,2450.0
20964.0,28620.371709872932,1330.0,7,13,2450.0
20965.0,28626.371709872932,1330.0,7,13,2450.0
20966.0,28632.371709872932,1330.0,7,13,2450.0
20967.0,28638.371709872932,1330.0,7,13,2450.0
20968.0,28644.371709872932,1330.0,7,13,2450.0
20969.0,28650.371709872932,1330.0,7,13,2450.0
20970.0,28656.371709872932,1330.0,7,13,2450.0
20971.0,28662.371709872932,1330.0,7,13,2450.0
20972.0,28668.371709872932,1330.0,7,13,2450.0
20973.0,28674.371709872932,1330.0,7,13,2450.0
20974.0,28680.371709872932,1330.0,7,13,2450.0
20975.0,28686.371709872932,1330.0,7,13,2450.0
20976.0,28692.371709872932,1330.0,7,13,2450.0
20977.0,28698.371709872932,1330.0,7,13,2450.0
20978.0,28704.371709872932,1330.0,7,13,2450.0
20979.0,28710.371709872932,1330.0,7,13,2450.0
20980.0,28716.371709872932,1330.0,7,13,2450.0
20981.0,28722.371709872932,1330.0,7,13,2450.0
20982.0,28728.371709872932,1330.0,7,13,2450.0
20983.0,28734.371709872932,1330.0,7,13,2450.0
20984.0,28740.371709872932,1330.0,7,13,2450.0
20985.0,28746.371709872932,1330.0,7,13,2450.0
20986.0,28752.371709872932,1330.0,7,13,2450.0
20987.0,28758.371709872932,1330.0,7,13,2450.0
20988.0,28764.371709872932,1330.0,7,13,2450.0
20989.0,28770.371709872932,1330.0,7,13,2450.0
20990.0,28776.371709872932,1330.0,7,13,2450.0
20991.0,28782.371709872932,1330.0,7,13,2450.0
20992.0,28788.371709872932,1330.0,7,13,2450.0
20993.0,28794.371709872932,1330.0,7,13,2450.0
20994.0,28800.371709872932,1330.0,7,13,2450.0
20995.0,28806.371709872932,1330.0,7,13,2450.0
20996.0,28812.371709872932,1330.0,7,13,2450.0
20997.0,28818.371709872932,1330.0,7,13,2450.0
20998.0,28824.371709872932,1330.0,7,13,2450.0
20999.0,28830.371709872932,1330.0,7,13,2450.0
21000.0,28836.371709872932,1330.0,7,13,2450.0
21001.0,28842.371709872932,1330.0,7,13,2450.0
21002.0,28848.371709872932,1330.0,7,13,2450.0
21003.0,28854.371709872932,1330.0,7,13,2450.0
21004.0,28860.371709872932,1330.0,7,13,2450.0
21005.0,28866.371709872932,1330.0,7,13,2450.0
21006.0,28872.371709872932,1330.0,7,13,2450.0
21007.0,28878.371709872932,1330.0,7,13,2450.0
21008.0,28884.371709872932,1330.0,7,13,2450.0
21009.0,28890.371709872932,1330.0,7,13,2450.0
21010.0,28896.371709872932,1330.0,7,13,2450.0
21011.0,28902.371709872932,1330.0,7,13,2450.0
21012.0,28908.371709872932,1330.0,7,13,2450.0
21013.0,28914.371709872932,1330.0,7,13,2450.0
21014.0,28920.371709872932,1330.0,7,13,2450.0
21015.0,28926.371709872932,1330.0,7,13,2450.0
21016.0,28932.371709872932,1330.0,7,13,2450.0
21017.0,28938.371709872932,1330.0,7,13,2450.0
21018.0,28944.371709872932,1330.0,7,13,2450.0
21019.0,28950.371709872932,1330.0,7,13,2450.0
21020.0,28956.371709872932,1330.0,7,13,2450.0
21021.0,28962.371709872932,1330.0,7,13,2450.0
21022.0,28968.371709872932,1330.0,7,13,2450.0
21023.0,28974.371709872932,1330.0,7,13,2450.0
21024.0,28980.371709872932,1330.0,7,13,2450.0
21025.0,28986.371709872932,1330.0,7,13,2450.0
21026.0,28992.371709872932,1330.0,7,13,2450.0
21027.0,28998.371709872932,1330.0,7,13,2450.0
21028.0,29004.371709872932,1330.0,7,13,2450.0
21029.0,29010.371709872932,1330.0,7,13,2450.0
21030.0,29016.371709872932,1330.0,7,13,2450.0
21031.0,29022.371709872932,1330.0,7,13,2450.0
21032.0,29028.371709872932,1330.0,7,13,2450.0
21033.0,29034.371709872932,1330.0,7,13,2450.0
21034.0,29040.371709872932,1330.0,7,13,2450.0
21035.0,29046.371709872932,1330.0,7,13,2450.0
21036.0,29052.371709872932,1330.0,7,13,2450.0
21037.0,29058.371709872932,1330.0,7,13,2450.0
21038.0,29064.371709872932,1330.0,7,13,2450.0
21039.0,29070.371709872932,1330.0,7,13,2450.0
21040.0,29076.371709872932,1330.0,7,13,2450.0
21041.0,29082.371709872932,1330.0,7,13,2450.0
21042.0,29088.371709872932,1330.0,7,13,2450.0
21043.0,29094.371709872932,1330.0,7,13,2450.0
21044.0,29100.371709872932,1330.0,7,13,2450.0
21045.0,29106.371709872932,1330.0,7,13,2450.0
21046.0,29112.371709872932,1330.0,7,13,2450.0
21047.0,29118.371709872932,1330.0,7,13,2450.0
21048.0,29124.371709872932,1330.0,7,13,2450.0
21049.0,29130.371709872932,1330.0,7,13,2450.0
21050.0,29136.371709872932,1330.0,7,13,2450.0
21051.0,29142.371709872932,1330.0,7,13,2450.0
21052.0,29148.371709872932,1330.0,7,13,2450.0
21053.0,29154.371709872932,1330.0,7,13,2450.0
21054.0,29160.371709872932,1330.0,7,13,2450.0
21055.0,29166.371709872932,1330.0,7,13,2450.0
21056.0,29172.371709872932,1330.0,7,13,2450.0
21057.0,29178.371709872932,1330.0,7,13,2450.0
21058.0,29184.371709872932,1330.0,7,13,2450.0
21059.0,29190.371709872932,1330.0,7,13,2450.0
21060.0,29196.371709872932,1330.0,7,13,2450.0
21061.0,29202.371709872932,1330.0,7,13,2450.0
21062.0,29208.371709872932,1330.0,7,13,2450.0
21063.0,29214.371709872932,1330.0,7,13,2450.0
21064.0,29220.371709872932,1330.0,7,13,2450.0
21065.0,29226.371709872932,1330.0,7,13,2450.0
21066.0,29232.371709872932,1330.0,7,13,2450.0
21067.0,29238.371709872932,1330.0,7,13,2450.0
21068.0,29244.371709872932,1330.0,7,13,2450.0
21069.0,29250.371709872932,1330.0,7,13,2450.0
21070.0,29256.371709872932,1330.0,7,13,2450.0
21071.0,29262.371709872932,1330.0,7,13,2450.0
21072.0,29268.371709872932,1330.0,7,13,2450.0
21073.0,29274.371709872932,1330.0,7,13,2450.0
21074.0,29280.371709872932,1330.0,7,13,2450.0
21075.0,29286.371709872932,1330.0,7,13,2450.0
21076.0,29292.371709872932,1330.0,7,13,2450.0
21077.0,29298.371709872932,1330.0,7,13,2450.0
21078.0,29304.371709872932,1330.0,7,13,2450.0
21079.0,29310.371709872932,1330.0,7,13,2450.0
21080.0,29316.371709872932,1330.0,7,13,2450.0
21081.0,29322.371709872932,1330.0,7,13,2450.0
21082.0,29328.371709872932,1330.0,7,13,2450.0
21083.0,29334.371709872932,1330.0,7,13,2450.0
21084.0,29340.371709872932,1330.0,7,13,2450.0
21085.0,29346.371709872932,1330.0,7,13,2450.0
21086.0,29352.371709872932,1330.0,7,13,2450.0
21087.0,29358.371709872932,1330.0,7,13,2450.0
21088.0,29364.371709872932,1330.0,7,13,2450.0
21089.0,29370.371709872932,1330.0,7,13,2450.0
21090.0,29376.371709872932,1330.0,7,13,2450.0
21091.0,29382.371709872932,1330.0,7,13,2450.0
21092.0,29388.371709872932,1330.0,7,13,2450.0
21093.0,29394.371709872932,1330.0,7,13,2450.0
21094.0,29400.371709872932,1330.0,7,13,2450.0
21095.0,29406.371709872932,1330.0,7,13,2450.0
21096.0,29412.371709872932,1330.0,7,13,2450.0
21097.0,29418.371709872932,1330.0,7,13,2450.0
21098.0,29424.371709872932,1330.0,7,13,2450.0
21099.0,29430.371709872932,1330.0,7,13,2450.0
21100.0,29436.371709872932,1330.0,7,13,2450.0
21101.0,29442.371709872932,1330.0,7,13,2450.0
21102.0,29448.371709872932,1330.0,7,13,2450.0
21103.0,29454.371709872932,1330.0,7,13,2450.0
21104.0,29460.371709872932,1330.0,7,13,2450.0
21105.0,29466.371709872932,1330.0,7,13,2450.0
21106.0,29472.371709872932,1330.0,7,13,2450.0
21107.0,29478.371709872932,1330.0,7,13,2450.0
21108.0,29484.371709872932,1330.0,7,13,2450.0
21109.0,29490.371709872932,1330.0,7,13,2450.0
21110.0,29496.371709872932,1330.0,7,13,2450.0
21111.0,29502.371709872932,1330.0,7,13,2450.0
21112.0,29508.371709872932,1330.0,7,13,2450.0
21113.0,29514.371709872932,1330.0,7,13,2450.0
21114.0,29520.371709872932,1330.0,7,13,2450.0
21115.0,29526.371709872932,1330.0,7,13,2450.0
21116.0,29532.371709872932,1330.0,7,13,2450.0
21117.0,29538.371709872932,1330.0,7,13,2450.0
21118.0,29544.371709872932,1330.0,7,13,2450.0
21119.0,29550.371709872932,1330.0,7,13,2450.0
21120.0,29556.371709872932,1330.0,7,13,2450.0
21121.0,29562.371709872932,1330.0,7,13,2450.0
21122.0,29568.371709872932,1330.0,7,13,2450.0
21123.0,29574.371709872932,1330.0,7,13,2450.0
21124.0,29580.371709872932,1330.0,7,13,2450.0
21125.0,29586.371709872932,1330.0,7,13,2450.0
21126.0,29592.371709872932,1330.0,7,13,2450.0
21127.0,29598.371709872932,1330.0,7,13,2450.0
21128.0,29604.371709872932,1330.0,7,13,2450.0
21129.0,29610.371709872932,1330.0,7,13,2450.0
21130.0,29616.371709872932,1330.0,7,13,2450.0
21131.0,29622.371709872932,1330.0,7,13,2450.0
21132.0,29628.371709872932,1330.0,7,13,2450.0
21133.0,29634.371709872932,1330.0,7,13,2450.0
21134.0,29640.371709872932,1330.0,7,13,2450.0
21135.0,29646.371709872932,1330.0,7,13,2450.0
21136.0,29652.371709872932,1330.0,7,13,2450.0
21137.0,29658.371709872932,1330.0,7,13,2450.0
21138.0,29664.371709872932,1330.0,7,13,2450.0
21139.0,29670.371709872932,1330.0,7,13,2450.0
21140.0,29676.371709872932,1330.0,7,13,2450.0
21141.0,29682.371709872932,1330.0,7,13,2450.0
21142.0,29688.371709872932,1330.0,7,13,2450.0
21143.0,29694.371709872932,1330.0,7,13,2450.0
21144.0,29700.371709872932,1330.0,7,13,2450.0
21145.0,29706.371709872932,1330.0,7,13,2450.0
21146.0,29712.371709872932,1330.0,7,13,2450.0
21147.0,29718.371709872932,1330.0,7,13,2450.0
21148.0,29724.371709872932,1330.0,7,13,2450.0
21149.0,29730.371709872932,1330.0,7,13,2450.0
21150.0,29736.371709872932,1330.0,7,13,2450.0
21151.0,29742.371709872932,1330.0,7,13,2450.0
21152.0,29748.371709872932,1330.0,7,13,2450.0
21153.0,29754.371709872932,1330.0,7,13,2450.0
21154.0,29760.371709872932,1330.0,7,13,2450.0
21155.0,29766.371709872932,1330.0,7,13,2450.0
21156.0,29772.371709872932,1330.0,7,13,2450.0
21157.0,29778.371709872932,1330.0,7,13,2450.0
21158.0,29784.371709872932,1330.0,7,13,2450.0
21159.0,29790.371709872932,1330.0,7,13,2450.0
21160.0,29796.371709872932,1330.0,7,13,2450.0
21161.0,29802.371709872932,1330.0,7,13,2450.0
21162.0,29808.371709872932,1330.0,7,13,2450.0
21163.0,29814.371709872932,1330.0,7,13,2450.0
21164.0,29820.371709872932,1330.0,7,13,2450.0
21165.0,29826.371709872932,1330.0,7,13,2450.0
21166.0,29832.371709872932,1330.0,7,13,2450.0
21167.0,29838.371709872932,1330.0,7,13,2450.0
21168.0,29844.371709872932,1330.0,7,13,2450.0
21169.0,29850.371709872932,1330.0,7,13,2450.0
21170.0,29856.371709872932,1330.0,7,13,2450.0
21171.0,29862.371709872932,1330.0,7,13,2450.0
21172.0,29868.371709872932,1330.0,7,13,2450.0
21173.0,29874.371709872932,1330.0,7,13,2450.0
21174.0,29880.371709872932,1330.0,7,13,2450.0
21175.0,29886.371709872932,1330.0,7,13,2450.0
21176.0,29892.371709872932,1330.0,7,13,2450.0
21177.0,29898.371709872932,1330.0,7,13,2450.0
21178.0,29904.371709872932,1330.0,7,13,2450.0
21179.0,29910.371709872932,1330.0,7,13,2450.0
21180.0,29916.371709872932,1330.0,7,13,2450.0
21181.0,29922.371709872932,1330.0,7,13,2450.0
21182.0,29928.371709872932,1330.0,7,13,2450.0
21183.0,29934.371709872932,1330.0,7,13,2450.0
21184.0,29940.371709872932,1330.0,7,13,2450.0
21185.0,29946.371709872932,1330.0,7,13,2450.0
21186.0,29952.371709872932,1330.0,7,13,2450.0
21187.0,29958.371709872932,1330.0,7,13,2450.0
21188.0,29964.371709872932,1330.0,7,13,2450.0
21189.0,29970.371709872932,1330.0,7,13,2450.0
21190.0,29976.371709872932,1330.0,7,13,2450.0
21191.0,29982.371709872932,1330.0,7,13,2450.0
21192.0,29988.371709872932,1330.0,7,13,2450.0
21193.0,29994.371709872932,1330.0,7,13,2450.0
21194.0,30000.371709872932,1330.0,7,13,2450.0
21195.0,30006.371709872932,1330.0,7,13,2450.0
21196.0,30012.371709872932,1330.0,7,13,2450.0
21197.0,30018.371709872932,1330.0,7,13,2450.0
21198.0,30024.371709872932,1330.0,7,13,2450.0
21199.0,30030.371709872932,1330.0,7,13,2450.0
21200.0,30036.371709872932,1330.0,7,13,2450.0
21201.0,30042.371709872932,1330.0,7,13,2450.0
21202.0,30048.371709872932,1330.0,7,13,2450.0
21203.0,30054.371709872932,1330.0,7,13,2450.0
21204.0,30060.371709872932,1330.0,7,13,2450.0
21205.0,30066.371709872932,1330.0,7,13,2450.0
21206.0,30072.371709872932,1330.0,7,13,2450.0
21207.0,30078.371709872932,1330.0,7,13,2450.0
21208.0,30084.371709872932,1330.0,7,13,2450.0
21209.0,30090.371709872932,1330.0,7,13,2450.0
21210.0,30096.371709872932,1330.0,7,13,2450.0
21211.0,30102.371709872932,1330.0,7,13,2450.0
21212.0,30108.371709872932,1330.0,7,13,2450.0
21213.0,30114.371709872932,1330.0,7,13,2450.0
21214.0,30120.371709872932,1330.0,7,13,2450.0
21215.0,30126.371709872932,1330.0,7,13,2450.0
21216.0,30132.371709872932,1330.0,7,13,2450.0
21217.0,30138.371709872932,1330.0,7,13,2450.0
21218.0,30144.371709872932,1330.0,7,13,2450.0
21219.0,30150.371709872932,1330.0,7,13,2450.0
21220.0,30156.371709872932,1330.0,7,13,2450.0
21221.0,30162.371709872932,1330.0,7,13,2450.0
21222.0,30168.371709872932,1330.0,7,13,2450.0
21223.0,30174.371709872932,1330.0,7,13,2450.0
21224.0,30180.371709872932,1330.0,7,13,2450.0
21225.0,30186.371709872932,1330.0,7,13,2450.0
21226.0,30192.371709872932,1330.0,7,13,2450.0
21227.0,30198.371709872932,1330.0,7,13,2450.0
21228.0,30204.371709872932,1330.0,7,13,2450.0
21229.0,30210.371709872932,1330.0,7,13,2450.0
21230.0,30216.371709872932,1330.0,7,13,2450.0
21231.0,30222.371709872932,1330.0,7,13,2450.0
21232.0,30228.371709872932,1330.0,7,13,2450.0
21233.0,30234.371709872932,1330.0,7,13,2450.0
21234.0,30240.371709872932,1330.0,7,13,2450.0
21235.0,30246.371709872932,1330.0,7,13,2450.0
21236.0,30252.371709872932,1330.0,7,13,2450.0
21237.0,30258.371709872932,1330.0,7,13,2450.0
21238.0,30264.371709872932,1330.0,7,13,2450.0
21239.0,30270.371709872932,1330.0,7,13,2450.0
21240.0,30276.371709872932,1330.0,7,13,2450.0
21241.0,30282.371709872932,1330.0,7,13,2450.0
21242.0,30288.371709872932,1330.0,7,13,2450.0
21243.0,30294.371709872932,1330.0,7,13,2450.0
21244.0,30300.371709872932,1330.0,7,13,2450.0
21245.0,30306.371709872932,1330.0,7,13,2450.0
21246.0,30312.371709872932,1330.0,7,13,2450.0
21247.0,30318.371709872932,1330.0,7,13,2450.0
21248.0,30324.371709872932,1330.0,7,13,2450.0
21249.0,30330.371709872932,1330.0,7,13,2450.0
21250.0,30336.371709872932,1330.0,7,13,2450.0
21251.0,30342.371709872932,1330.0,7,13,2450.0
21252.0,30348.371709872932,1330.0,7,13,2450.0
21253.0,30354.371709872932,1330.0,7,13,2450.0
21254.0,30360.371709872932,1330.0,7,13,2450.0
21255.0,30366.371709872932,1330.0,7,13,2450.0
21256.0,30372.371709872932,1330.0,7,13,2450.0
21257.0,30378.371709872932,1330.0,7,13,2450.0
21258.0,30384.371709872932,1330.0,7,13,2450.0
21259.0,30390.371709872932,1330.0,7,13,2450.0
21260.0,30396.371709872932,1330.0,7,13,2450.0
21261.0,30402.371709872932,1330.0,7,13,2450.0
21262.0,30408.371709872932,1330.0,7,13,2450.0
21263.0,30414.371709872932,1330.0,7,13,2450.0
21264.0,30420.371709872932,1330.0,7,13,2450.0
21265.0,30426.371709872932,1330.0,7,13,2450.0
21266.0,30432.371709872932,1330.0,7,13,2450.0
21267.0,30438.371709872932,1330.0,7,13,2450.0
21268.0,30444.371709872932,1330.0,7,13,2450.0
21269.0,30450.371709872932,1330.0,7,13,2450.0
21270.0,30456.371709872932,1330.0,7,13,2450.0
21271.0,30462.371709872932,1330.0,7,13,2450.0
21272.0,30468.371709872932,1330.0,7,13,2450.0
21273.0,30474.371709872932,1330.0,7,13,2450.0
21274.0,30480.371709872932,1330.0,7,13,2450.0
21275.0,30486.371709872932,1330.0,7,13,2450.0
21276.0,30492.371709872932,1330.0,7,13,2450.0
21277.0,30498.371709872932,1330.0,7,13,2450.0
21278.0,30504.371709872932,1330.0,7,13,2450.0
21279.0,30510.371709872932,1330.0,7,13,2450.0
21280.0,30516.371709872932,1330.0,7,13,2450.0
21281.0,30522.371709872932,1330.0,7,13,2450.0
21282.0,30528.371709872932,1330.0,7,13,2450.0
21283.0,30534.371709872932,1330.0,7,13,2450.0
21284.0,30540.371709872932,1330.0,7,13,2450.0
21285.0,30546.371709872932,1330.0,7,13,2450.0
21286.0,30552.371709872932,1330.0,7,13,2450.0
21287.0,30558.371709872932,1330.0,7,13,2450.0
21288.0,30564.371709872932,1330.0,7,13,2450.0
21289.0,30570.371709872932,1330.0,7,13,2450.0
21290.0,30576.371709872932,1330.0,7,13,2450.0
21291.0,30582.371709872932,1330.0,7,13,2450.0
21292.0,30588.371709872932,1330.0,7,13,2450.0
21293.0,30594.371709872932,1330.0,7,13,2450.0
21294.0,30600.371709872932,1330.0,7,13,2450.0
21295.0,30606.371709872932,1330.0,7,13,2450.0
21296.0,30612.371709872932,1330.0,7,13,2450.0
21297.0,30618.371709872932,1330.0,7,13,2450.0
21298.0,30624.371709872932,1330.0,7,13,2450.0
21299.0,30630.371709872932,1330.0,7,13,2450.0
21300.0,30636.371709872932,1330.0,7,13,2450.0
21301.0,30642.371709872932,1330.0,7,13,2450.0
21302.0,30648.371709872932,1330.0,7,13,2450.0
21303.0,30654.371709872932,1330.0,7,13,2450.0
21304.0,30660.371709872932,1330.0,7,13,2450.0
21305.0,30666.371709872932,1330.0,7,13,2450.0
21306.0,30672.371709872932,1330.0,7,13,2450.0
21307.0,30678.371709872932,1330.0,7,13,2450.0
21308.0,30684.371709872932,1330.0,7,13,2450.0
21309.0,30690.371709872932,1330.0,7,13,2450.0
21310.0,30696.371709872932,1330.0,7,13,2450.0
21311.0,30702.371709872932,1330.0,7,13,2450.0
21312.0,30708.371709872932,1330.0,7,13,2450.0
21313.0,30714.371709872932,1330.0,7,13,2450.0
21314.0,30720.371709872932,1330.0,7,13,2450.0
21315.0,30726.371709872932,1330.0,7,13,2450.0
21316.0,30732.371709872932,1330.0,7,13,2450.0
21317.0,30738.371709872932,1330.0,7,13,2450.0
21318.0,30744.371709872932,1330.0,7,13,2450.0
21319.0,30750.371709872932,1330.0,7,13,2450.0
21320.0,30756.371709872932,1330.0,7,13,2450.0
21321.0,30762.371709872932,1330.0,7,13,2450.0
21322.0,30768.371709872932,1330.0,7,13,2450.0
21323.0,30774.371709872932,1330.0,7,13,2450.0
21324.0,30780.371709872932,1330.0,7,13,2450.0
21325.0,30786.371709872932,1330.0,7,13,2450.0
21326.0,30792.371709872932,1330.0,7,13,2450.0
21327.0,30798.371709872932,1330.0,7,13,2450.0
21328.0,30804.371709872932,1330.0,7,13,2450.0
21329.0,30810.371709872932,1330.0,7,13,2450.0
21330.0,30816.371709872932,1330.0,7,13,2450.0
21331.0,30822.371709872932,1330.0,7,13,2450.0
21332.0,30828.371709872932,1330.0,7,13,2450.0
21333.0,30834.371709872932,1330.0,7,13,2450.0
21334.0,30840.371709872932,1330.0,7,13,2450.0
21335.0,30846.371709872932,1330.0,7,13,2450.0
21336.0,30852.371709872932,1330.0,7,13,2450.0
21337.0,30858.371709872932,1330.0,7,13,2450.0
21338.0,30864.371709872932,1330.0,7,13,2450.0
21339.0,30870.371709872932,1330.0,7,13,2450.0
21340.0,30876.371709872932,1330.0,7,13,2450.0
21341.0,30882.371709872932,1330.0,7,13,2450.0
21342.0,30888.371709872932,1330.0,7,13,2450.0
21343.0,30894.371709872932,1330.0,7,13,2450.0
21344.0,30900.371709872932,1330.0,7,13,2450.0
21345.0,30906.371709872932,1330.0,7,13,2450.0
21346.0,30912.371709872932,1330.0,7,13,2450.0
21347.0,30918.371709872932,1330.0,7,13,2450.0
21348.0,30924.371709872932,1330.0,7,13,2450.0
21349.0,30930.371709872932,1330.0,7,13,2450.0
21350.0,30936.371709872932,1330.0,7,13,2450.0
21351.0,30942.371709872932,1330.0,7,13,2450.0
21352.0,30948.371709872932,1330.0,7,13,2450.0
21353.0,30954.371709872932,1330.0,7,13,2450.0
21354.0,30960.371709872932,1330.0,7,13,2450.0
21355.0,30966.371709872932,1330.0,7,13,2450.0
21356.0,30972.371709872932,1330.0,7,13,2450.0
21357.0,30978.371709872932,1330.0,7,13,2450.0
21358.0,30984.371709872932,1330.0,7,13,2450.0
21359.0,30990.371709872932,1330.0,7,13,2450.0
21360.0,30996.371709872932,1330.0,7,13,2450.0
21361.0,31002.371709872932,1330.0,7,13,2450.0
21362.0,31008.371709872932,1330.0,7,13,2450.0
21363.0,31014.371709872932,1330.0,7,13,2450.0
21364.0,31020.371709872932,1330.0,7,13,2450.0
21365.0,31026.371709872932,1330.0,7,13,2450.0
21366.0,31032.371709872932,1330.0,7,13,2450.0
21367.0,31038.371709872932,1330.0,7,13,2450.0
21368.0,31044.371709872932,1330.0,7,13,2450.0
21369.0,31050.371709872932,1330.0,7,13,2450.0
21370.0,31056.371709872932,1330.0,7,13,2450.0
21371.0,31062.371709872932,1330.0,7,13,2450.0
21372.0,31068.371709872932,1330.0,7,13,2450.0
21373.0,31074.371709872932,1330.0,7,13,2450.0
21374.0,31080.371709872932,1330.0,7,13,2450.0
21375.0,31086.371709872932,1330.0,7,13,2450.0
21376.0,31092.371709872932,1330.0,7,13,2450.0
21377.0,31098.371709872932,1330.0,7,13,2450.0
21378.0,31104.371709872932,1330.0,7,13,2450.0
21379.0,31110.371709872932,1330.0,7,13,2450.0
21380.0,31116.371709872932,1330.0,7,13,2450.0
21381.0,31122.371709872932,1330.0,7,13,2450.0
21382.0,31128.371709872932,1330.0,7,13,2450.0
21383.0,31134.371709872932,1330.0,7,13,2450.0
21384.0,31140.371709872932,1330.0,7,13,2450.0
21385.0,31146.371709872932,1330.0,7,13,2450.0
21386.0,31152.371709872932,1330.0,7,13,2450.0
21387.0,31158.371709872932,1330.0,7,13,2450.0
21388.0,31164.371709872932,1330.0,7,13,2450.0
21389.0,31170.371709872932,1330.0,7,13,2450.0
21390.0,31176.371709872932,1330.0,7,13,2450.0
21391.0,31182.371709872932,1330.0,7,13,2450.0
21392.0,31188.371709872932,1330.0,7,13,2450.0
21393.0,31194.371709872932,1330.0,7,13,2450.0
21394.0,31200.371709872932,1330.0,7,13,2450.0
21395.0,31206.371709872932,1330.0,7,13,2450.0
21396.0,31212.371709872932,1330.0,7,13,2450.0
21397.0,31218.371709872932,1330.0,7,13,2450.0
21398.0,31224.371709872932,1330.0,7,13,2450.0
21399.0,31230.371709872932,1330.0,7,13,2450.0
21400.0,31236.371709872932,1330.0,7,13,2450.0
21401.0,31242.371709872932,1330.0,7,13,2450.0
21402.0,31248.371709872932,1330.0,7,13,2450.0
21403.0,31254.371709872932,1330.0,7,13,2450.0
21404.0,31260.371709872932,1330.0,7,13,2450.0
21405.0,31266.371709872932,1330.0,7,13,2450.0
21406.0,31272.371709872932,1330.0,7,13,2450.0
21407.0,31278.371709872932,1330.0,7,13,2450.0
21408.0,31284.371709872932,1330.0,7,13,2450.0
21409.0,31290.371709872932,1330.0,7,13,2450.0
21410.0,31296.371709872932,1330.0,7,13,2450.0
21411.0,31302.371709872932,1330.0,7,13,2450.0
21412.0,31308.371709872932,1330.0,7,13,2450.0
21413.0,31314.371709872932,1330.0,7,13,2450.0
21414.0,31320.371709872932,1330.0,7,13,2450.0
21415.0,31326.371709872932,1330.0,7,13,2450.0
21416.0,31332.371709872932,1330.0,7,13,2450.0
21417.0,31338.371709872932,1330.0,7,13,2450.0
21418.0,31344.371709872932,1330.0,7,13,2450.0
21419.0,31350.371709872932,1330.0,7,13,2450.0
21420.0,31356.371709872932,1330.0,7,13,2450.0
21421.0,31362.371709872932,1330.0,7,13,2450.0
21422.0,31368.371709872932,1330.0,7,13,2450.0
21423.0,31374.371709872932,1330.0,7,13,2450.0
21424.0,31380.371709872932,1330.0,7,13,2450.0
21425.0,31386.371709872932,1330.0,7,13,2450.0
21426.0,31392.371709872932,1330.0,7,13,2450.0
21427.0,31398.371709872932,1330.0,7,13,2450.0
21428.0,31404.371709872932,1330.0,7,13,2450.0
21429.0,31410.371709872932,1330.0,7,13,2450.0
21430.0,31416.371709872932,1330.0,7,13,2450.0
21431.0,31422.371709872932,1330.0,7,13,2450.0
21432.0,31428.371709872932,1330.0,7,13,2450.0
21433.0,31434.371709872932,1330.0,7,13,2450.0
21434.0,31440.371709872932,1330.0,7,13,2450.0
21435.0,31446.371709872932,1330.0,7,13,2450.0
21436.0,31452.371709872932,1330.0,7,13,2450.0
21437.0,31458.371709872932,1330.0,7,13,2450.0
21438.0,31464.371709872932,1330.0,7,13,2450.0
21439.0,31470.371709872932,1330.0,7,13,2450.0
21440.0,31476.371709872932,1330.0,7,13,2450.0
21441.0,31482.371709872932,1330.0,7,13,2450.0
21442.0,31488.371709872932,1330.0,7,13,2450.0
21443.0,31494.371709872932,1330.0,7,13,2450.0
21444.0,31500.371709872932,1330.0,7,13,2450.0
21445.0,31506.371709872932,1330.0,7,13,2450.0
21446.0,31512.371709872932,1330.0,7,13,2450.0
21447.0,31518.371709872932,1330.0,7,13,2450.0
21448.0,31524.371709872932,1330.0,7,13,2450.0
21449.0,31530.371709872932,1330.0,7,13,2450.0
21450.0,31536.371709872932,1330.0,7,13,2450.0
21451.0,31542.371709872932,1330.0,7,13,2450.0
21452.0,31548.371709872932,1330.0,7,13,2450.0
21453.0,31554.371709872932,1330.0,7,13,2450.0
21454.0,31560.371709872932,1330.0,7,13,2450.0
21455.0,31566.371709872932,1330.0,7,13,2450.0
21456.0,31572.371709872932,1330.0,7,13,2450.0
21457.0,31578.371709872932,1330.0,7,13,2450.0
21458.0,31584.371709872932,1330.0,7,13,2450.0
21459.0,31590.371709872932,1330.0,7,13,2450.0
21460.0,31596.371709872932,1330.0,7,13,2450.0
21461.0,31602.371709872932,1330.0,7,13,2450.0
21462.0,31608.371709872932,1330.0,7,13,2450.0
21463.0,31614.371709872932,1330.0,7,13,2450.0
21464.0,31620.371709872932,1330.0,7,13,2450.0
21465.0,31626.371709872932,1330.0,7,13,2450.0
21466.0,31632.371709872932,1330.0,7,13,2450.0
21467.0,31638.371709872932,1330.0,7,13,2450.0
21468.0,31644.371709872932,1330.0,7,13,2450.0
21469.0,31650.371709872932,1330.0,7,13,2450.0
21470.0,31656.371709872932,1330.0,7,13,2450.0
21471.0,31662.371709872932,1330.0,7,13,2450.0
21472.0,31668.371709872932,1330.0,7,13,2450.0
21473.0,31674.371709872932,1330.0,7,13,2450.0
21474.0,31680.371709872932,1330.0,7,13,2450.0
21475.0,31686.371709872932,1330.0,7,13,2450.0
21476.0,31692.371709872932,1330.0,7,13,2450.0
21477.0,31698.371709872932,1330.0,7,13,2450.0
21478.0,31704.371709872932,1330.0,7,13,2450.0
21479.0,31710.371709872932,1330.0,7,13,2450.0
21480.0,31716.371709872932,1330.0,7,13,2450.0
21481.0,31722.371709872932,1330.0,7,13,2450.0
21482.0,31728.371709872932,1330.0,7,13,2450.0
21483.0,31734.371709872932,1330.0,7,13,2450.0
21484.0,31740.371709872932,1330.0,7,13,2450.0
21485.0,31746.371709872932,1330.0,7,13,2450.0
21486.0,31752.371709872932,1330.0,7,13,2450.0
21487.0,31758.371709872932,1330.0,7,13,2450.0
21488.0,31764.371709872932,1330.0,7,13,2450.0
21489.0,31770.371709872932,1330.0,7,13,2450.0
21490.0,31776.371709872932,1330.0,7,13,2450.0
21491.0,31782.371709872932,1330.0,7,13,2450.0
21492.0,31788.371709872932,1330.0,7,13,2450.0
21493.0,31794.371709872932,1330.0,7,13,2450.0
21494.0,31800.371709872932,1330.0,7,13,2450.0
21495.0,31806.371709872932,1330.0,7,13,2450.0
21496.0,31812.371709872932,1330.0,7,13,2450.0
21497.0,31818.371709872932,1330.0,7,13,2450.0
21498.0,31824.371709872932,1330.0,7,13,2450.0
21499.0,31830.371709872932,1330.0,7,13,2450.0
21500.0,31836.371709872932,1330.0,7,13,2450.0
21501.0,31842.371709872932,1330.0,7,13,2450.0
21502.0,31848.371709872932,1330.0,7,13,2450.0
21503.0,31854.371709872932,1330.0,7,13,2450.0
21504.0,31860.371709872932,1330.0,7,13,2450.0
21505.0,31866.371709872932,1330.0,7,13,2450.0
21506.0,31872.371709872932,1330.0,7,13,2450.0
21507.0,31878.371709872932,1330.0,7,13,2450.0
21508.0,31884.371709872932,1330.0,7,13,2450.0
21509.0,31890.371709872932,1330.0,7,13,2450.0
21510.0,31896.371709872932,1330.0,7,13,2450.0
21511.0,31902.371709872932,1330.0,7,13,2450.0
21512.0,31908.371709872932,1330.0,7,13,2450.0
21513.0,31914.371709872932,1330.0,7,13,2450.0
21514.0,31920.371709872932,1330.0,7,13,2450.0
21515.0,31926.371709872932,1330.0,7,13,2450.0
21516.0,31932.371709872932,1330.0,7,13,2450.0
21517.0,31938.371709872932,1330.0,7,13,2450.0
21518.0,31944.371709872932,1330.0,7,13,2450.0
21519.0,31950.371709872932,1330.0,7,13,2450.0
21520.0,31956.371709872932,1330.0,7,13,2450.0
21521.0,31962.371709872932,1330.0,7,13,2450.0
21522.0,31968.371709872932,1330.0,7,13,2450.0
21523.0,31974.371709872932,1330.0,7,13,2450.0
21524.0,31980.371709872932,1330.0,7,13,2450.0
21525.0,31986.371709872932,1330.0,7,13,2450.0
21526.0,31992.371709872932,1330.0,7,13,2450.0
21527.0,31998.371709872932,1330.0,7,13,2450.0
21528.0,32004.371709872932,1330.0,7,13,2450.0
21529.0,32010.371709872932,1330.0,7,13,2450.0
21530.0,32016.371709872932,1330.0,7,13,2450.0
21531.0,32022.371709872932,1330.0,7,13,2450.0
21532.0,32028.371709872932,1330.0,7,13,2450.0
21533.0,32034.371709872932,1330.0,7,13,2450.0
21534.0,32040.371709872932,1330.0,7,13,2450.0
21535.0,32046.371709872932,1330.0,7,13,2450.0
21536.0,32052.371709872932,1330.0,7,13,2450.0
21537.0,32058.371709872932,1330.0,7,13,2450.0
21538.0,32064.371709872932,1330.0,7,13,2450.0
21539.0,32070.371709872932,1330.0,7,13,2450.0
21540.0,32076.371709872932,1330.0,7,13,2450.0
21541.0,32082.371709872932,1330.0,7,13,2450.0
21542.0,32088.371709872932,1330.0,7,13,2450.0
21543.0,32094.371709872932,1330.0,7,13,2450.0
21544.0,32100.371709872932,1330.0,7,13,2450.0
21545.0,32106.371709872932,1330.0,7,13,2450.0
21546.0,32112.371709872932,1330.0,7,13,2450.0
21547.0,32118.371709872932,1330.0,7,13,2450.0
21548.0,32124.371709872932,1330.0,7,13,2450.0
21549.0,32130.371709872932,1330.0,7,13,2450.0
21550.0,32136.371709872932,1330.0,7,13,2450.0
21551.0,32142.371709872932,1330.0,7,13,2450.0
21552.0,32148.371709872932,1330.0,7,13,2450.0
21553.0,32154.371709872932,1330.0,7,13,2450.0
21554.0,32160.371709872932,1330.0,7,13,2450.0
21555.0,32166.371709872932,1330.0,7,13,2450.0
21556.0,32172.371709872932,1330.0,7,13,2450.0
21557.0,32178.371709872932,1330.0,7,13,2450.0
21558.0,32184.371709872932,1330.0,7,13,2450.0
21559.0,32190.371709872932,1330.0,7,13,2450.0
21560.0,32196.371709872932,1330.0,7,13,2450.0
21561.0,32202.371709872932,1330.0,7,13,2450.0
21562.0,32208.371709872932,1330.0,7,13,2450.0
21563.0,32214.371709872932,1330.0,7,13,2450.0
21564.0,32220.371709872932,1330.0,7,13,2450.0
21565.0,32226.371709872932,1330.0,7,13,2450.0
21566.0,32232.371709872932,1330.0,7,13,2450.0
21567.0,32238.371709872932,1330.0,7,13,2450.0
21568.0,32244.371709872932,1330.0,7,13,2450.0
21569.0,32250.371709872932,1330.0,7,13,2450.0
21570.0,32256.371709872932,1330.0,7,13,2450.0
21571.0,32262.371709872932,1330.0,7,13,2450.0
21572.0,32268.371709872932,1330.0,7,13,2450.0
21573.0,32274.371709872932,1330.0,7,13,2450.0
21574.0,32280.371709872932,1330.0,7,13,2450.0
21575.0,32286.371709872932,1330.0,7,13,2450.0
21576.0,32292.371709872932,1330.0,7,13,2450.0
21577.0,32298.371709872932,1330.0,7,13,2450.0
21578.0,32304.371709872932,1330.0,7,13,2450.0
21579.0,32310.371709872932,1330.0,7,13,2450.0
21580.0,32316.371709872932,1330.0,7,13,2450.0
21581.0,32322.371709872932,1330.0,7,13,2450.0
21582.0,32328.371709872932,1330.0,7,13,2450.0
21583.0,32334.371709872932,1330.0,7,13,2450.0
21584.0,32340.371709872932,1330.0,7,13,2450.0
21585.0,32346.371709872932,1330.0,7,13,2450.0
21586.0,32352.371709872932,1330.0,7,13,2450.0
21587.0,32358.371709872932,1330.0,7,13,2450.0
21588.0,32364.371709872932,1330.0,7,13,2450.0
21589.0,32370.371709872932,1330.0,7,13,2450.0
21590.0,32376.371709872932,1330.0,7,13,2450.0
21591.0,32382.371709872932,1330.0,7,13,2450.0
21592.0,32388.371709872932,1330.0,7,13,2450.0
21593.0,32394.371709872932,1330.0,7,13,2450.0
21594.0,32400.371709872932,1330.0,7,13,2450.0
21595.0,32406.371709872932,1330.0,7,13,2450.0
21596.0,32412.371709872932,1330.0,7,13,2450.0
21597.0,32418.371709872932,1330.0,7,13,2450.0
21598.0,32424.371709872932,1330.0,7,13,2450.0
21599.0,32430.371709872932,1330.0,7,13,2450.0
21600.0,32436.371709872932,1330.0,7,13,2450.0
21601.0,32442.371709872932,1330.0,7,13,2450.0
21602.0,32448.371709872932,1330.0,7,13,2450.0
21603.0,32454.371709872932,1330.0,7,13,2450.0
21604.0,32460.371709872932,1330.0,7,13,2450.0
21605.0,32466.371709872932,1330.0,7,13,2450.0
21606.0,32472.371709872932,1330.0,7,13,2450.0
21607.0,32478.371709872932,1330.0,7,13,2450.0
21608.0,32484.371709872932,1330.0,7,13,2450.0
21609.0,32490.371709872932,1330.0,7,13,2450.0
21610.0,32496.371709872932,1330.0,7,13,2450.0
21611.0,32502.371709872932,1330.0,7,13,2450.0
21612.0,32508.371709872932,1330.0,7,13,2450.0
21613.0,32514.371709872932,1330.0,7,13,2450.0
21614.0,32520.371709872932,1330.0,7,13,2450.0
21615.0,32526.371709872932,1330.0,7,13,2450.0
21616.0,32532.371709872932,1330.0,7,13,2450.0
21617.0,32538.371709872932,1330.0,7,13,2450.0
21618.0,32544.371709872932,1330.0,7,13,2450.0
21619.0,32550.371709872932,1330.0,7,13,2450.0
21620.0,32556.371709872932,1330.0,7,13,2450.0
21621.0,32562.371709872932,1330.0,7,13,2450.0
21622.0,32568.371709872932,1330.0,7,13,2450.0
21623.0,32574.371709872932,1330.0,7,13,2450.0
21624.0,32580.371709872932,1330.0,7,13,2450.0
21625.0,32586.371709872932,1330.0,7,13,2450.0
21626.0,32592.371709872932,1330.0,7,13,2450.0
21627.0,32598.371709872932,1330.0,7,13,2450.0
21628.0,32604.371709872932,1330.0,7,13,2450.0
21629.0,32610.371709872932,1330.0,7,13,2450.0
21630.0,32616.371709872932,1330.0,7,13,2450.0
21631.0,32622.371709872932,1330.0,7,13,2450.0
21632.0,32628.371709872932,1330.0,7,13,2450.0
21633.0,32634.371709872932,1330.0,7,13,2450.0
21634.0,32640.371709872932,1330.0,7,13,2450.0
21635.0,32646.371709872932,1330.0,7,13,2450.0
21636.0,32652.371709872932,1330.0,7,13,2450.0
21637.0,32658.371709872932,1330.0,7,13,2450.0
21638.0,32664.371709872932,1330.0,7,13,2450.0
21639.0,32670.371709872932,1330.0,7,13,2450.0
21640.0,32676.371709872932,1330.0,7,13,2450.0
21641.0,32682.371709872932,1330.0,7,13,2450.0
21642.0,32688.371709872932,1330.0,7,13,2450.0
21643.0,32694.371709872932,1330.0,7,13,2450.0
21644.0,32700.371709872932,1330.0,7,13,2450.0
21645.0,32706.371709872932,1330.0,7,13,2450.0
21646.0,32712.371709872932,1330.0,7,13,2450.0
21647.0,32718.371709872932,1330.0,7,13,2450.0
21648.0,32724.371709872932,1330.0,7,13,2450.0
21649.0,32730.371709872932,1330.0,7,13,2450.0
21650.0,32736.371709872932,1330.0,7,13,2450.0
21651.0,32742.371709872932,1330.0,7,13,2450.0
21652.0,32748.371709872932,1330.0,7,13,2450.0
21653.0,32754.371709872932,1330.0,7,13,2450.0
21654.0,32760.371709872932,1330.0,7,13,2450.0
21655.0,32766.371709872932,1330.0,7,13,2450.0
21656.0,32772.37170987293,1330.0,7,13,2450.0
21657.0,32778.37170987293,1330.0,7,13,2450.0
21658.0,32784.37170987293,1330.0,7,13,2450.0
21659.0,32790.37170987293,1330.0,7,13,2450.0
21660.0,32796.37170987293,1330.0,7,13,2450.0
21661.0,32802.37170987293,1330.0,7,13,2450.0
21662.0,32808.37170987293,1330.0,7,13,2450.0
21663.0,32814.37170987293,1330.0,7,13,2450.0
21664.0,32820.37170987293,1330.0,7,13,2450.0
21665.0,32826.37170987293,1330.0,7,13,2450.0
21666.0,32832.37170987293,1330.0,7,13,2450.0
21667.0,32838.37170987293,1330.0,7,13,2450.0
21668.0,32844.37170987293,1330.0,7,13,2450.0
21669.0,32850.37170987293,1330.0,7,13,2450.0
21670.0,32856.37170987293,1330.0,7,13,2450.0
21671.0,32862.37170987293,1330.0,7,13,2450.0
21672.0,32868.37170987293,1330.0,7,13,2450.0
21673.0,32874.37170987293,1330.0,7,13,2450.0
21674.0,32880.37170987293,1330.0,7,13,2450.0
21675.0,32886.37170987293,1330.0,7,13,2450.0
21676.0,32892.37170987293,1330.0,7,13,2450.0
21677.0,32898.37170987293,1330.0,7,13,2450.0
21678.0,32904.37170987293,1330.0,7,13,2450.0
21679.0,32910.37170987293,1330.0,7,13,2450.0
21680.0,32916.37170987293,1330.0,7,13,2450.0
21681.0,32922.37170987293,1330.0,7,13,2450.0
21682.0,32928.37170987293,1330.0,7,13,2450.0
21683.0,32934.37170987293,1330.0,7,13,2450.0
21684.0,32940.37170987293,1330.0,7,13,2450.0
21685.0,32946.37170987293,1330.0,7,13,2450.0
21686.0,32952.37170987293,1330.0,7,13,2450.0
21687.0,32958.37170987293,1330.0,7,13,2450.0
21688.0,32964.37170987293,1330.0,7,13,2450.0
21689.0,32970.37170987293,1330.0,7,13,2450.0
21690.0,32976.37170987293,1330.0,7,13,2450.0
21691.0,32982.37170987293,1330.0,7,13,2450.0
21692.0,32988.37170987293,1330.0,7,13,2450.0
21693.0,32994.37170987293,1330.0,7,13,2450.0
21694.0,33000.37170987293,1330.0,7,13,2450.0
21695.0,33006.37170987293,1330.0,7,13,2450.0
21696.0,33012.37170987293,1330.0,7,13,2450.0
21697.0,33018.37170987293,1330.0,7,13,2450.0
21698.0,33024.37170987293,1330.0,7,13,2450.0
21699.0,33030.37170987293,1330.0,7,13,2450.0
21700.0,33036.37170987293,1330.0,7,13,2450.0
21701.0,33042.37170987293,1330.0,7,13,2450.0
21702.0,33048.37170987293,1330.0,7,13,2450.0
21703.0,33054.37170987293,1330.0,7,13,2450.0
21704.0,33060.37170987293,1330.0,7,13,2450.0
21705.0,33066.37170987293,1330.0,7,13,2450.0
21706.0,33072.37170987293,1330.0,7,13,2450.0
21707.0,33078.37170987293,1330.0,7,13,2450.0
21708.0,33084.37170987293,1330.0,7,13,2450.0
21709.0,33090.37170987293,1330.0,7,13,2450.0
21710.0,33096.37170987293,1330.0,7,13,2450.0
21711.0,33102.37170987293,1330.0,7,13,2450.0
21712.0,33108.37170987293,1330.0,7,13,2450.0
21713.0,33114.37170987293,1330.0,7,13,2450.0
21714.0,33120.37170987293,1330.0,7,13,2450.0
21715.0,33126.37170987293,1330.0,7,13,2450.0
21716.0,33132.37170987293,1330.0,7,13,2450.0
21717.0,33138.37170987293,1330.0,7,13,2450.0
21718.0,33144.37170987293,1330.0,7,13,2450.0
21719.0,33150.37170987293,1330.0,7,13,2450.0
21720.0,33156.37170987293,1330.0,7,13,2450.0
21721.0,33162.37170987293,1330.0,7,13,2450.0
21722.0,33168.37170987293,1330.0,7,13,2450.0
21723.0,33174.37170987293,1330.0,7,13,2450.0
21724.0,33180.37170987293,1330.0,7,13,2450.0
21725.0,33186.37170987293,1330.0,7,13,2450.0
21726.0,33192.37170987293,1330.0,7,13,2450.0
21727.0,33198.37170987293,1330.0,7,13,2450.0
21728.0,33204.37170987293,1330.0,7,13,2450.0
21729.0,33210.37170987293,1330.0,7,13,2450.0
21730.0,33216.37170987293,1330.0,7,13,2450.0
21731.0,33222.37170987293,1330.0,7,13,2450.0
21732.0,33228.37170987293,1330.0,7,13,2450.0
21733.0,33234.37170987293,1330.0,7,13,2450.0
21734.0,33240.37170987293,1330.0,7,13,2450.0
21735.0,33246.37170987293,1330.0,7,13,2450.0
21736.0,33252.37170987293,1330.0,7,13,2450.0
21737.0,33258.37170987293,1330.0,7,13,2450.0
21738.0,33264.37170987293,1330.0,7,13,2450.0
21739.0,33270.37170987293,1330.0,7,13,2450.0
21740.0,33276.37170987293,1330.0,7,13,2450.0
21741.0,33282.37170987293,1330.0,7,13,2450.0
21742.0,33288.37170987293,1330.0,7,13,2450.0
21743.0,33294.37170987293,1330.0,7,13,2450.0
21744.0,33300.37170987293,1330.0,7,13,2450.0
21745.0,33306.37170987293,1330.0,7,13,2450.0
21746.0,33312.37170987293,1330.0,7,13,2450.0
21747.0,33318.37170987293,1330.0,7,13,2450.0
21748.0,33324.37170987293,1330.0,7,13,2450.0
21749.0,33330.37170987293,1330.0,7,13,2450.0
21750.0,33336.37170987293,1330.0,7,13,2450.0
21751.0,33342.37170987293,1330.0,7,13,2450.0
21752.0,33348.37170987293,1330.0,7,13,2450.0
21753.0,33354.37170987293,1330.0,7,13,2450.0
21754.0,33360.37170987293,1330.0,7,13,2450.0
21755.0,33366.37170987293,1330.0,7,13,2450.0
21756.0,33372.37170987293,1330.0,7,13,2450.0
21757.0,33378.37170987293,1330.0,7,13,2450.0
21758.0,33384.37170987293,1330.0,7,13,2450.0
21759.0,33390.37170987293,1330.0,7,13,2450.0
21760.0,33396.37170987293,1330.0,7,13,2450.0
21761.0,33402.37170987293,1330.0,7,13,2450.0
21762.0,33408.37170987293,1330.0,7,13,2450.0
21763.0,33414.37170987293,1330.0,7,13,2450.0
21764.0,33420.37170987293,1330.0,7,13,2450.0
21765.0,33426.37170987293,1330.0,7,13,2450.0
21766.0,33432.37170987293,1330.0,7,13,2450.0
21767.0,33438.37170987293,1330.0,7,13,2450.0
21768.0,33444.37170987293,1330.0,7,13,2450.0
21769.0,33450.37170987293,1330.0,7,13,2450.0
21770.0,33456.37170987293,1330.0,7,13,2450.0
21771.0,33462.37170987293,1330.0,7,13,2450.0
21772.0,33468.37170987293,1330.0,7,13,2450.0
21773.0,33474.37170987293,1330.0,7,13,2450.0
21774.0,33480.37170987293,1330.0,7,13,2450.0
21775.0,33486.37170987293,1330.0,7,13,2450.0
21776.0,33492.37170987293,1330.0,7,13,2450.0
21777.0,33498.37170987293,1330.0,7,13,2450.0
21778.0,33504.37170987293,1330.0,7,13,2450.0
21779.0,33510.37170987293,1330.0,7,13,2450.0
21780.0,33516.37170987293,1330.0,7,13,2450.0
21781.0,33522.37170987293,1330.0,7,13,2450.0
21782.0,33528.37170987293,1330.0,7,13,2450.0
21783.0,33534.37170987293,1330.0,7,13,2450.0
21784.0,33540.37170987293,1330.0,7,13,2450.0
21785.0,33546.37170987293,1330.0,7,13,2450.0
21786.0,33552.37170987293,1330.0,7,13,2450.0
21787.0,33558.37170987293,1330.0,7,13,2450.0
21788.0,33564.37170987293,1330.0,7,13,2450.0
21789.0,33570.37170987293,1330.0,7,13,2450.0
21790.0,33576.37170987293,1330.0,7,13,2450.0
21791.0,33582.37170987293,1330.0,7,13,2450.0
21792.0,33588.37170987293,1330.0,7,13,2450.0
21793.0,33594.37170987293,1330.0,7,13,2450.0
21794.0,33600.37170987293,1330.0,7,13,2450.0
21795.0,33606.37170987293,1330.0,7,13,2450.0
21796.0,33612.37170987293,1330.0,7,13,2450.0
21797.0,33618.37170987293,1330.0,7,13,2450.0
21798.0,33624.37170987293,1330.0,7,13,2450.0
21799.0,33630.37170987293,1330.0,7,13,2450.0
21800.0,33636.37170987293,1330.0,7,13,2450.0
21801.0,33642.37170987293,1330.0,7,13,2450.0
21802.0,33648.37170987293,1330.0,7,13,2450.0
21803.0,33654.37170987293,1330.0,7,13,2450.0
21804.0,33660.37170987293,1330.0,7,13,2450.0
21805.0,33666.37170987293,1330.0,7,13,2450.0
21806.0,33672.37170987293,1330.0,7,13,2450.0
21807.0,33678.37170987293,1330.0,7,13,2450.0
21808.0,33684.37170987293,1330.0,7,13,2450.0
21809.0,33690.37170987293,1330.0,7,13,2450.0
21810.0,33696.37170987293,1330.0,7,13,2450.0
21811.0,33702.37170987293,1330.0,7,13,2450.0
21812.0,33708.37170987293,1330.0,7,13,2450.0
21813.0,33714.37170987293,1330.0,7,13,2450.0
21814.0,33720.37170987293,1330.0,7,13,2450.0
21815.0,33726.37170987293,1330.0,7,13,2450.0
21816.0,33732.37170987293,1330.0,7,13,2450.0
21817.0,33738.37170987293,1330.0,7,13,2450.0
21818.0,33744.37170987293,1330.0,7,13,2450.0
21819.0,33750.37170987293,1330.0,7,13,2450.0
21820.0,33756.37170987293,1330.0,7,13,2450.0
21821.0,33762.37170987293,1330.0,7,13,2450.0
21822.0,33768.37170987293,1330.0,7,13,2450.0
21823.0,33774.37170987293,1330.0,7,13,2450.0
21824.0,33780.37170987293,1330.0,7,13,2450.0
21825.0,33786.37170987293,1330.0,7,13,2450.0
21826.0,33792.37170987293,1330.0,7,13,2450.0
21827.0,33798.37170987293,1330.0,7,13,2450.0
21828.0,33804.37170987293,1330.0,7,13,2450.0
21829.0,33810.37170987293,1330.0,7,13,2450.0
21830.0,33816.37170987293,1330.0,7,13,2450.0
21831.0,33822.37170987293,1330.0,7,13,2450.0
21832.0,33828.37170987293,1330.0,7,13,2450.0
21833.0,33834.37170987293,1330.0,7,13,2450.0
21834.0,33840.37170987293,1330.0,7,13,2450.0
21835.0,33846.37170987293,1330.0,7,13,2450.0
21836.0,33852.37170987293,1330.0,7,13,2450.0
21837.0,33858.37170987293,1330.0,7,13,2450.0
21838.0,33864.37170987293,1330.0,7,13,2450.0
21839.0,33870.37170987293,1330.0,7,13,2450.0
21840.0,33876.37170987293,1330.0,7,13,2450.0
21841.0,33882.37170987293,1330.0,7,13,2450.0
21842.0,33888.37170987293,1330.0,7,13,2450.0
21843.0,33894.37170987293,1330.0,7,13,2450.0
21844.0,33900.37170987293,1330.0,7,13,2450.0
21845.0,33906.37170987293,1330.0,7,13,2450.0
21846.0,33912.37170987293,1330.0,7,13,2450.0
21847.0,33918.37170987293,1330.0,7,13,2450.0
21848.0,33924.37170987293,1330.0,7,13,2450.0
21849.0,33930.37170987293,1330.0,7,13,2450.0
21850.0,33936.37170987293,1330.0,7,13,2450.0
21851.0,33942.37170987293,1330.0,7,13,2450.0
21852.0,33948.37170987293,1330.0,7,13,2450.0
21853.0,33954.37170987293,1330.0,7,13,2450.0
21854.0,33960.37170987293,1330.0,7,13,2450.0
21855.0,33966.37170987293,1330.0,7,13,2450.0
21856.0,33972.37170987293,1330.0,7,13,2450.0
21857.0,33978.37170987293,1330.0,7,13,2450.0
21858.0,33984.37170987293,1330.0,7,13,2450.0
21859.0,33990.37170987293,1330.0,7,13,2450.0
21860.0,33996.37170987293,1330.0,7,13,2450.0
21861.0,34002.37170987293,1330.0,7,13,2450.0
21862.0,34008.37170987293,1330.0,7,13,2450.0
21863.0,34014.37170987293,1330.0,7,13,2450.0
21864.0,34020.37170987293,1330.0,7,13,2450.0
21865.0,34026.37170987293,1330.0,7,13,2450.0
21866.0,34032.37170987293,1330.0,7,13,2450.0
21867.0,34038.37170987293,1330.0,7,13,2450.0
21868.0,34044.37170987293,1330.0,7,13,2450.0
21869.0,34050.37170987293,1330.0,7,13,2450.0
21870.0,34056.37170987293,1330.0,7,13,2450.0
21871.0,34062.37170987293,1330.0,7,13,2450.0
21872.0,34068.37170987293,1330.0,7,13,2450.0
21873.0,34074.37170987293,1330.0,7,13,2450.0
21874.0,34080.37170987293,1330.0,7,13,2450.0
21875.0,34086.37170987293,1330.0,7,13,2450.0
21876.0,34092.37170987293,1330.0,7,13,2450.0
21877.0,34098.37170987293,1330.0,7,13,2450.0
21878.0,34104.37170987293,1330.0,7,13,2450.0
21879.0,34110.37170987293,1330.0,7,13,2450.0
21880.0,34116.37170987293,1330.0,7,13,2450.0
21881.0,34122.37170987293,1330.0,7,13,2450.0
21882.0,34128.37170987293,1330.0,7,13,2450.0
21883.0,34134.37170987293,1330.0,7,13,2450.0
21884.0,34140.37170987293,1330.0,7,13,2450.0
21885.0,34146.37170987293,1330.0,7,13,2450.0
21886.0,34152.37170987293,1330.0,7,13,2450.0
21887.0,34158.37170987293,1330.0,7,13,2450.0
21888.0,34164.37170987293,1330.0,7,13,2450.0
21889.0,34170.37170987293,1330.0,7,13,2450.0
21890.0,34176.37170987293,1330.0,7,13,2450.0
21891.0,34182.37170987293,1330.0,7,13,2450.0
21892.0,34188.37170987293,1330.0,7,13,2450.0
21893.0,34194.37170987293,1330.0,7,13,2450.0
21894.0,34200.37170987293,1330.0,7,13,2450.0
21895.0,34206.37170987293,1330.0,7,13,2450.0
21896.0,34212.37170987293,1330.0,7,13,2450.0
21897.0,34218.37170987293,1330.0,7,13,2450.0
21898.0,34224.37170987293,1330.0,7,13,2450.0
21899.0,34230.37170987293,1330.0,7,13,2450.0
21900.0,34236.37170987293,1330.0,7,13,2450.0
21901.0,34242.37170987293,1330.0,7,13,2450.0
21902.0,34248.37170987293,1330.0,7,13,2450.0
21903.0,34254.37170987293,1330.0,7,13,2450.0
21904.0,34260.37170987293,1330.0,7,13,2450.0
21905.0,34266.37170987293,1330.0,7,13,2450.0
21906.0,34272.37170987293,1330.0,7,13,2450.0
21907.0,34278.37170987293,1330.0,7,13,2450.0
21908.0,34284.37170987293,1330.0,7,13,2450.0
21909.0,34290.37170987293,1330.0,7,13,2450.0
21910.0,34296.37170987293,1330.0,7,13,2450.0
21911.0,34302.37170987293,1330.0,7,13,2450.0
21912.0,34308.37170987293,1330.0,7,13,2450.0
21913.0,34314.37170987293,1330.0,7,13,2450.0
21914.0,34320.37170987293,1330.0,7,13,2450.0
21915.0,34326.37170987293,1330.0,7,13,2450.0
21916.0,34332.37170987293,1330.0,7,13,2450.0
21917.0,34338.37170987293,1330.0,7,13,2450.0
21918.0,34344.37170987293,1330.0,7,13,2450.0
21919.0,34350.37170987293,1330.0,7,13,2450.0
21920.0,34356.37170987293,1330.0,7,13,2450.0
21921.0,34362.37170987293,1330.0,7,13,2450.0
21922.0,34368.37170987293,1330.0,7,13,2450.0
21923.0,34374.37170987293,1330.0,7,13,2450.0
21924.0,34380.37170987293,1330.0,7,13,2450.0
21925.0,34386.37170987293,1330.0,7,13,2450.0
21926.0,34392.37170987293,1330.0,7,13,2450.0
21927.0,34398.37170987293,1330.0,7,13,2450.0
21928.0,34404.37170987293,1330.0,7,13,2450.0
21929.0,34410.37170987293,1330.0,7,13,2450.0
21930.0,34416.37170987293,1330.0,7,13,2450.0
21931.0,34422.37170987293,1330.0,7,13,2450.0
21932.0,34428.37170987293,1330.0,7,13,2450.0
21933.0,34434.37170987293,1330.0,7,13,2450.0
21934.0,34440.37170987293,1330.0,7,13,2450.0
21935.0,34446.37170987293,1330.0,7,13,2450.0
21936.0,34452.37170987293,1330.0,7,13,2450.0
21937.0,34458.37170987293,1330.0,7,13,2450.0
21938.0,34464.37170987293,1330.0,7,13,2450.0
21939.0,34470.37170987293,1330.0,7,13,2450.0
21940.0,34476.37170987293,1330.0,7,13,2450.0
21941.0,34482.37170987293,1330.0,7,13,2450.0
21942.0,34488.37170987293,1330.0,7,13,2450.0
21943.0,34494.37170987293,1330.0,7,13,2450.0
21944.0,34500.37170987293,1330.0,7,13,2450.0
21945.0,34506.37170987293,1330.0,7,13,2450.0
21946.0,34512.37170987293,1330.0,7,13,2450.0
21947.0,34518.37170987293,1330.0,7,13,2450.0
21948.0,34524.37170987293,1330.0,7,13,2450.0
21949.0,34530.37170987293,1330.0,7,13,2450.0
21950.0,34536.37170987293,1330.0,7,13,2450.0
21951.0,34542.37170987293,1330.0,7,13,2450.0
21952.0,34548.37170987293,1330.0,7,13,2450.0
21953.0,34554.37170987293,1330.0,7,13,2450.0
21954.0,34560.37170987293,1330.0,7,13,2450.0
21955.0,34566.37170987293,1330.0,7,13,2450.0
21956.0,34572.37170987293,1330.0,7,13,2450.0
21957.0,34578.37170987293,1330.0,7,13,2450.0
21958.0,34584.37170987293,1330.0,7,13,2450.0
21959.0,34590.37170987293,1330.0,7,13,2450.0
21960.0,34596.37170987293,1330.0,7,13,2450.0
21961.0,34602.37170987293,1330.0,7,13,2450.0
21962.0,34608.37170987293,1330.0,7,13,2450.0
21963.0,34614.37170987293,1330.0,7,13,2450.0
21964.0,34620.37170987293,1330.0,7,13,2450.0
21965.0,34626.37170987293,1330.0,7,13,2450.0
21966.0,34632.37170987293,1330.0,7,13,2450.0
21967.0,34638.37170987293,1330.0,7,13,2450.0
21968.0,34644.37170987293,1330.0,7,13,2450.0
21969.0,34650.37170987293,1330.0,7,13,2450.0
21970.0,34656.37170987293,1330.0,7,13,2450.0
21971.0,34662.37170987293,1330.0,7,13,2450.0
21972.0,34668.37170987293,1330.0,7,13,2450.0
21973.0,34674.37170987293,1330.0,7,13,2450.0
21974.0,34680.37170987293,1330.0,7,13,2450.0
21975.0,34686.37170987293,1330.0,7,13,2450.0
21976.0,34692.37170987293,1330.0,7,13,2450.0
21977.0,34698.37170987293,1330.0,7,13,2450.0
21978.0,34704.37170987293,1330.0,7,13,2450.0
21979.0,34710.37170987293,1330.0,7,13,2450.0
21980.0,34716.37170987293,1330.0,7,13,2450.0
21981.0,34722.37170987293,1330.0,7,13,2450.0
21982.0,34728.37170987293,1330.0,7,13,2450.0
21983.0,34734.37170987293,1330.0,7,13,2450.0
21984.0,34740.37170987293,1330.0,7,13,2450.0
21985.0,34746.37170987293,1330.0,7,13,2450.0
21986.0,34752.37170987293,1330.0,7,13,2450.0
21987.0,34758.37170987293,1330.0,7,13,2450.0
21988.0,34764.37170987293,1330.0,7,13,2450.0
21989.0,34770.37170987293,1330.0,7,13,2450.0
21990.0,34776.37170987293,1330.0,7,13,2450.0
21991.0,34782.37170987293,1330.0,7,13,2450.0
21992.0,34788.37170987293,1330.0,7,13,2450.0
21993.0,34794.37170987293,1330.0,7,13,2450.0
21994.0,34800.37170987293,1330.0,7,13,2450.0
21995.0,34806.37170987293,1330.0,7,13,2450.0
21996.0,34812.37170987293,1330.0,7,13,2450.0
21997.0,34818.37170987293,1330.0,7,13,2450.0
21998.0,34824.37170987293,1330.0,7,13,2450.0
21999.0,34830.37170987293,1330.0,7,13,2450.0
22000.0,34836.37170987293,1330.0,7,13,2450.0
22001.0,34842.37170987293,1330.0,7,13,2450.0
22002.0,34848.37170987293,1330.0,7,13,2450.0
22003.0,34854.37170987293,1330.0,7,13,2450.0
22004.0,34860.37170987293,1330.0,7,13,2450.0
22005.0,34866.37170987293,1330.0,7,13,2450.0
22006.0,34872.37170987293,1330.0,7,13,2450.0
22007.0,34878.37170987293,1330.0,7,13,2450.0
22008.0,34884.37170987293,1330.0,7,13,2450.0
22009.0,34890.37170987293,1330.0,7,13,2450.0
22010.0,34896.37170987293,1330.0,7,13,2450.0
22011.0,34902.37170987293,1330.0,7,13,2450.0
22012.0,34908.37170987293,1330.0,7,13,2450.0
22013.0,34914.37170987293,1330.0,7,13,2450.0
22014.0,34920.37170987293,1330.0,7,13,2450.0
22015.0,34926.37170987293,1330.0,7,13,2450.0
22016.0,34932.37170987293,1330.0,7,13,2450.0
22017.0,34938.37170987293,1330.0,7,13,2450.0
22018.0,34944.37170987293,1330.0,7,13,2450.0
22019.0,34950.37170987293,1330.0,7,13,2450.0
22020.0,34956.37170987293,1330.0,7,13,2450.0
22021.0,34962.37170987293,1330.0,7,13,2450.0
22022.0,34968.37170987293,1330.0,7,13,2450.0
22023.0,34974.37170987293,1330.0,7,13,2450.0
22024.0,34980.37170987293,1330.0,7,13,2450.0
22025.0,34986.37170987293,1330.0,7,13,2450.0
22026.0,34992.37170987293,1330.0,7,13,2450.0
22027.0,34998.37170987293,1330.0,7,13,2450.0
22028.0,35004.37170987293,1330.0,7,13,2450.0
22029.0,35010.37170987293,1330.0,7,13,2450.0
22030.0,35016.37170987293,1330.0,7,13,2450.0
22031.0,35022.37170987293,1330.0,7,13,2450.0
22032.0,35028.37170987293,1330.0,7,13,2450.0
22033.0,35034.37170987293,1330.0,7,13,2450.0
22034.0,35040.37170987293,1330.0,7,13,2450.0
22035.0,35046.37170987293,1330.0,7,13,2450.0
22036.0,35052.37170987293,1330.0,7,13,2450.0
22037.0,35058.37170987293,1330.0,7,13,2450.0
22038.0,35064.37170987293,1330.0,7,13,2450.0
22039.0,35070.37170987293,1330.0,7,13,2450.0
22040.0,35076.37170987293,1330.0,7,13,2450.0
22041.0,35082.37170987293,1330.0,7,13,2450.0
22042.0,35088.37170987293,1330.0,7,13,2450.0
22043.0,35094.37170987293,1330.0,7,13,2450.0
22044.0,35100.37170987293,1330.0,7,13,2450.0
22045.0,35106.37170987293,1330.0,7,13,2450.0
22046.0,35112.36802146385,1330.0,7,13,2450.0
22047.0,35118.32724244463,1330.0,7,13,2450.0
22048.0,35124.20940758338,1330.0,7,13,2450.0
22049.0,35129.99240296897,1330.0,7,13,2450.0
22050.0,35135.659738446855,1330.0,7,13,2450.0
22051.0,35141.213727215174,1330.0,7,13,2450.0
22052.0,35146.65663620813,1330.0,7,13,2450.0
22053.0,35151.99068702122,1330.0,7,13,2450.0
22054.0,35157.21805681805,1330.0,7,13,2450.0
22055.0,35162.34087921895,1330.0,7,13,2450.0
22056.0,35167.36124517183,1330.0,7,13,2450.0
22057.0,35172.28120380564,1330.0,7,13,2450.0
22058.0,35177.1027632668,1330.0,7,13,2450.0
22059.0,35181.82789153872,1330.0,7,13,2450.0
22060.0,35186.4585172452,1330.0,7,13,2450.0
22061.0,35190.99653043755,1330.0,7,13,2450.0
22062.0,35195.443783366056,1330.0,7,13,2450.0
22063.0,35199.80209123599,1330.0,7,13,2450.0
22064.0,35204.07323294853,1330.0,7,13,2450.0
22065.0,35208.258951826814,1330.0,7,13,2450.0
22066.0,35212.36095632754,1330.0,7,13,2450.0
22067.0,35216.380920738244,1330.0,7,13,2450.0
22068.0,35220.320485860735,1330.0,7,13,2450.0
22069.0,35224.18125968078,1330.0,7,13,2450.0
22070.0,35227.96481802442,1330.0,7,13,2450.0
22071.0,35231.67270520119,1330.0,7,13,2450.0
22072.0,35235.306434634425,1330.0,7,13,2450.0
22073.0,35238.867489478995,1330.0,7,13,2450.0
22074.0,35242.357323226664,1330.0,7,13,2450.0
22075.0,35245.7773602994,1330.0,7,13,2450.0
22076.0,35249.12899663066,1330.0,7,13,2450.0
22077.0,35252.41360023531,1330.0,7,13,2450.0
22078.0,35255.63251176786,1330.0,7,13,2450.0
22079.0,35258.78704506976,1330.0,7,13,2450.0
22080.0,35261.878487705624,1330.0,7,13,2450.0
22081.0,35264.90810148877,1330.0,7,13,2450.0
22082.0,35267.87712299625,1330.0,7,13,2450.0
22083.0,35270.78676407358,1330.0,7,13,2450.0
22084.0,35273.638212329366,1330.0,7,13,2450.0
22085.0,35276.43263162003,1330.0,7,13,2450.0
22086.0,35279.17116252489,1330.0,7,13,2450.0
22087.0,35281.85492281165,1330.0,7,13,2450.0
22088.0,35284.48500789268,1330.0,7,13,2450.0
22089.0,35287.06249127208,1330.0,7,13,2450.0
22090.0,35289.5884249839,1330.0,7,13,2450.0
22091.0,35292.06384002148,1330.0,7,13,2450.0
22092.0,35294.48974675831,1330.0,7,13,2450.0
22093.0,35296.86713536039,1330.0,7,13,2450.0
22094.0,35299.19697619045,1330.0,7,13,2450.0
22095.0,35301.48022020389,1330.0,7,13,2450.0
22096.0,35303.71779933707,1330.0,7,13,2450.0
22097.0,35305.91062688759,1330.0,7,13,2450.0
22098.0,35308.05959788709,1330.0,7,13,2450.0
22099.0,35310.16558946662,1330.0,7,13,2450.0
22100.0,35312.22946121454,1330.0,7,13,2450.0
22101.0,35314.252055527504,1330.0,7,13,2450.0
22102.0,35316.23419795422,1330.0,7,13,2450.0
22103.0,35318.176697532384,1330.0,7,13,2450.0
22104.0,35320.080347118994,1330.0,7,13,2450.0
22105.0,35321.94592371387,1330.0,7,13,2450.0
22106.0,35323.77418877685,1330.0,7,13,2450.0
22107.0,35325.56588853857,1330.0,7,13,2450.0
22108.0,35327.321754305056,1330.0,7,13,2450.0
22109.0,35329.042502756216,1330.0,7,13,2450.0
22110.0,35330.72883623835,1330.0,7,13,2450.0
22111.0,35332.38144305084,1330.0,7,13,2450.0
22112.0,35334.00099772708,1330.0,7,13,2450.0
22113.0,35335.588161309795,1330.0,7,13,2450.0
22114.0,35337.14358162086,1330.0,7,13,2450.0
22115.0,35338.66789352569,1330.0,7,13,2450.0
22116.0,35340.161719192445,1330.0,7,13,2450.0
22117.0,35341.62566834585,1330.0,7,13,2450.0
22118.0,35343.06033851619,1330.0,7,13,2450.0
22119.0,35344.46631528313,1330.0,7,13,2450.0
22120.0,35345.84417251472,1330.0,7,13,2450.0
22121.0,35347.19447260169,1330.0,7,13,2450.0
22122.0,35348.517766686906,1330.0,7,13,2450.0
22123.0,35349.81459489042,1330.0,7,13,2450.0
22124.0,35351.08548652988,1330.0,7,13,2450.0
22125.0,35352.330960336534,1330.0,7,13,2450.0
22126.0,35353.55152466706,1330.0,7,13,2450.0
22127.0,35354.747677710984,1330.0,7,13,2450.0
22128.0,35355.91990769402,1330.0,7,13,2450.0
22129.0,35357.068693077395,1330.0,7,13,2450.0
22130.0,35358.194502753104,1330.0,7,13,2450.0
22131.0,35359.2977962353,1330.0,7,13,2450.0
22132.0,35360.379023847854,1330.0,7,13,2450.0
22133.0,35361.43862690815,1330.0,7,13,2450.0
22134.0,35362.47703790725,1330.0,7,13,2450.0
22135.0,35363.49468068635,1330.0,7,13,2450.0
22136.0,35364.49197060989,1330.0,7,13,2450.0
22137.0,35365.469314734946,1330.0,7,13,2450.0
22138.0,35366.42711197751,1330.0,7,13,2450.0
22139.0,35367.36575327521,1330.0,7,13,2450.0
22140.0,35368.28562174697,1330.0,7,13,2450.0
22141.0,35369.187092849286,1330.0,7,13,2450.0
22142.0,35370.07053452956,1330.0,7,13,2450.0
22143.0,35370.93630737622,1330.0,7,13,2450.0
22144.0,35371.78476476596,1330.0,7,13,2450.0
22145.0,35372.616253007895,1330.0,7,13,2450.0
22146.0,35373.43111148499,1330.0,7,13,2450.0
22147.0,35374.22967279255,1330.0,7,13,2450.0
22148.0,35375.01226287396,1330.0,7,13,2450.0
22149.0,35375.779201153746,1330.0,7,13,2450.0
22150.0,35376.53080066792,1330.0,7,13,2450.0
22151.0,35377.267368191824,1330.0,7,13,2450.0
22152.0,35377.989204365236,1330.0,7,13,2450.0
22153.0,35378.69660381519,1330.0,7,13,2450.0
22154.0,35379.38985527615,1330.0,7,13,2450.0
22155.0,35380.06924170788,1330.0,7,13,2450.0
22156.0,35380.73504041098,1330.0,7,13,2450.0
22157.0,35381.38752314002,1330.0,7,13,2450.0
22158.0,35382.026956214475,1330.0,7,13,2450.0
22159.0,35382.65360062745,1330.0,7,13,2450.0
22160.0,35383.267712152156,1330.0,7,13,2450.0
22161.0,35383.869541446365,1330.0,7,13,2450.0
22162.0,35384.4593341547,1330.0,7,13,2450.0
22163.0,35385.03733100887,1330.0,7,13,2450.0
22164.0,35385.603767925946,1330.0,7,13,2450.0
22165.0,35386.15887610468,1330.0,7,13,2450.0
22166.0,35386.70288211985,1330.0,7,13,2450.0
22167.0,35387.236008014705,1330.0,7,13,2450.0
22168.0,35387.75847139167,1330.0,7,13,2450.0
22169.0,35388.270485501096,1330.0,7,13,2450.0
22170.0,35388.77225932833,1330.0,7,13,2450.0
22171.0,35389.26399767902,1330.0,7,13,2450.0
22172.0,35389.7459012627,1330.0,7,13,2450.0
22173.0,35390.218166774706,1330.0,7,13,2450.0
22174.0,35390.68098697646,1330.0,7,13,2450.0
22175.0,35391.13455077419,1330.0,7,13,2450.0
22176.0,35391.57904329597,1330.0,7,13,2450.0
22177.0,35392.014645967305,1330.0,7,13,2450.0
22178.0,35392.44153658522,1330.0,7,13,2450.0
22179.0,35392.85988939077,1330.0,7,13,2450.0
22180.0,35393.26987514022,1330.0,7,13,2450.0
22181.0,35393.67166117467,1330.0,7,13,2450.0
22182.0,35394.06541148844,1330.0,7,13,2450.0
22183.0,35394.45128679593,1330.0,7,13,2450.0
22184.0,35394.829444597264,1330.0,7,13,2450.0
22185.0,35395.200039242576,1330.0,7,13,2450.0
22186.0,35395.563221994984,1330.0,7,13,2450.0
22187.0,35395.91914109234,1330.0,7,13,2450.0
22188.0,35396.267941807746,1330.0,7,13,2450.0
22189.0,35396.60976650885,1330.0,7,13,2450.0
22190.0,35396.94475471593,1330.0,7,13,2450.0
22191.0,35397.27304315887,1330.0,7,13,2450.0
22192.0,35397.59476583295,1330.0,7,13,2450.0
22193.0,35397.91005405355,1330.0,7,13,2450.0
22194.0,35398.21903650974,1330.0,7,13,2450.0
22195.0,35398.5218393168,1330.0,7,13,2450.0
22196.0,35398.81858606772,1330.0,7,13,2450.0
22197.0,35399.10939788363,1330.0,7,13,2450.0
22198.0,35399.39439346321,1330.0,7,13,2450.0
22199.0,35399.6736891312,1330.0,7,13,2450.0
22200.0,35399.947398885844,1330.0,7,13,2450.0
22201.0,35400.21563444538,1330.0,7,13,2450.0
22202.0,35400.47850529373,1330.0,7,13,2450.0
22203.0,35400.736118725115,1330.0,7,13,2450.0
22204.0,35400.98857988787,1330.0,7,13,2450.0
22205.0,35401.235991827365,1330.0,7,13,2450.0
22206.0,35401.47845552808,1330.0,7,13,2450.0
22207.0,35401.716069954775,1330.0,7,13,2450.0
22208.0,35401.948932092935,1330.0,7,13,2450.0
22209.0,35402.177136988335,1330.0,7,13,2450.0
22210.0,35402.40077778583,1330.0,7,13,2450.0
22211.0,35402.61994576736,1330.0,7,13,2450.0
22212.0,35402.83473038927,1330.0,7,13,2450.0
22213.0,35403.04521931875,1330.0,7,13,2450.0
22214.0,35403.25149846963,1330.0,7,13,2450.0
22215.0,35403.4536520375,1330.0,7,13,2450.0
22216.0,35403.651762534006,1330.0,7,13,2450.0
22217.0,35403.845910820586,1330.0,7,13,2450.0
22218.0,35404.03617614143,1330.0,7,13,2450.0
22219.0,35404.22263615586,1330.0,7,13,2450.0
22220.0,35404.40536697,1330.0,7,13,2450.0
22221.0,35404.584443167856,1330.0,7,13,2450.0
22222.0,35404.75993784176,1330.0,7,13,2450.0
22223.0,35404.931922622185,1330.0,7,13,2450.0
22224.0,35405.100467706994,1330.0,7,13,2450.0
22225.0,35405.26564189012,1330.0,7,13,2450.0
22226.0,35405.427512589566,1330.0,7,13,2450.0
22227.0,35405.58614587503,1330.0,7,13,2450.0
22228.0,35405.74160649479,1330.0,7,13,2450.0
22229.0,35405.89395790215,1330.0,7,13,2450.0
22230.0,35406.04326228137,1330.0,7,13,2450.0
22231.0,35406.189580573,1330.0,7,13,2450.0
22232.0,35406.3329724988,1330.0,7,13,2450.0
22233.0,35406.47349658608,1330.0,7,13,2450.0
22234.0,35406.611210191615,1330.0,7,13,2450.0
22235.0,35406.74616952504,1330.0,7,13,2450.0
22236.0,35406.8784296718,1330.0,7,13,2450.0
22237.0,35407.00804461561,1330.0,7,13,2450.0
22238.0,35407.13506726056,1330.0,7,13,2450.0
22239.0,35407.25954945261,1330.0,7,13,2450.0
22240.0,35407.36176074464,1331.0,7,13,2449.0
22241.0,35407.402662013534,1335.0,7,13,2445.0
22242.0,35407.44274525705,1339.0,7,13,2441.0
22243.0,35407.44274525705,1345.0,7,13,2435.0
22244.0,35407.44274525705,1351.0,7,13,2429.0
22245.0,35407.44274525705,1357.0,7,13,2423.0
22246.0,35407.44274525705,1363.0,7,13,2417.0
22247.0,35407.44274525705,1369.0,7,13,2411.0
22248.0,35407.44274525705,1375.0,7,13,2405.0
22249.0,35407.44274525705,1381.0,7,13,2399.0
22250.0,35407.44274525705,1387.0,7,13,2393.0
22251.0,35407.44274525705,1393.0,7,13,2387.0
22252.0,35407.44274525705,1399.0,7,13,2381.0
22253.0,35407.44274525705,1405.0,7,13,2375.0
22254.0,35407.44274525705,1411.0,7,13,2369.0
22255.0,35407.44274525705,1417.0,7,13,2363.0
22256.0,35407.44274525705,1423.0,7,13,2357.0
22257.0,35407.44274525705,1429.0,7,13,2351.0
22258.0,35407.44274525705,1435.0,7,13,2345.0
22259.0,35407.44274525705,1441.0,7,13,2339.0
22260.0,35407.44274525705,1447.0,7,13,2333.0
22261.0,35407.44274525705,1453.0,7,13,2327.0
22262.0,35407.44274525705,1459.0,7,13,2321.0
22263.0,35407.44274525705,1465.0,7,13,2315.0
22264.0,35407.44274525705,1471.0,7,13,2309.0
22265.0,35407.44274525705,1477.0,7,13,2303.0
22266.0,35407.44274525705,1483.0,7,13,2297.0
22267.0,35407.44274525705,1489.0,7,13,2291.0
22268.0,35407.44274525705,1495.0,7,13,2285.0
22269.0,35407.44274525705,1501.0,7,13,2279.0
22270.0,35407.44274525705,1507.0,7,13,2273.0
22271.0,35407.44274525705,1513.0,7,13,2267.0
22272.0,35407.44274525705,1519.0,7,13,2261.0
22273.0,35407.44274525705,1525.0,7,13,2255.0
22274.0,35407.44274525705,1531.0,7,13,2249.0
22275.0,35407.44274525705,1537.0,7,13,2243.0
22276.0,35407.44274525705,1540.0,8,12,2240.0
22277.0,35407.592745257054,1540.0,8,12,2240.0
22278.0,35407.89274525706,1540.0,8,12,2240.0
22279.0,35408.376910907704,1540.0,8,12,2240.0
22280.0,35409.15601280791,1540.0,8,12,2240.0
22281.0,35410.23279044059,1540.0,8,12,2240.0
22282.0,35411.60825207532,1540.0,8,12,2240.0
22283.0,35413.28287026864,1540.0,8,12,2240.0
22284.0,35415.25690258323,1540.0,8,12,2240.0
22285.0,35417.53050439585,1540.0,8,12,2240.0
22286.0,35420.10377649713,1540.0,8,12,2240.0
22287.0,35422.97678792605,1540.0,8,12,2240.0
22288.0,35426.14958801573,1540.0,8,12,2240.0
22289.0,35429.62221323008,1540.0,8,12,2240.0
22290.0,35433.39469127593,1540.0,8,12,2240.0
22291.0,35437.46704369582,1540.0,8,12,2240.0
22292.0,35441.839287568364,1540.0,8,12,2240.0
22293.0,35446.51143666048,1540.0,8,12,2240.0
22294.0,35451.48350223065,1540.0,8,12,2240.0
22295.0,35456.755493602745,1540.0,8,12,2240.0
22296.0,35462.327418584624,1540.0,8,12,2240.0
22297.0,35468.19928377948,1540.0,8,12,2240.0
22298.0,35474.19928377948,1540.0,8,12,2240.0
22299.0,35480.19928377948,1540.0,8,12,2240.0
22300.0,35486.19928377948,1540.0,8,12,2240.0
22301.0,35492.19928377948,1540.0,8,12,2240.0
22302.0,35498.19928377948,1540.0,8,12,2240.0
22303.0,35504.19928377948,1540.0,8,12,2240.0
22304.0,35510.19928377948,1540.0,8,12,2240.0
22305.0,35516.19928377948,1540.0,8,12,2240.0
22306.0,35522.19928377948,1540.0,8,12,2240.0
22307.0,35528.19928377948,1540.0,8,12,2240.0
22308.0,35534.19928377948,1540.0,8,12,2240.0
22309.0,35540.199283779475,1540.0,8,12,2240.0
22310.0,35546.199283779475,1540.0,8,12,2240.0
22311.0,35552.199283779475,1540.0,8,12,2240.0
22312.0,35558.199283779475,1540.0,8,12,2240.0
22313.0,35564.199283779475,1540.0,8,12,2240.0
22314.0,35570.199283779475,1540.0,8,12,2240.0
22315.0,35576.199283779475,1540.0,8,12,2240.0
22316.0,35582.199283779475,1540.0,8,12,2240.0
22317.0,35588.199283779475,1540.0,8,12,2240.0
22318.0,35594.199283779475,1540.0,8,12,2240.0
22319.0,35600.199283779475,1540.0,8,12,2240.0
22320.0,35606.199283779475,1540.0,8,12,2240.0
22321.0,35612.199283779475,1540.0,8,12,2240.0
22322.0,35618.199283779475,1540.0,8,12,2240.0
22323.0,35624.199283779475,1540.0,8,12,2240.0
22324.0,35630.199283779475,1540.0,8,12,2240.0
22325.0,35636.199283779475,1540.0,8,12,2240.0
22326.0,35642.199283779475,1540.0,8,12,2240.0
22327.0,35648.199283779475,1540.0,8,12,2240.0
22328.0,35654.199283779475,1540.0,8,12,2240.0
22329.0,35660.199283779475,1540.0,8,12,2240.0
22330.0,35666.199283779475,1540.0,8,12,2240.0
22331.0,35672.199283779475,1540.0,8,12,2240.0
22332.0,35678.199283779475,1540.0,8,12,2240.0
22333.0,35684.199283779475,1540.0,8,12,2240.0
22334.0,35690.199283779475,1540.0,8,12,2240.0
22335.0,35696.199283779475,1540.0,8,12,2240.0
22336.0,35702.199283779475,1540.0,8,12,2240.0
22337.0,35708.199283779475,1540.0,8,12,2240.0
22338.0,35714.199283779475,1540.0,8,12,2240.0
22339.0,35720.199283779475,1540.0,8,12,2240.0
22340.0,35726.199283779475,1540.0,8,12,2240.0
22341.0,35732.199283779475,1540.0,8,12,2240.0
22342.0,35738.199283779475,1540.0,8,12,2240.0
22343.0,35744.199283779475,1540.0,8,12,2240.0
22344.0,35750.199283779475,1540.0,8,12,2240.0
22345.0,35756.199283779475,1540.0,8,12,2240.0
22346.0,35762.199283779475,1540.0,8,12,2240.0
22347.0,35768.199283779475,1540.0,8,12,2240.0
22348.0,35774.199283779475,1540.0,8,12,2240.0
22349.0,35780.199283779475,1540.0,8,12,2240.0
22350.0,35786.199283779475,1540.0,8,12,2240.0
22351.0,35792.199283779475,1540.0,8,12,2240.0
22352.0,35798.199283779475,1540.0,8,12,2240.0
22353.0,35804.199283779475,1540.0,8,12,2240.0
22354.0,35810.199283779475,1540.0,8,12,2240.0
22355.0,35816.199283779475,1540.0,8,12,2240.0
22356.0,35822.199283779475,1540.0,8,12,2240.0
22357.0,35828.199283779475,1540.0,8,12,2240.0
22358.0,35834.199283779475,1540.0,8,12,2240.0
22359.0,35840.199283779475,1540.0,8,12,2240.0
22360.0,35846.199283779475,1540.0,8,12,2240.0
22361.0,35852.199283779475,1540.0,8,12,2240.0
22362.0,35858.199283779475,1540.0,8,12,2240.0
22363.0,35864.199283779475,1540.0,8,12,2240.0
22364.0,35870.199283779475,1540.0,8,12,2240.0
22365.0,35876.199283779475,1540.0,8,12,2240.0
22366.0,35882.199283779475,1540.0,8,12,2240.0
22367.0,35888.199283779475,1540.0,8,12,2240.0
22368.0,35894.199283779475,1540.0,8,12,2240.0
22369.0,35900.199283779475,1540.0,8,12,2240.0
22370.0,35906.199283779475,1540.0,8,12,2240.0
22371.0,35912.199283779475,1540.0,8,12,2240.0
22372.0,35918.199283779475,1540.0,8,12,2240.0
22373.0,35924.199283779475,1540.0,8,12,2240.0
22374.0,35930.199283779475,1540.0,8,12,2240.0
22375.0,35936.199283779475,1540.0,8,12,2240.0
22376.0,35942.199283779475,1540.0,8,12,2240.0
22377.0,35948.199283779475,1540.0,8,12,2240.0
22378.0,35954.199283779475,1540.0,8,12,2240.0
22379.0,35960.199283779475,1540.0,8,12,2240.0
22380.0,35966.199283779475,1540.0,8,12,2240.0
22381.0,35972.199283779475,1540.0,8,12,2240.0
22382.0,35978.199283779475,1540.0,8,12,2240.0
22383.0,35984.199283779475,1540.0,8,12,2240.0
22384.0,35990.199283779475,1540.0,8,12,2240.0
22385.0,35996.199283779475,1540.0,8,12,2240.0
22386.0,36002.199283779475,1540.0,8,12,2240.0
22387.0,36008.199283779475,1540.0,8,12,2240.0
22388.0,36014.199283779475,1540.0,8,12,2240.0
22389.0,36020.199283779475,1540.0,8,12,2240.0
22390.0,36026.199283779475,1540.0,8,12,2240.0
22391.0,36032.199283779475,1540.0,8,12,2240.0
22392.0,36038.199283779475,1540.0,8,12,2240.0
22393.0,36044.199283779475,1540.0,8,12,2240.0
22394.0,36050.199283779475,1540.0,8,12,2240.0
22395.0,36056.199283779475,1540.0,8,12,2240.0
22396.0,36062.199283779475,1540.0,8,12,2240.0
22397.0,36068.199283779475,1540.0,8,12,2240.0
22398.0,36074.199283779475,1540.0,8,12,2240.0
22399.0,36080.199283779475,1540.0,8,12,2240.0
22400.0,36086.199283779475,1540.0,8,12,2240.0
22401.0,36092.199283779475,1540.0,8,12,2240.0
22402.0,36098.199283779475,1540.0,8,12,2240.0
22403.0,36104.199283779475,1540.0,8,12,2240.0
22404.0,36110.199283779475,1540.0,8,12,2240.0
22405.0,36116.199283779475,1540.0,8,12,2240.0
22406.0,36122.199283779475,1540.0,8,12,2240.0
22407.0,36128.199283779475,1540.0,8,12,2240.0
22408.0,36134.199283779475,1540.0,8,12,2240.0
22409.0,36140.199283779475,1540.0,8,12,2240.0
22410.0,36146.199283779475,1540.0,8,12,2240.0
22411.0,36152.199283779475,1540.0,8,12,2240.0
22412.0,36158.199283779475,1540.0,8,12,2240.0
22413.0,36164.199283779475,1540.0,8,12,2240.0
22414.0,36170.199283779475,1540.0,8,12,2240.0
22415.0,36176.199283779475,1540.0,8,12,2240.0
22416.0,36182.199283779475,1540.0,8,12,2240.0
22417.0,36188.199283779475,1540.0,8,12,2240.0
22418.0,36194.199283779475,1540.0,8,12,2240.0
22419.0,36200.199283779475,1540.0,8,12,2240.0
22420.0,36206.199283779475,1540.0,8,12,2240.0
22421.0,36212.199283779475,1540.0,8,12,2240.0
22422.0,36218.199283779475,1540.0,8,12,2240.0
22423.0,36224.199283779475,1540.0,8,12,2240.0
22424.0,36230.199283779475,1540.0,8,12,2240.0
22425.0,36236.199283779475,1540.0,8,12,2240.0
22426.0,36242.199283779475,1540.0,8,12,2240.0
22427.0,36248.199283779475,1540.0,8,12,2240.0
22428.0,36254.199283779475,1540.0,8,12,2240.0
22429.0,36260.199283779475,1540.0,8,12,2240.0
22430.0,36266.199283779475,1540.0,8,12,2240.0
22431.0,36272.199283779475,1540.0,8,12,2240.0
22432.0,36278.199283779475,1540.0,8,12,2240.0
22433.0,36284.199283779475,1540.0,8,12,2240.0
22434.0,36290.199283779475,1540.0,8,12,2240.0
22435.0,36296.199283779475,1540.0,8,12,2240.0
22436.0,36302.199283779475,1540.0,8,12,2240.0
22437.0,36308.199283779475,1540.0,8,12,2240.0
22438.0,36314.199283779475,1540.0,8,12,2240.0
22439.0,36320.199283779475,1540.0,8,12,2240.0
22440.0,36326.199283779475,1540.0,8,12,2240.0
22441.0,36332.199283779475,1540.0,8,12,2240.0
22442.0,36338.199283779475,1540.0,8,12,2240.0
22443.0,36344.199283779475,1540.0,8,12,2240.0
22444.0,36350.199283779475,1540.0,8,12,2240.0
22445.0,36356.199283779475,1540.0,8,12,2240.0
22446.0,36362.199283779475,1540.0,8,12,2240.0
22447.0,36368.199283779475,1540.0,8,12,2240.0
22448.0,36374.199283779475,1540.0,8,12,2240.0
22449.0,36380.199283779475,1540.0,8,12,2240.0
22450.0,36386.199283779475,1540.0,8,12,2240.0
22451.0,36392.199283779475,1540.0,8,12,2240.0
22452.0,36398.199283779475,1540.0,8,12,2240.0
22453.0,36404.199283779475,1540.0,8,12,2240.0
22454.0,36410.199283779475,1540.0,8,12,2240.0
22455.0,36416.199283779475,1540.0,8,12,2240.0
22456.0,36422.199283779475,1540.0,8,12,2240.0
22457.0,36428.199283779475,1540.0,8,12,2240.0
22458.0,36434.199283779475,1540.0,8,12,2240.0
22459.0,36440.199283779475,1540.0,8,12,2240.0
22460.0,36446.199283779475,1540.0,8,12,2240.0
22461.0,36452.199283779475,1540.0,8,12,2240.0
22462.0,36458.199283779475,1540.0,8,12,2240.0
22463.0,36464.199283779475,1540.0,8,12,2240.0
22464.0,36470.199283779475,1540.0,8,12,2240.0
22465.0,36476.199283779475,1540.0,8,12,2240.0
22466.0,36482.199283779475,1540.0,8,12,2240.0
22467.0,36488.199283779475,1540.0,8,12,2240.0
22468.0,36494.199283779475,1540.0,8,12,2240.0
22469.0,36500.199283779475,1540.0,8,12,2240.0
22470.0,36506.199283779475,1540.0,8,12,2240.0
22471.0,36512.199283779475,1540.0,8,12,2240.0
22472.0,36518.199283779475,1540.0,8,12,2240.0
22473.0,36524.199283779475,1540.0,8,12,2240.0
22474.0,36530.199283779475,1540.0,8,12,2240.0
22475.0,36536.199283779475,1540.0,8,12,2240.0
22476.0,36542.199283779475,1540.0,8,12,2240.0
22477.0,36548.199283779475,1540.0,8,12,2240.0
22478.0,36554.199283779475,1540.0,8,12,2240.0
22479.0,36560.199283779475,1540.0,8,12,2240.0
22480.0,36566.199283779475,1540.0,8,12,2240.0
22481.0,36572.199283779475,1540.0,8,12,2240.0
22482.0,36578.199283779475,1540.0,8,12,2240.0
22483.0,36584.199283779475,1540.0,8,12,2240.0
22484.0,36590.199283779475,1540.0,8,12,2240.0
22485.0,36596.199283779475,1540.0,8,12,2240.0
22486.0,36602.199283779475,1540.0,8,12,2240.0
22487.0,36608.199283779475,1540.0,8,12,2240.0
22488.0,36614.199283779475,1540.0,8,12,2240.0
22489.0,36620.199283779475,1540.0,8,12,2240.0
22490.0,36626.199283779475,1540.0,8,12,2240.0
22491.0,36632.199283779475,1540.0,8,12,2240.0
22492.0,36638.199283779475,1540.0,8,12,2240.0
22493.0,36644.199283779475,1540.0,8,12,2240.0
22494.0,36650.199283779475,1540.0,8,12,2240.0
22495.0,36656.199283779475,1540.0,8,12,2240.0
22496.0,36662.199283779475,1540.0,8,12,2240.0
22497.0,36668.199283779475,1540.0,8,12,2240.0
22498.0,36674.199283779475,1540.0,8,12,2240.0
22499.0,36680.199283779475,1540.0,8,12,2240.0
22500.0,36686.199283779475,1540.0,8,12,2240.0
22501.0,36692.199283779475,1540.0,8,12,2240.0
22502.0,36698.199283779475,1540.0,8,12,2240.0
22503.0,36704.199283779475,1540.0,8,12,2240.0
22504.0,36710.199283779475,1540.0,8,12,2240.0
22505.0,36716.199283779475,1540.0,8,12,2240.0
22506.0,36722.199283779475,1540.0,8,12,2240.0
22507.0,36728.199283779475,1540.0,8,12,2240.0
22508.0,36734.199283779475,1540.0,8,12,2240.0
22509.0,36740.199283779475,1540.0,8,12,2240.0
22510.0,36746.199283779475,1540.0,8,12,2240.0
22511.0,36752.199283779475,1540.0,8,12,2240.0
22512.0,36758.199283779475,1540.0,8,12,2240.0
22513.0,36764.199283779475,1540.0,8,12,2240.0
22514.0,36770.199283779475,1540.0,8,12,2240.0
22515.0,36776.199283779475,1540.0,8,12,2240.0
22516.0,36782.199283779475,1540.0,8,12,2240.0
22517.0,36788.199283779475,1540.0,8,12,2240.0
22518.0,36794.199283779475,1540.0,8,12,2240.0
22519.0,36800.199283779475,1540.0,8,12,2240.0
22520.0,36806.199283779475,1540.0,8,12,2240.0
22521.0,36812.199283779475,1540.0,8,12,2240.0
22522.0,36818.199283779475,1540.0,8,12,2240.0
22523.0,36824.199283779475,1540.0,8,12,2240.0
22524.0,36830.199283779475,1540.0,8,12,2240.0
22525.0,36836.199283779475,1540.0,8,12,2240.0
22526.0,36842.199283779475,1540.0,8,12,2240.0
22527.0,36848.199283779475,1540.0,8,12,2240.0
22528.0,36854.199283779475,1540.0,8,12,2240.0
22529.0,36860.199283779475,1540.0,8,12,2240.0
22530.0,36866.199283779475,1540.0,8,12,2240.0
22531.0,36872.199283779475,1540.0,8,12,2240.0
22532.0,36878.199283779475,1540.0,8,12,2240.0
22533.0,36884.199283779475,1540.0,8,12,2240.0
22534.0,36890.199283779475,1540.0,8,12,2240.0
22535.0,36896.199283779475,1540.0,8,12,2240.0
22536.0,36902.199283779475,1540.0,8,12,2240.0
22537.0,36908.199283779475,1540.0,8,12,2240.0
22538.0,36914.199283779475,1540.0,8,12,2240.0
22539.0,36920.199283779475,1540.0,8,12,2240.0
22540.0,36926.199283779475,1540.0,8,12,2240.0
22541.0,36932.199283779475,1540.0,8,12,2240.0
22542.0,36938.199283779475,1540.0,8,12,2240.0
22543.0,36944.199283779475,1540.0,8,12,2240.0
22544.0,36950.199283779475,1540.0,8,12,2240.0
22545.0,36956.199283779475,1540.0,8,12,2240.0
22546.0,36962.199283779475,1540.0,8,12,2240.0
22547.0,36968.199283779475,1540.0,8,12,2240.0
22548.0,36974.199283779475,1540.0,8,12,2240.0
22549.0,36980.199283779475,1540.0,8,12,2240.0
22550.0,36986.199283779475,1540.0,8,12,2240.0
22551.0,36992.199283779475,1540.0,8,12,2240.0
22552.0,36998.199283779475,1540.0,8,12,2240.0
22553.0,37004.199283779475,1540.0,8,12,2240.0
22554.0,37010.199283779475,1540.0,8,12,2240.0
22555.0,37016.199283779475,1540.0,8,12,2240.0
22556.0,37022.199283779475,1540.0,8,12,2240.0
22557.0,37028.199283779475,1540.0,8,12,2240.0
22558.0,37034.199283779475,1540.0,8,12,2240.0
22559.0,37040.199283779475,1540.0,8,12,2240.0
22560.0,37046.199283779475,1540.0,8,12,2240.0
22561.0,37052.199283779475,1540.0,8,12,2240.0
22562.0,37058.199283779475,1540.0,8,12,2240.0
22563.0,37064.199283779475,1540.0,8,12,2240.0
22564.0,37070.199283779475,1540.0,8,12,2240.0
22565.0,37076.199283779475,1540.0,8,12,2240.0
22566.0,37082.199283779475,1540.0,8,12,2240.0
22567.0,37088.199283779475,1540.0,8,12,2240.0
22568.0,37094.199283779475,1540.0,8,12,2240.0
22569.0,37100.199283779475,1540.0,8,12,2240.0
22570.0,37106.199283779475,1540.0,8,12,2240.0
22571.0,37112.199283779475,1540.0,8,12,2240.0
22572.0,37118.199283779475,1540.0,8,12,2240.0
22573.0,37124.199283779475,1540.0,8,12,2240.0
22574.0,37130.199283779475,1540.0,8,12,2240.0
22575.0,37136.199283779475,1540.0,8,12,2240.0
22576.0,37142.199283779475,1540.0,8,12,2240.0
22577.0,37148.199283779475,1540.0,8,12,2240.0
22578.0,37154.199283779475,1540.0,8,12,2240.0
22579.0,37160.199283779475,1540.0,8,12,2240.0
22580.0,37166.199283779475,1540.0,8,12,2240.0
22581.0,37172.199283779475,1540.0,8,12,2240.0
22582.0,37178.199283779475,1540.0,8,12,2240.0
22583.0,37184.199283779475,1540.0,8,12,2240.0
22584.0,37190.199283779475,1540.0,8,12,2240.0
22585.0,37196.199283779475,1540.0,8,12,2240.0
22586.0,37202.199283779475,1540.0,8,12,2240.0
22587.0,37208.199283779475,1540.0,8,12,2240.0
22588.0,37214.199283779475,1540.0,8,12,2240.0
22589.0,37220.199283779475,1540.0,8,12,2240.0
22590.0,37226.199283779475,1540.0,8,12,2240.0
22591.0,37232.199283779475,1540.0,8,12,2240.0
22592.0,37238.199283779475,1540.0,8,12,2240.0
22593.0,37244.199283779475,1540.0,8,12,2240.0
22594.0,37250.199283779475,1540.0,8,12,2240.0
22595.0,37256.199283779475,1540.0,8,12,2240.0
22596.0,37262.199283779475,1540.0,8,12,2240.0
22597.0,37268.199283779475,1540.0,8,12,2240.0
22598.0,37274.199283779475,1540.0,8,12,2240.0
22599.0,37280.199283779475,1540.0,8,12,2240.0
22600.0,37286.199283779475,1540.0,8,12,2240.0
22601.0,37292.199283779475,1540.0,8,12,2240.0
22602.0,37298.199283779475,1540.0,8,12,2240.0
22603.0,37304.199283779475,1540.0,8,12,2240.0
22604.0,37310.199283779475,1540.0,8,12,2240.0
22605.0,37316.199283779475,1540.0,8,12,2240.0
22606.0,37322.199283779475,1540.0,8,12,2240.0
22607.0,37328.199283779475,1540.0,8,12,2240.0
22608.0,37334.199283779475,1540.0,8,12,2240.0
22609.0,37340.199283779475,1540.0,8,12,2240.0
22610.0,37346.199283779475,1540.0,8,12,2240.0
22611.0,37352.199283779475,1540.0,8,12,2240.0
22612.0,37358.199283779475,1540.0,8,12,2240.0
22613.0,37364.199283779475,1540.0,8,12,2240.0
22614.0,37370.199283779475,1540.0,8,12,2240.0
22615.0,37376.199283779475,1540.0,8,12,2240.0
22616.0,37382.199283779475,1540.0,8,12,2240.0
22617.0,37388.199283779475,1540.0,8,12,2240.0
22618.0,37394.199283779475,1540.0,8,12,2240.0
22619.0,37400.199283779475,1540.0,8,12,2240.0
22620.0,37406.199283779475,1540.0,8,12,2240.0
22621.0,37412.199283779475,1540.0,8,12,2240.0
22622.0,37418.199283779475,1540.0,8,12,2240.0
22623.0,37424.199283779475,1540.0,8,12,2240.0
22624.0,37430.199283779475,1540.0,8,12,2240.0
22625.0,37436.199283779475,1540.0,8,12,2240.0
22626.0,37442.199283779475,1540.0,8,12,2240.0
22627.0,37448.199283779475,1540.0,8,12,2240.0
22628.0,37454.199283779475,1540.0,8,12,2240.0
22629.0,37460.199283779475,1540.0,8,12,2240.0
22630.0,37466.199283779475,1540.0,8,12,2240.0
22631.0,37472.199283779475,1540.0,8,12,2240.0
22632.0,37478.199283779475,1540.0,8,12,2240.0
22633.0,37484.199283779475,1540.0,8,12,2240.0
22634.0,37490.199283779475,1540.0,8,12,2240.0
22635.0,37496.199283779475,1540.0,8,12,2240.0
22636.0,37502.199283779475,1540.0,8,12,2240.0
22637.0,37508.199283779475,1540.0,8,12,2240.0
22638.0,37514.199283779475,1540.0,8,12,2240.0
22639.0,37520.199283779475,1540.0,8,12,2240.0
22640.0,37526.199283779475,1540.0,8,12,2240.0
22641.0,37532.199283779475,1540.0,8,12,2240.0
22642.0,37538.199283779475,1540.0,8,12,2240.0
22643.0,37544.199283779475,1540.0,8,12,2240.0
22644.0,37550.199283779475,1540.0,8,12,2240.0
22645.0,37556.199283779475,1540.0,8,12,2240.0
22646.0,37562.199283779475,1540.0,8,12,2240.0
22647.0,37568.199283779475,1540.0,8,12,2240.0
22648.0,37574.199283779475,1540.0,8,12,2240.0
22649.0,37580.19347241559,1540.0,8,12,2240.0
22650.0,37586.16777727897,1540.0,8,12,2240.0
22651.0,37592.12259604508,1540.0,8,12,2240.0
22652.0,37598.05831843588,1540.0,8,12,2240.0
22653.0,37603.97532637885,1540.0,8,12,2240.0
22654.0,37608.97532637885,1540.0,8,12,2240.0
22655.0,37613.97532637885,1540.0,8,12,2240.0
22656.0,37618.97532637885,1540.0,8,12,2240.0
22657.0,37623.97532637885,1540.0,8,12,2240.0
22658.0,37628.9613830402,1540.0,8,12,2240.0
22659.0,37633.927718568324,1540.0,8,12,2240.0
22660.0,37638.87472738588,1540.0,8,12,2240.0
22661.0,37643.80279602709,1540.0,8,12,2240.0
22662.0,37648.71230329548,1540.0,8,12,2240.0
22663.0,37652.76230329548,1540.0,8,12,2240.0
22664.0,37653.16230329548,1540.0,8,12,2240.0
22665.0,37653.626861872515,1540.0,8,12,2240.0
22666.0,37654.48095505226,1540.0,8,12,2240.0
22667.0,37655.73096418719,1540.0,8,12,2240.0
22668.0,37657.37887795949,1540.0,8,12,2240.0
22669.0,37659.42552903303,1540.0,8,12,2240.0
22670.0,37661.8713387909,1540.0,8,12,2240.0
22671.0,37664.71654864506,1540.0,8,12,2240.0
22672.0,37667.961309387225,1540.0,8,12,2240.0
22673.0,37671.60572137293,1540.0,8,12,2240.0
22674.0,37675.649854706746,1540.0,8,12,2240.0
22675.0,37680.093760267395,1540.0,8,12,2240.0
22676.0,37684.937476137675,1540.0,8,12,2240.0
22677.0,37690.18103155752,1540.0,8,12,2240.0
22678.0,37695.824449461696,1540.0,8,12,2240.0
22679.0,37701.86774816912,1540.0,8,12,2240.0
22680.0,37708.31094254239,1540.0,8,12,2240.0
22681.0,37715.15404480507,1540.0,8,12,2240.0
22682.0,37722.397065131016,1540.0,8,12,2240.0
22683.0,37730.04001207802,1540.0,8,12,2240.0
22684.0,37738.03289291258,1540.0,8,12,2240.0
22685.0,37746.03289291258,1540.0,8,12,2240.0
22686.0,37754.03289291258,1540.0,8,12,2240.0
22687.0,37762.03289291258,1540.0,8,12,2240.0
22688.0,37770.03289291258,1540.0,8,12,2240.0
22689.0,37778.03289291258,1540.0,8,12,2240.0
22690.0,37786.03289291258,1540.0,8,12,2240.0
22691.0,37794.03289291258,1540.0,8,12,2240.0
22692.0,37802.03289291258,1540.0,8,12,2240.0
22693.0,37810.03289291258,1540.0,8,12,2240.0
22694.0,37818.03289291258,1540.0,8,12,2240.0
22695.0,37826.03289291258,1540.0,8,12,2240.0
22696.0,37834.03289291258,1540.0,8,12,2240.0
22697.0,37842.03289291258,1540.0,8,12,2240.0
22698.0,37850.03289291258,1540.0,8,12,2240.0
22699.0,37858.03289291258,1540.0,8,12,2240.0
22700.0,37866.03289291258,1540.0,8,12,2240.0
22701.0,37874.03289291258,1540.0,8,12,2240.0
22702.0,37882.028282178224,1540.0,8,12,2240.0
22703.0,37890.00376365855,1540.0,8,12,2240.0
22704.0,37897.95973550926,1540.0,8,12,2240.0
22705.0,37905.89658792297,1540.0,8,12,2240.0
22706.0,37913.81470328841,1540.0,8,12,2240.0
22707.0,37920.81470328841,1540.0,8,12,2240.0
22708.0,37927.81470328841,1540.0,8,12,2240.0
22709.0,37934.81470328841,1540.0,8,12,2240.0
22710.0,37941.81470328841,1540.0,8,12,2240.0
22711.0,37948.81470328841,1540.0,8,12,2240.0
22712.0,37955.81470328841,1540.0,8,12,2240.0
22713.0,37962.81470328841,1540.0,8,12,2240.0
22714.0,37969.81470328841,1540.0,8,12,2240.0
22715.0,37976.81470328841,1540.0,8,12,2240.0
22716.0,37983.81470328841,1540.0,8,12,2240.0
22717.0,37990.81470328841,1540.0,8,12,2240.0
22718.0,37997.81470328841,1540.0,8,12,2240.0
22719.0,38004.79905572498,1540.0,8,12,2240.0
22720.0,38011.76372111281,1540.0,8,12,2240.0
22721.0,38018.70909319289,1540.0,8,12,2240.0
22722.0,38025.635557831374,1540.0,8,12,2240.0
22723.0,38032.54349317708,1540.0,8,12,2240.0
22724.0,38038.54349317708,1540.0,8,12,2240.0
22725.0,38044.54349317708,1540.0,8,12,2240.0
22726.0,38050.54349317708,1540.0,8,12,2240.0
22727.0,38056.54349317708,1540.0,8,12,2240.0
22728.0,38062.54349317708,1540.0,8,12,2240.0
22729.0,38068.54349317708,1540.0,8,12,2240.0
22730.0,38074.54349317708,1540.0,8,12,2240.0
22731.0,38080.54349317708,1540.0,8,12,2240.0
22732.0,38086.54349317708,1540.0,8,12,2240.0
22733.0,38092.54349317708,1540.0,8,12,2240.0
22734.0,38098.54349317708,1540.0,8,12,2240.0
22735.0,38104.54349317708,1540.0,8,12,2240.0
22736.0,38110.54349317708,1540.0,8,12,2240.0
22737.0,38116.54349317708,1540.0,8,12,2240.0
22738.0,38122.54349317708,1540.0,8,12,2240.0
22739.0,38128.54349317708,1540.0,8,12,2240.0
22740.0,38134.54349317708,1540.0,8,12,2240.0
22741.0,38140.54349317708,1540.0,8,12,2240.0
22742.0,38146.54349317708,1540.0,8,12,2240.0
22743.0,38152.54349317708,1540.0,8,12,2240.0
22744.0,38158.54349317708,1540.0,8,12,2240.0
22745.0,38164.54349317708,1540.0,8,12,2240.0
22746.0,38170.54349317708,1540.0,8,12,2240.0
22747.0,38176.54349317708,1540.0,8,12,2240.0
22748.0,38182.54349317708,1540.0,8,12,2240.0
22749.0,38188.532758580186,1540.0,8,12,2240.0
22750.0,38194.50223867523,1540.0,8,12,2240.0
22751.0,38200.452329168365,1540.0,8,12,2240.0
22752.0,38206.38341785165,1540.0,8,12,2240.0
22753.0,38212.29588476125,1540.0,8,12,2240.0
22754.0,38217.36724515365,1540.0,8,12,2240.0
22755.0,38219.823003501384,1540.0,8,12,2240.0
22756.0,38221.657801288864,1540.0,8,12,2240.0
22757.0,38223.8738562058,1540.0,8,12,2240.0
22758.0,38226.47352451565,1540.0,8,12,2240.0
22759.0,38229.45929322135,1540.0,8,12,2240.0
22760.0,38232.83376788237,1540.0,8,12,2240.0
22761.0,38236.24965597586,1540.0,8,12,2240.0
22762.0,38240.009746027405,1540.0,8,12,2240.0
22763.0,38244.11688310781,1540.0,8,12,2240.0
22764.0,38248.573941650764,1540.0,8,12,2240.0
22765.0,38253.38379683176,1540.0,8,12,2240.0
22766.0,38258.54929590959,1540.0,8,12,2240.0
22767.0,38264.0732309357,1540.0,8,12,2240.0
22768.0,38269.95831408395,1540.0,8,12,2240.0
22769.0,38276.20715657289,1540.0,8,12,2240.0
22770.0,38282.82225179665,1540.0,8,12,2240.0
22771.0,38289.80596290902,1540.0,8,12,2240.0
22772.0,38297.145861369936,1540.0,8,12,2240.0
22773.0,38304.742398573915,1540.0,8,12,2240.0
22774.0,38312.524079411276,1540.0,8,12,2240.0
22775.0,38320.3191266319,1540.0,8,12,2240.0
22776.0,38328.078272908104,1540.0,8,12,2240.0
22777.0,38335.80223625879,1540.0,8,12,2240.0
22778.0,38343.491720342456,1540.0,8,12,2240.0
22779.0,38351.14741474445,1540.0,8,12,2240.0
22780.0,38358.76999525841,1540.0,8,12,2240.0
22781.0,38366.36012416208,1540.0,8,12,2240.0
22782.0,38373.91845048768,1540.0,8,12,2240.0
22783.0,38381.44561028678,1540.0,8,12,2240.0
22784.0,38388.942226889885,1540.0,8,12,2240.0
22785.0,38396.40891116093,1540.0,8,12,2240.0
22786.0,38403.846261746556,1540.0,8,12,2240.0
22787.0,38411.25486532047,1540.0,8,12,2240.0
22788.0,38418.635296822904,1540.0,8,12,2240.0
22789.0,38425.98811969529,1540.0,8,12,2240.0
22790.0,38433.31388611023,1540.0,8,12,2240.0
22791.0,38440.61313719687,1540.0,8,12,2240.0
22792.0,38447.88640326178,1540.0,8,12,2240.0
22793.0,38455.134204005386,1540.0,8,12,2240.0
22794.0,38462.35704873412,1540.0,8,12,2240.0
22795.0,38469.55543656829,1540.0,8,12,2240.0
22796.0,38476.72985664576,1540.0,8,12,2240.0
22797.0,38483.880788321694,1540.0,8,12,2240.0
22798.0,38491.0087013641,1540.0,8,12,2240.0
22799.0,38498.11405614566,1540.0,8,12,2240.0
22800.0,38505.18079725967,1540.0,8,12,2240.0
22801.0,38512.2062035514,1540.0,8,12,2240.0
22802.0,38519.18382621839,1540.0,8,12,2240.0
22803.0,38526.101896432025,1540.0,8,12,2240.0
22804.0,38532.96160524139,1540.0,8,12,2240.0
22805.0,38539.76411987458,1540.0,8,12,2240.0
22806.0,38546.510584215095,1540.0,8,12,2240.0
22807.0,38553.2021192688,1540.0,8,12,2240.0
22808.0,38559.83982362143,1540.0,8,12,2240.0
22809.0,38566.42477388701,1540.0,8,12,2240.0
22810.0,38572.95802514728,1540.0,8,12,2240.0
22811.0,38579.44061138235,1540.0,8,12,2240.0
22812.0,38585.873545892704,1540.0,8,12,2240.0
22813.0,38592.25782171286,1540.0,8,12,2240.0
22814.0,38598.59441201661,1540.0,8,12,2240.0
22815.0,38604.88427051429,1540.0,8,12,2240.0
22816.0,38611.12833184201,1540.0,8,12,2240.0
22817.0,38617.32751194318,1540.0,8,12,2240.0
22818.0,38623.482708442316,1540.0,8,12,2240.0
22819.0,38629.59480101148,1540.0,8,12,2240.0
22820.0,38635.66465172926,1540.0,8,12,2240.0
22821.0,38641.693105432685,1540.0,8,12,2240.0
22822.0,38647.68099006204,1540.0,8,12,2240.0
22823.0,38653.62911699881,1540.0,8,12,2240.0
22824.0,38659.538281396846,1540.0,8,12,2240.0
22825.0,38665.40926250692,1540.0,8,12,2240.0
22826.0,38671.242823994784,1540.0,8,12,2240.0
22827.0,38677.0397142529,1540.0,8,12,2240.0
22828.0,38682.80066670585,1540.0,8,12,2240.0
22829.0,38688.52640010974,1540.0,8,12,2240.0
22830.0,38694.217618845556,1540.0,8,12,2240.0
22831.0,38699.875013206656,1540.0,8,12,2240.0
22832.0,38705.49925968053,1540.0,8,12,2240.0
22833.0,38711.09102122493,1540.0,8,12,2240.0
22834.0,38716.65094753844,1540.0,8,12,2240.0
22835.0,38721.17967532568,1540.0,8,12,2240.0
22836.0,38725.665950226015,1540.0,8,12,2240.0
22837.0,38730.10249962835,1540.0,8,12,2240.0
22838.0,38734.49031804264,1540.0,8,12,2240.0
22839.0,38738.83038008864,1540.0,8,12,2240.0
22840.0,38743.10954922673,1540.0,8,12,2240.0
22841.0,38746.4299512558,1540.0,8,12,2240.0
22842.0,38749.703945244306,1540.0,8,12,2240.0
22843.0,38752.93245935303,1540.0,8,12,2240.0
22844.0,38756.116403179585,1540.0,8,12,2240.0
22845.0,38758.365485083676,1540.0,8,12,2240.0
22846.0,38760.58958534968,1540.0,8,12,2240.0
22847.0,38762.789203610366,1540.0,8,12,2240.0
22848.0,38764.964829505836,1540.0,8,12,2240.0
22849.0,38767.1169428834,1540.0,8,12,2240.0
22850.0,38769.246013993405,1540.0,8,12,2240.0
22851.0,38771.35250368121,1540.0,8,12,2240.0
22852.0,38773.43686357527,1540.0,8,12,2240.0
22853.0,38775.49953627145,1540.0,8,12,2240.0
22854.0,38777.540955513694,1540.0,8,12,2240.0
22855.0,38779.5615463711,1540.0,8,12,2240.0
22856.0,38781.56172541136,1540.0,8,12,2240.0
22857.0,38783.54190087081,1540.0,8,12,2240.0
22858.0,38785.50247282107,1540.0,8,12,2240.0
22859.0,38787.44383333233,1540.0,8,12,2240.0
22860.0,38789.36636663336,1540.0,8,12,2240.0
22861.0,38791.27044926837,1540.0,8,12,2240.0
22862.0,38793.15645025068,1540.0,8,12,2240.0
22863.0,38795.02473121334,1540.0,8,12,2240.0
22864.0,38796.87564655676,1540.0,8,12,2240.0
22865.0,38798.7095435933,1540.0,8,12,2240.0
22866.0,38800.526762689115,1540.0,8,12,2240.0
22867.0,38802.32763740302,1540.0,8,12,2240.0
22868.0,38804.112494622634,1540.0,8,12,2240.0
22869.0,38805.881654697856,1540.0,8,12,2240.0
22870.0,38807.63543157158,1540.0,8,12,2240.0
22871.0,38809.374132907826,1540.0,8,12,2240.0
22872.0,38811.09806021735,1540.0,8,12,2240.0
22873.0,38812.80750898068,1540.0,8,12,2240.0
22874.0,38814.50276876875,1540.0,8,12,2240.0
22875.0,38816.18412336105,1540.0,8,12,2240.0
22876.0,38817.8518508615,1540.0,8,12,2240.0
22877.0,38819.50622381196,1540.0,8,12,2240.0
22878.0,38821.147509303395,1540.0,8,12,2240.0
22879.0,38822.77596908501,1540.0,8,12,2240.0
22880.0,38824.391859670985,1540.0,8,12,2240.0
22881.0,38825.99543244524,1540.0,8,12,2240.0
22882.0,38827.58693376402,1540.0,8,12,2240.0
22883.0,38829.166605056416,1540.0,8,12,2240.0
22884.0,38830.734682922965,1540.0,8,12,2240.0
22885.0,38832.291399232185,1540.0,8,12,2240.0
22886.0,38833.836981215216,1540.0,8,12,2240.0
22887.0,38835.37165155859,1540.0,8,12,2240.0
22888.0,38836.8956284951,1540.0,8,12,2240.0
22889.0,38838.409125892875,1540.0,8,12,2240.0
22890.0,38839.912353342705,1540.0,8,12,2240.0
22891.0,38841.405516243525,1540.0,8,12,2240.0
22892.0,38842.88881588633,1540.0,8,12,2240.0
22893.0,38844.36244953629,1540.0,8,12,2240.0
22894.0,38845.82661051324,1540.0,8,12,2240.0
22895.0,38847.28148827065,1540.0,8,12,2240.0
22896.0,38848.72726847292,1540.0,8,12,2240.0
22897.0,38850.164133071135,1540.0,8,12,2240.0
22898.0,38851.592260377394,1540.0,8,12,2240.0
22899.0,38853.011825137524,1540.0,8,12,2240.0
22900.0,38854.42299860245,1540.0,8,12,2240.0
22901.0,38855.82594859808,1540.0,8,12,2240.0
22902.0,38857.2208395938,1540.0,8,12,2240.0
22903.0,38858.6078327696,1540.0,8,12,2240.0
22904.0,38859.98708608189,1540.0,8,12,2240.0
22905.0,38861.35875432793,1540.0,8,12,2240.0
22906.0,38862.72298920905,1540.0,8,12,2240.0
22907.0,38864.07993939254,1540.0,8,12,2240.0
22908.0,38865.42975057237,1540.0,8,12,2240.0
22909.0,38866.772565528605,1540.0,8,12,2240.0
22910.0,38868.108524185714,1540.0,8,12,2240.0
22911.0,38869.43776366967,1540.0,8,12,2240.0
22912.0,38870.76041836396,1540.0,8,12,2240.0
22913.0,38872.07661996436,1540.0,8,12,2240.0
22914.0,38873.38649753275,1540.0,8,12,2240.0
22915.0,38874.690177549775,1540.0,8,12,2240.0
22916.0,38875.987783966455,1540.0,8,12,2240.0
22917.0,38877.279438254816,1540.0,8,12,2240.0
22918.0,38878.56525945739,1540.0,8,12,2240.0
22919.0,38879.84536423592,1540.0,8,12,2240.0
22920.0,38881.11986691888,1540.0,8,12,2240.0
22921.0,38882.38887954818,1540.0,8,12,2240.0
22922.0,38883.6525119249,1540.0,8,12,2240.0
22923.0,38884.91087165408,1540.0,8,12,2240.0
22924.0,38886.16406418868,1540.0,8,12,2240.0
22925.0,38887.41219287258,1540.0,8,12,2240.0
22926.0,38888.65535898281,1540.0,8,12,2240.0
22927.0,38889.89366177083,1540.0,8,12,2240.0
22928.0,38891.12719850309,1540.0,8,12,2240.0
22929.0,38892.35606450071,1540.0,8,12,2240.0
22930.0,38893.580353178375,1540.0,8,12,2240.0
22931.0,38894.800156082485,1540.0,8,12,2240.0
22932.0,38896.015562928515,1540.0,8,12,2240.0
22933.0,38897.22666163762,1540.0,8,12,2240.0
22934.0,38898.43353837255,1540.0,8,12,2240.0
22935.0,38899.636277572776,1540.0,8,12,2240.0
22936.0,38900.834961989,1540.0,8,12,2240.0
22937.0,38902.029672716904,1540.0,8,12,2240.0
22938.0,38903.22048923024,1540.0,8,12,2240.0
22939.0,38904.40748941331,1540.0,8,12,2240.0
22940.0,38905.590749592724,1540.0,8,12,2240.0
22941.0,38906.770344568555,1540.0,8,12,2240.0
22942.0,38907.94634764486,1540.0,8,12,2240.0
22943.0,38909.118830659645,1540.0,8,12,2240.0
22944.0,38910.28786401413,1540.0,8,12,2240.0
22945.0,38911.45351670153,1540.0,8,12,2240.0
22946.0,38912.61585633517,1540.0,8,12,2240.0
22947.0,38913.77494917615,1540.0,8,12,2240.0
22948.0,38914.930860160304,1540.0,8,12,2240.0
22949.0,38916.083652924775,1540.0,8,12,2240.0
22950.0,38917.23338983396,1540.0,8,12,2240.0
22951.0,38918.38013200496,1540.0,8,12,2240.0
22952.0,38919.52393933254,1540.0,8,12,2240.0
22953.0,38920.66487051357,1540.0,8,12,2240.0
22954.0,38921.80298307097,1540.0,8,12,2240.0
22955.0,38922.938333377235,1540.0,8,12,2240.0
22956.0,38924.070976677365,1540.0,8,12,2240.0
22957.0,38925.2009671115,1540.0,8,12,2240.0
22958.0,38926.32835773695,1540.0,8,12,2240.0
22959.0,38927.453200549884,1540.0,8,12,2240.0
22960.0,38928.57554650657,1540.0,8,12,2240.0
22961.0,38929.695445544116,1540.0,8,12,2240.0
22962.0,38930.81294660092,1540.0,8,12,2240.0
22963.0,38931.908366457894,1540.0,8,12,2240.0
22964.0,38933.001877917726,1540.0,8,12,2240.0
22965.0,38934.07382958259,1540.0,8,12,2240.0
22966.0,38935.144342214146,1540.0,8,12,2240.0
22967.0,38936.213444593086,1540.0,8,12,2240.0
22968.0,38937.28116492444,1540.0,8,12,2240.0
22969.0,38938.34753084916,1540.0,8,12,2240.0
22970.0,38939.412569455395,1540.0,8,12,2240.0
22971.0,38940.4763072895,1540.0,8,12,2240.0
22972.0,38941.538770366926,1540.0,8,12,2240.0
22973.0,38942.5999841828,1540.0,8,12,2240.0
22974.0,38943.65997372236,1540.0,8,12,2240.0
22975.0,38944.71876347112,1540.0,8,12,2240.0
22976.0,38945.77637742492,1540.0,8,12,2240.0
22977.0,38946.83283909963,1540.0,8,12,2240.0
22978.0,38947.88817154085,1540.0,8,12,2240.0
22979.0,38948.942397333245,1540.0,8,12,2240.0
22980.0,38949.9955386098,1540.0,8,12,2240.0
22981.0,38951.047617060816,1540.0,8,12,2240.0
22982.0,38952.09865394281,1540.0,8,12,2240.0
22983.0,38953.148670087176,1540.0,8,12,2240.0
22984.0,38954.19768590864,1540.0,8,12,2240.0
22985.0,38955.24572141368,1540.0,8,12,2240.0
22986.0,38956.292796208625,1540.0,8,12,2240.0
22987.0,38957.33892950767,1540.0,8,12,2240.0
22988.0,38958.384140140726,1540.0,8,12,2240.0
22989.0,38959.42844656113,1540.0,8,12,2240.0
22990.0,38960.47186685312,1540.0,8,12,2240.0
22991.0,38961.51441873927,1540.0,8,12,2240.0
22992.0,38962.5561195877,1540.0,8,12,2240.0
22993.0,38963.57706115578,1540.0,8,12,2240.0
22994.0,38964.59758389249,1540.0,8,12,2240.0
22995.0,38965.61769617448,1540.0,8,12,2240.0
22996.0,38966.61769617448,1545.0,8,12,2235.0
22997.0,38967.61769617448,1550.0,8,12,2230.0
22998.0,38968.61769617448,1555.0,8,12,2225.0
22999.0,38969.61769617448,1560.0,8,12,2220.0
23000.0,38970.61769617448,1565.0,8,12,2215.0
23001.0,38971.61769617448,1570.0,8,12,2210.0
23002.0,38972.61769617448,1575.0,8,12,2205.0
23003.0,38973.61769617448,1580.0,8,12,2200.0
23004.0,38974.61769617448,1585.0,8,12,2195.0
23005.0,38975.61769617448,1590.0,8,12,2190.0
23006.0,38976.61769617448,1595.0,8,12,2185.0
23007.0,38977.61769617448,1600.0,8,12,2180.0
23008.0,38978.61769617448,1605.0,8,12,2175.0
23009.0,38979.61769617448,1610.0,8,12,2170.0
23010.0,38980.61769617448,1615.0,8,12,2165.0
23011.0,38981.61769617448,1620.0,8,12,2160.0
23012.0,38982.61769617448,1625.0,8,12,2155.0
23013.0,38983.61769617448,1630.0,8,12,2150.0
23014.0,38984.61769617448,1635.0,8,12,2145.0
23015.0,38985.61769617448,1640.0,8,12,2140.0
23016.0,38986.61769617448,1645.0,8,12,2135.0
23017.0,38987.61769617448,1650.0,8,12,2130.0
23018.0,38988.61769617448,1655.0,8,12,2125.0
23019.0,38989.61769617448,1660.0,8,12,2120.0
23020.0,38990.61769617448,1665.0,8,12,2115.0
23021.0,38991.61769617448,1670.0,8,12,2110.0
23022.0,38992.61769617448,1675.0,8,12,2105.0
23023.0,38993.61769617448,1680.0,8,12,2100.0
23024.0,38994.61769617448,1685.0,8,12,2095.0
23025.0,38995.61769617448,1690.0,8,12,2090.0
23026.0,38996.61769617448,1695.0,8,12,2085.0
23027.0,38997.61769617448,1700.0,8,12,2080.0
23028.0,38998.61769617448,1705.0,8,12,2075.0
23029.0,38999.61769617448,1710.0,8,12,2070.0
23030.0,39000.61769617448,1715.0,9,11,2065.0
23031.0,39001.86769617447,1715.0,9,11,2065.0
23032.0,39003.36769617447,1715.0,9,11,2065.0
23033.0,39005.11769617447,1715.0,9,11,2065.0
23034.0,39007.11769617448,1715.0,9,11,2065.0
23035.0,39009.36769617448,1715.0,9,11,2065.0
23036.0,39011.86769617447,1715.0,9,11,2065.0
23037.0,39014.61769617447,1715.0,9,11,2065.0
23038.0,39017.61769617447,1715.0,9,11,2065.0
23039.0,39020.86769617448,1715.0,9,11,2065.0
23040.0,39024.36769617448,1715.0,9,11,2065.0
23041.0,39028.11769617447,1715.0,9,11,2065.0
23042.0,39032.11769617447,1715.0,9,11,2065.0
23043.0,39036.36769617447,1715.0,9,11,2065.0
23044.0,39040.86769617448,1715.0,9,11,2065.0
23045.0,39045.61769617448,1715.0,9,11,2065.0
23046.0,39050.61769617447,1715.0,9,11,2065.0
23047.0,39055.86769617447,1715.0,9,11,2065.0
23048.0,39061.36769617447,1715.0,9,11,2065.0
23049.0,39067.11769617448,1715.0,9,11,2065.0
23050.0,39073.11769617448,1715.0,9,11,2065.0
23051.0,39079.11769617448,1715.0,9,11,2065.0
23052.0,39085.11769617448,1715.0,9,11,2065.0
23053.0,39091.11769617448,1715.0,9,11,2065.0
23054.0,39097.11769617448,1715.0,9,11,2065.0
23055.0,39103.11769617448,1715.0,9,11,2065.0
23056.0,39109.11769617448,1715.0,9,11,2065.0
23057.0,39115.11769617448,1715.0,9,11,2065.0
23058.0,39121.11769617448,1715.0,9,11,2065.0
23059.0,39127.11769617448,1715.0,9,11,2065.0
23060.0,39133.11769617448,1715.0,9,11,2065.0
23061.0,39139.11769617448,1715.0,9,11,2065.0
23062.0,39145.11769617448,1715.0,9,11,2065.0
23063.0,39151.11769617448,1715.0,9,11,2065.0
23064.0,39157.11769617448,1715.0,9,11,2065.0
23065.0,39163.11769617448,1715.0,9,11,2065.0
23066.0,39169.11769617448,1715.0,9,11,2065.0
23067.0,39175.11769617448,1715.0,9,11,2065.0
23068.0,39181.11769617448,1715.0,9,11,2065.0
23069.0,39187.11769617448,1715.0,9,11,2065.0
23070.0,39193.11769617448,1715.0,9,11,2065.0
23071.0,39199.11769617448,1715.0,9,11,2065.0
23072.0,39205.11769617448,1715.0,9,11,2065.0
23073.0,39211.11769617448,1715.0,9,11,2065.0
23074.0,39217.11769617448,1715.0,9,11,2065.0
23075.0,39223.11769617448,1715.0,9,11,2065.0
23076.0,39229.11769617448,1715.0,9,11,2065.0
23077.0,39235.11769617448,1715.0,9,11,2065.0
23078.0,39241.11769617448,1715.0,9,11,2065.0
23079.0,39247.11769617448,1715.0,9,11,2065.0
23080.0,39253.11769617448,1715.0,9,11,2065.0
23081.0,39259.11769617448,1715.0,9,11,2065.0
23082.0,39265.11769617448,1715.0,9,11,2065.0
23083.0,39271.11769617448,1715.0,9,11,2065.0
23084.0,39277.11769617448,1715.0,9,11,2065.0
23085.0,39283.11769617448,1715.0,9,11,2065.0
23086.0,39289.11769617448,1715.0,9,11,2065.0
23087.0,39295.11769617448,1715.0,9,11,2065.0
23088.0,39301.11769617448,1715.0,9,11,2065.0
23089.0,39307.11769617448,1715.0,9,11,2065.0
23090.0,39313.11769617448,1715.0,9,11,2065.0
23091.0,39319.11769617448,1715.0,9,11,2065.0
23092.0,39325.11769617448,1715.0,9,11,2065.0
23093.0,39331.11769617448,1715.0,9,11,2065.0
23094.0,39337.11769617448,1715.0,9,11,2065.0
23095.0,39343.11769617448,1715.0,9,11,2065.0
23096.0,39349.11769617448,1715.0,9,11,2065.0
23097.0,39355.11769617448,1715.0,9,11,2065.0
23098.0,39361.11769617448,1715.0,9,11,2065.0
23099.0,39367.11769617448,1715.0,9,11,2065.0
23100.0,39373.11769617448,1715.0,9,11,2065.0
23101.0,39379.11769617448,1715.0,9,11,2065.0
23102.0,39385.11769617448,1715.0,9,11,2065.0
23103.0,39391.11769617448,1715.0,9,11,2065.0
23104.0,39397.11769617448,1715.0,9,11,2065.0
23105.0,39403.11769617448,1715.0,9,11,2065.0
23106.0,39409.11769617448,1715.0,9,11,2065.0
23107.0,39415.11769617448,1715.0,9,11,2065.0
23108.0,39421.11769617448,1715.0,9,11,2065.0
23109.0,39427.11769617448,1715.0,9,11,2065.0
23110.0,39433.11769617448,1715.0,9,11,2065.0
23111.0,39439.11769617448,1715.0,9,11,2065.0
23112.0,39445.11769617448,1715.0,9,11,2065.0
23113.0,39451.11769617448,1715.0,9,11,2065.0
23114.0,39457.11769617448,1715.0,9,11,2065.0
23115.0,39463.11769617448,1715.0,9,11,2065.0
23116.0,39469.11769617448,1715.0,9,11,2065.0
23117.0,39475.11769617448,1715.0,9,11,2065.0
23118.0,39481.11769617448,1715.0,9,11,2065.0
23119.0,39487.11769617448,1715.0,9,11,2065.0
23120.0,39493.11769617448,1715.0,9,11,2065.0
23121.0,39499.11769617448,1715.0,9,11,2065.0
23122.0,39505.11769617448,1715.0,9,11,2065.0
23123.0,39511.11769617448,1715.0,9,11,2065.0
23124.0,39517.11769617448,1715.0,9,11,2065.0
23125.0,39523.11769617448,1715.0,9,11,2065.0
23126.0,39529.11769617448,1715.0,9,11,2065.0
23127.0,39535.11769617448,1715.0,9,11,2065.0
23128.0,39541.11769617448,1715.0,9,11,2065.0
23129.0,39547.11769617448,1715.0,9,11,2065.0
23130.0,39553.11769617448,1715.0,9,11,2065.0
23131.0,39559.11769617448,1715.0,9,11,2065.0
23132.0,39565.11769617448,1715.0,9,11,2065.0
23133.0,39571.11769617448,1715.0,9,11,2065.0
23134.0,39577.11769617448,1715.0,9,11,2065.0
23135.0,39583.11769617448,1715.0,9,11,2065.0
23136.0,39589.11769617448,1715.0,9,11,2065.0
23137.0,39595.11769617448,1715.0,9,11,2065.0
23138.0,39601.11769617448,1715.0,9,11,2065.0
23139.0,39607.11769617448,1715.0,9,11,2065.0
23140.0,39613.11769617448,1715.0,9,11,2065.0
23141.0,39619.11769617448,1715.0,9,11,2065.0
23142.0,39625.11769617448,1715.0,9,11,2065.0
23143.0,39631.11769617448,1715.0,9,11,2065.0
23144.0,39637.11769617448,1715.0,9,11,2065.0
23145.0,39643.11769617448,1715.0,9,11,2065.0
23146.0,39649.11769617448,1715.0,9,11,2065.0
23147.0,39655.11769617448,1715.0,9,11,2065.0
23148.0,39661.11769617448,1715.0,9,11,2065.0
23149.0,39667.11769617448,1715.0,9,11,2065.0
23150.0,39673.11769617448,1715.0,9,11,2065.0
23151.0,39679.11769617448,1715.0,9,11,2065.0
23152.0,39685.11769617448,1715.0,9,11,2065.0
23153.0,39691.11769617448,1715.0,9,11,2065.0
23154.0,39697.11769617448,1715.0,9,11,2065.0
23155.0,39703.11769617448,1715.0,9,11,2065.0
23156.0,39709.11769617448,1715.0,9,11,2065.0
23157.0,39715.11769617448,1715.0,9,11,2065.0
23158.0,39721.11769617448,1715.0,9,11,2065.0
23159.0,39727.11769617448,1715.0,9,11,2065.0
23160.0,39733.11769617448,1715.0,9,11,2065.0
23161.0,39739.11769617448,1715.0,9,11,2065.0
23162.0,39745.11769617448,1715.0,9,11,2065.0
23163.0,39751.11769617448,1715.0,9,11,2065.0
23164.0,39757.11769617448,1715.0,9,11,2065.0
23165.0,39763.11769617448,1715.0,9,11,2065.0
23166.0,39769.11769617448,1715.0,9,11,2065.0
23167.0,39775.11769617448,1715.0,9,11,2065.0
23168.0,39781.11769617448,1715.0,9,11,2065.0
23169.0,39787.11769617448,1715.0,9,11,2065.0
23170.0,39793.11769617448,1715.0,9,11,2065.0
23171.0,39799.11769617448,1715.0,9,11,2065.0
23172.0,39805.11769617448,1715.0,9,11,2065.0
23173.0,39811.11769617448,1715.0,9,11,2065.0
23174.0,39817.11769617448,1715.0,9,11,2065.0
23175.0,39823.11769617447,1715.0,9,11,2065.0
23176.0,39829.11769617447,1715.0,9,11,2065.0
23177.0,39835.11769617447,1715.0,9,11,2065.0
23178.0,39841.11769617447,1715.0,9,11,2065.0
23179.0,39847.11769617447,1715.0,9,11,2065.0
23180.0,39853.11769617447,1715.0,9,11,2065.0
23181.0,39859.11769617447,1715.0,9,11,2065.0
23182.0,39865.11769617447,1715.0,9,11,2065.0
23183.0,39871.11769617447,1715.0,9,11,2065.0
23184.0,39877.11769617447,1715.0,9,11,2065.0
23185.0,39883.11769617447,1715.0,9,11,2065.0
23186.0,39889.11769617447,1715.0,9,11,2065.0
23187.0,39895.11769617447,1715.0,9,11,2065.0
23188.0,39901.11769617447,1715.0,9,11,2065.0
23189.0,39907.11769617447,1715.0,9,11,2065.0
23190.0,39913.11769617447,1715.0,9,11,2065.0
23191.0,39919.11769617447,1715.0,9,11,2065.0
23192.0,39925.11769617447,1715.0,9,11,2065.0
23193.0,39931.11769617447,1715.0,9,11,2065.0
23194.0,39937.11769617447,1715.0,9,11,2065.0
23195.0,39943.11769617447,1715.0,9,11,2065.0
23196.0,39949.11769617447,1715.0,9,11,2065.0
23197.0,39955.11769617447,1715.0,9,11,2065.0
23198.0,39961.11769617447,1715.0,9,11,2065.0
23199.0,39967.11769617447,1715.0,9,11,2065.0
23200.0,39973.11769617447,1715.0,9,11,2065.0
23201.0,39979.11769617447,1715.0,9,11,2065.0
23202.0,39985.11769617447,1715.0,9,11,2065.0
23203.0,39991.11769617447,1715.0,9,11,2065.0
23204.0,39997.11769617447,1715.0,9,11,2065.0
23205.0,40003.11769617447,1715.0,9,11,2065.0
23206.0,40009.11769617447,1715.0,9,11,2065.0
23207.0,40015.11769617447,1715.0,9,11,2065.0
23208.0,40021.11769617447,1715.0,9,11,2065.0
23209.0,40027.11769617447,1715.0,9,11,2065.0
23210.0,40033.11769617447,1715.0,9,11,2065.0
23211.0,40039.11769617447,1715.0,9,11,2065.0
23212.0,40045.11769617447,1715.0,9,11,2065.0
23213.0,40051.11769617447,1715.0,9,11,2065.0
23214.0,40057.11769617447,1715.0,9,11,2065.0
23215.0,40063.11769617447,1715.0,9,11,2065.0
23216.0,40069.11769617447,1715.0,9,11,2065.0
23217.0,40075.11769617447,1715.0,9,11,2065.0
23218.0,40081.11769617447,1715.0,9,11,2065.0
23219.0,40087.11769617447,1715.0,9,11,2065.0
23220.0,40093.11769617447,1715.0,9,11,2065.0
23221.0,40099.11769617447,1715.0,9,11,2065.0
23222.0,40105.11769617447,1715.0,9,11,2065.0
23223.0,40111.11769617447,1715.0,9,11,2065.0
23224.0,40117.11769617447,1715.0,9,11,2065.0
23225.0,40123.11769617447,1715.0,9,11,2065.0
23226.0,40129.11769617447,1715.0,9,11,2065.0
23227.0,40135.11769617447,1715.0,9,11,2065.0
23228.0,40141.11769617447,1715.0,9,11,2065.0
23229.0,40147.11769617447,1715.0,9,11,2065.0
23230.0,40153.11769617447,1715.0,9,11,2065.0
23231.0,40159.11769617447,1715.0,9,11,2065.0
23232.0,40165.11769617447,1715.0,9,11,2065.0
23233.0,40171.11769617447,1715.0,9,11,2065.0
23234.0,40177.11769617447,1715.0,9,11,2065.0
23235.0,40183.11769617447,1715.0,9,11,2065.0
23236.0,40189.11769617447,1715.0,9,11,2065.0
23237.0,40195.11769617447,1715.0,9,11,2065.0
23238.0,40201.11769617447,1715.0,9,11,2065.0
23239.0,40207.11769617447,1715.0,9,11,2065.0
23240.0,40213.11769617447,1715.0,9,11,2065.0
23241.0,40219.11769617447,1715.0,9,11,2065.0
23242.0,40225.11769617447,1715.0,9,11,2065.0
23243.0,40231.11769617447,1715.0,9,11,2065.0
23244.0,40237.11769617447,1715.0,9,11,2065.0
23245.0,40243.11769617447,1715.0,9,11,2065.0
23246.0,40249.11769617447,1715.0,9,11,2065.0
23247.0,40255.11769617447,1715.0,9,11,2065.0
23248.0,40261.11769617447,1715.0,9,11,2065.0
23249.0,40267.11769617447,1715.0,9,11,2065.0
23250.0,40273.11769617447,1715.0,9,11,2065.0
23251.0,40279.11769617447,1715.0,9,11,2065.0
23252.0,40285.11769617447,1715.0,9,11,2065.0
23253.0,40291.11769617447,1715.0,9,11,2065.0
23254.0,40297.11769617447,1715.0,9,11,2065.0
23255.0,40303.11769617447,1715.0,9,11,2065.0
23256.0,40309.11769617447,1715.0,9,11,2065.0
23257.0,40315.11769617447,1715.0,9,11,2065.0
23258.0,40321.11769617447,1715.0,9,11,2065.0
23259.0,40327.11769617447,1715.0,9,11,2065.0
23260.0,40333.11769617447,1715.0,9,11,2065.0
23261.0,40339.11769617447,1715.0,9,11,2065.0
23262.0,40345.11769617447,1715.0,9,11,2065.0
23263.0,40351.11769617447,1715.0,9,11,2065.0
23264.0,40357.11769617447,1715.0,9,11,2065.0
23265.0,40363.11769617447,1715.0,9,11,2065.0
23266.0,40369.11769617447,1715.0,9,11,2065.0
23267.0,40375.11769617447,1715.0,9,11,2065.0
23268.0,40381.11769617447,1715.0,9,11,2065.0
23269.0,40387.11769617447,1715.0,9,11,2065.0
23270.0,40393.11769617447,1715.0,9,11,2065.0
23271.0,40399.11769617447,1715.0,9,11,2065.0
23272.0,40405.11769617447,1715.0,9,11,2065.0
23273.0,40411.11769617447,1715.0,9,11,2065.0
23274.0,40417.11769617447,1715.0,9,11,2065.0
23275.0,40423.11769617447,1715.0,9,11,2065.0
23276.0,40429.11769617447,1715.0,9,11,2065.0
23277.0,40435.11769617447,1715.0,9,11,2065.0
23278.0,40441.11769617447,1715.0,9,11,2065.0
23279.0,40447.11769617447,1715.0,9,11,2065.0
23280.0,40453.11769617447,1715.0,9,11,2065.0
23281.0,40459.11769617447,1715.0,9,11,2065.0
23282.0,40465.11769617447,1715.0,9,11,2065.0
23283.0,40471.11769617447,1715.0,9,11,2065.0
23284.0,40477.11769617447,1715.0,9,11,2065.0
23285.0,40483.11769617447,1715.0,9,11,2065.0
23286.0,40489.11769617447,1715.0,9,11,2065.0
23287.0,40495.11769617447,1715.0,9,11,2065.0
23288.0,40501.11769617447,1715.0,9,11,2065.0
23289.0,40507.11769617447,1715.0,9,11,2065.0
23290.0,40513.11769617447,1715.0,9,11,2065.0
23291.0,40519.11769617447,1715.0,9,11,2065.0
23292.0,40525.11769617447,1715.0,9,11,2065.0
23293.0,40531.11769617447,1715.0,9,11,2065.0
23294.0,40537.11769617447,1715.0,9,11,2065.0
23295.0,40543.11769617447,1715.0,9,11,2065.0
23296.0,40549.11769617447,1715.0,9,11,2065.0
23297.0,40555.11769617447,1715.0,9,11,2065.0
23298.0,40561.11769617447,1715.0,9,11,2065.0
23299.0,40567.11769617447,1715.0,9,11,2065.0
23300.0,40573.11769617447,1715.0,9,11,2065.0
23301.0,40579.11769617447,1715.0,9,11,2065.0
23302.0,40585.11769617447,1715.0,9,11,2065.0
23303.0,40591.11769617447,1715.0,9,11,2065.0
23304.0,40597.11769617447,1715.0,9,11,2065.0
23305.0,40603.11769617447,1715.0,9,11,2065.0
23306.0,40609.11769617447,1715.0,9,11,2065.0
23307.0,40615.11769617447,1715.0,9,11,2065.0
23308.0,40620.21769617447,1715.0,9,11,2065.0
23309.0,40625.36769617447,1715.0,9,11,2065.0
23310.0,40630.641027427715,1715.0,9,11,2065.0
23311.0,40636.05615554415,1715.0,9,11,2065.0
23312.0,40641.61780649923,1715.0,9,11,2065.0
23313.0,40647.32758523176,1715.0,9,11,2065.0
23314.0,40653.1862022048,1715.0,9,11,2065.0
23315.0,40659.19402991161,1715.0,9,11,2065.0
23316.0,40665.35128694915,1715.0,9,11,2065.0
23317.0,40671.65811224248,1715.0,9,11,2065.0
23318.0,40678.114599461725,1715.0,9,11,2065.0
23319.0,40684.72081470834,1715.0,9,11,2065.0
23320.0,40691.4768063465,1715.0,9,11,2065.0
23321.0,40698.38261081773,1715.0,9,11,2065.0
23322.0,40705.438256256486,1715.0,9,11,2065.0
23323.0,40712.64376483332,1715.0,9,11,2065.0
23324.0,40719.99915432723,1715.0,9,11,2065.0
23325.0,40727.50443921216,1715.0,9,11,2065.0
23326.0,40735.159631427436,1715.0,9,11,2065.0
23327.0,40742.96474093615,1715.0,9,11,2065.0
23328.0,40750.91977613793,1715.0,9,11,2065.0
23329.0,40758.91977613793,1715.0,9,11,2065.0
23330.0,40766.91977613793,1715.0,9,11,2065.0
23331.0,40774.91977613793,1715.0,9,11,2065.0
23332.0,40782.91977613793,1715.0,9,11,2065.0
23333.0,40790.91977613793,1715.0,9,11,2065.0
23334.0,40798.91977613793,1715.0,9,11,2065.0
23335.0,40806.91977613793,1715.0,9,11,2065.0
23336.0,40814.91977613793,1715.0,9,11,2065.0
23337.0,40822.91977613793,1715.0,9,11,2065.0
23338.0,40830.91977613793,1715.0,9,11,2065.0
23339.0,40838.91977613793,1715.0,9,11,2065.0
23340.0,40846.91977613793,1715.0,9,11,2065.0
23341.0,40854.91977613793,1715.0,9,11,2065.0
23342.0,40862.91977613793,1715.0,9,11,2065.0
23343.0,40870.91977613793,1715.0,9,11,2065.0
23344.0,40878.91977613793,1715.0,9,11,2065.0
23345.0,40886.91977613793,1715.0,9,11,2065.0
23346.0,40894.91977613793,1715.0,9,11,2065.0
23347.0,40902.91977613793,1715.0,9,11,2065.0
23348.0,40910.91977613793,1715.0,9,11,2065.0
23349.0,40918.91977613793,1715.0,9,11,2065.0
23350.0,40926.91977613793,1715.0,9,11,2065.0
23351.0,40934.91977613793,1715.0,9,11,2065.0
23352.0,40942.91977613793,1715.0,9,11,2065.0
23353.0,40950.91977613793,1715.0,9,11,2065.0
23354.0,40958.91977613793,1715.0,9,11,2065.0
23355.0,40966.91977613793,1715.0,9,11,2065.0
23356.0,40974.91977613793,1715.0,9,11,2065.0
23357.0,40982.91977613793,1715.0,9,11,2065.0
23358.0,40990.91977613793,1715.0,9,11,2065.0
23359.0,40998.91977613793,1715.0,9,11,2065.0
23360.0,41006.91977613793,1715.0,9,11,2065.0
23361.0,41014.91977613793,1715.0,9,11,2065.0
23362.0,41022.91977613793,1715.0,9,11,2065.0
23363.0,41030.91977613793,1715.0,9,11,2065.0
23364.0,41038.91977613793,1715.0,9,11,2065.0
23365.0,41046.91977613793,1715.0,9,11,2065.0
23366.0,41054.91977613793,1715.0,9,11,2065.0
23367.0,41062.91977613793,1715.0,9,11,2065.0
23368.0,41070.91977613793,1715.0,9,11,2065.0
23369.0,41078.91977613793,1715.0,9,11,2065.0
23370.0,41086.91977613793,1715.0,9,11,2065.0
23371.0,41094.91977613793,1715.0,9,11,2065.0
23372.0,41102.91977613793,1715.0,9,11,2065.0
23373.0,41110.91977613793,1715.0,9,11,2065.0
23374.0,41118.91977613793,1715.0,9,11,2065.0
23375.0,41126.91977613793,1715.0,9,11,2065.0
23376.0,41134.91977613793,1715.0,9,11,2065.0
23377.0,41142.91977613793,1715.0,9,11,2065.0
23378.0,41150.91977613793,1715.0,9,11,2065.0
23379.0,41158.91977613793,1715.0,9,11,2065.0
23380.0,41166.91977613793,1715.0,9,11,2065.0
23381.0,41174.91977613793,1715.0,9,11,2065.0
23382.0,41182.91977613793,1715.0,9,11,2065.0
23383.0,41190.91977613793,1715.0,9,11,2065.0
23384.0,41198.91977613793,1715.0,9,11,2065.0
23385.0,41206.91977613793,1715.0,9,11,2065.0
23386.0,41214.91977613793,1715.0,9,11,2065.0
23387.0,41222.91977613793,1715.0,9,11,2065.0
23388.0,41230.91977613793,1715.0,9,11,2065.0
23389.0,41238.91977613793,1715.0,9,11,2065.0
23390.0,41246.91977613793,1715.0,9,11,2065.0
23391.0,41254.91977613793,1715.0,9,11,2065.0
23392.0,41262.91977613793,1715.0,9,11,2065.0
23393.0,41270.91977613793,1715.0,9,11,2065.0
23394.0,41278.91977613793,1715.0,9,11,2065.0
23395.0,41286.91977613793,1715.0,9,11,2065.0
23396.0,41294.91977613793,1715.0,9,11,2065.0
23397.0,41302.91977613793,1715.0,9,11,2065.0
23398.0,41310.91977613793,1715.0,9,11,2065.0
23399.0,41318.91977613793,1715.0,9,11,2065.0
23400.0,41326.91977613793,1715.0,9,11,2065.0
23401.0,41334.91977613793,1715.0,9,11,2065.0
23402.0,41342.91977613793,1715.0,9,11,2065.0
23403.0,41350.91977613793,1715.0,9,11,2065.0
23404.0,41358.91977613793,1715.0,9,11,2065.0
23405.0,41366.91977613793,1715.0,9,11,2065.0
23406.0,41374.91977613793,1715.0,9,11,2065.0
23407.0,41382.91977613793,1715.0,9,11,2065.0
23408.0,41390.91977613793,1715.0,9,11,2065.0
23409.0,41398.91977613793,1715.0,9,11,2065.0
23410.0,41406.91977613793,1715.0,9,11,2065.0
23411.0,41414.91977613793,1715.0,9,11,2065.0
23412.0,41422.91977613793,1715.0,9,11,2065.0
23413.0,41430.91977613793,1715.0,9,11,2065.0
23414.0,41438.91977613793,1715.0,9,11,2065.0
23415.0,41446.91977613793,1715.0,9,11,2065.0
23416.0,41454.91977613793,1715.0,9,11,2065.0
23417.0,41462.91977613793,1715.0,9,11,2065.0
23418.0,41470.91977613793,1715.0,9,11,2065.0
23419.0,41478.91977613793,1715.0,9,11,2065.0
23420.0,41486.91977613793,1715.0,9,11,2065.0
23421.0,41494.91977613793,1715.0,9,11,2065.0
23422.0,41502.91977613793,1715.0,9,11,2065.0
23423.0,41510.91977613793,1715.0,9,11,2065.0
23424.0,41518.91977613793,1715.0,9,11,2065.0
23425.0,41526.91977613793,1715.0,9,11,2065.0
23426.0,41534.91977613793,1715.0,9,11,2065.0
23427.0,41542.91977613793,1715.0,9,11,2065.0
23428.0,41550.91977613793,1715.0,9,11,2065.0
23429.0,41558.91977613793,1715.0,9,11,2065.0
23430.0,41566.91977613793,1715.0,9,11,2065.0
23431.0,41574.91977613793,1715.0,9,11,2065.0
23432.0,41582.91977613793,1715.0,9,11,2065.0
23433.0,41590.91977613793,1715.0,9,11,2065.0
23434.0,41598.91977613793,1715.0,9,11,2065.0
23435.0,41606.91977613793,1715.0,9,11,2065.0
23436.0,41614.91977613793,1715.0,9,11,2065.0
23437.0,41622.91977613793,1715.0,9,11,2065.0
23438.0,41630.91977613793,1715.0,9,11,2065.0
23439.0,41638.91977613793,1715.0,9,11,2065.0
23440.0,41646.91977613793,1715.0,9,11,2065.0
23441.0,41654.91977613793,1715.0,9,11,2065.0
23442.0,41662.91977613793,1715.0,9,11,2065.0
23443.0,41670.91977613793,1715.0,9,11,2065.0
23444.0,41678.91977613793,1715.0,9,11,2065.0
23445.0,41686.91977613793,1715.0,9,11,2065.0
23446.0,41694.91977613793,1715.0,9,11,2065.0
23447.0,41702.91977613793,1715.0,9,11,2065.0
23448.0,41710.91977613793,1715.0,9,11,2065.0
23449.0,41718.91977613793,1715.0,9,11,2065.0
23450.0,41726.91977613793,1715.0,9,11,2065.0
23451.0,41734.91977613793,1715.0,9,11,2065.0
23452.0,41742.91977613793,1715.0,9,11,2065.0
23453.0,41750.91977613793,1715.0,9,11,2065.0
23454.0,41758.91977613793,1715.0,9,11,2065.0
23455.0,41766.91977613793,1715.0,9,11,2065.0
23456.0,41774.91977613793,1715.0,9,11,2065.0
23457.0,41782.91977613793,1715.0,9,11,2065.0
23458.0,41790.91977613793,1715.0,9,11,2065.0
23459.0,41798.91977613793,1715.0,9,11,2065.0
23460.0,41806.91977613793,1715.0,9,11,2065.0
23461.0,41814.91977613793,1715.0,9,11,2065.0
23462.0,41822.91977613793,1715.0,9,11,2065.0
23463.0,41830.91977613793,1715.0,9,11,2065.0
23464.0,41838.91977613793,1715.0,9,11,2065.0
23465.0,41846.91977613793,1715.0,9,11,2065.0
23466.0,41854.91977613793,1715.0,9,11,2065.0
23467.0,41862.91977613793,1715.0,9,11,2065.0
23468.0,41870.91977613793,1715.0,9,11,2065.0
23469.0,41878.91977613793,1715.0,9,11,2065.0
23470.0,41886.91977613793,1715.0,9,11,2065.0
23471.0,41894.91977613793,1715.0,9,11,2065.0
23472.0,41902.91977613793,1715.0,9,11,2065.0
23473.0,41910.91977613793,1715.0,9,11,2065.0
23474.0,41918.91977613793,1715.0,9,11,2065.0
23475.0,41926.91977613793,1715.0,9,11,2065.0
23476.0,41934.91977613793,1715.0,9,11,2065.0
23477.0,41942.91977613793,1715.0,9,11,2065.0
23478.0,41950.91977613793,1715.0,9,11,2065.0
23479.0,41958.91977613793,1715.0,9,11,2065.0
23480.0,41966.91977613793,1715.0,9,11,2065.0
23481.0,41974.91977613793,1715.0,9,11,2065.0
23482.0,41982.91977613793,1715.0,9,11,2065.0
23483.0,41990.91977613793,1715.0,9,11,2065.0
23484.0,41998.91977613793,1715.0,9,11,2065.0
23485.0,42006.91977613793,1715.0,9,11,2065.0
23486.0,42014.91977613793,1715.0,9,11,2065.0
23487.0,42022.91977613793,1715.0,9,11,2065.0
23488.0,42030.91977613793,1715.0,9,11,2065.0
23489.0,42038.91977613793,1715.0,9,11,2065.0
23490.0,42046.91977613793,1715.0,9,11,2065.0
23491.0,42054.91977613793,1715.0,9,11,2065.0
23492.0,42062.91977613793,1715.0,9,11,2065.0
23493.0,42070.91977613793,1715.0,9,11,2065.0
23494.0,42078.91977613793,1715.0,9,11,2065.0
23495.0,42086.91977613793,1715.0,9,11,2065.0
23496.0,42094.91977613793,1715.0,9,11,2065.0
23497.0,42102.91977613793,1715.0,9,11,2065.0
23498.0,42110.91977613793,1715.0,9,11,2065.0
23499.0,42118.91977613793,1715.0,9,11,2065.0
23500.0,42126.91977613793,1715.0,9,11,2065.0
23501.0,42134.91977613793,1715.0,9,11,2065.0
23502.0,42142.91977613793,1715.0,9,11,2065.0
23503.0,42150.91977613793,1715.0,9,11,2065.0
23504.0,42158.91977613793,1715.0,9,11,2065.0
23505.0,42166.91977613793,1715.0,9,11,2065.0
23506.0,42174.91977613793,1715.0,9,11,2065.0
23507.0,42182.91977613793,1715.0,9,11,2065.0
23508.0,42190.91977613793,1715.0,9,11,2065.0
23509.0,42198.91977613793,1715.0,9,11,2065.0
23510.0,42206.91977613793,1715.0,9,11,2065.0
23511.0,42214.91977613793,1715.0,9,11,2065.0
23512.0,42222.91977613793,1715.0,9,11,2065.0
23513.0,42230.91977613793,1715.0,9,11,2065.0
23514.0,42238.91977613793,1715.0,9,11,2065.0
23515.0,42246.91977613793,1715.0,9,11,2065.0
23516.0,42254.91977613793,1715.0,9,11,2065.0
23517.0,42262.91977613793,1715.0,9,11,2065.0
23518.0,42270.91977613793,1715.0,9,11,2065.0
23519.0,42278.91977613793,1715.0,9,11,2065.0
23520.0,42286.91977613793,1715.0,9,11,2065.0
23521.0,42294.91977613793,1715.0,9,11,2065.0
23522.0,42302.91977613793,1715.0,9,11,2065.0
23523.0,42310.91977613793,1715.0,9,11,2065.0
23524.0,42318.91977613793,1715.0,9,11,2065.0
23525.0,42326.91977613793,1715.0,9,11,2065.0
23526.0,42334.91977613793,1715.0,9,11,2065.0
23527.0,42342.91977613793,1715.0,9,11,2065.0
23528.0,42350.91977613793,1715.0,9,11,2065.0
23529.0,42358.91977613793,1715.0,9,11,2065.0
23530.0,42366.91977613793,1715.0,9,11,2065.0
23531.0,42374.91977613793,1715.0,9,11,2065.0
23532.0,42382.91977613793,1715.0,9,11,2065.0
23533.0,42390.91977613793,1715.0,9,11,2065.0
23534.0,42398.91977613793,1715.0,9,11,2065.0
23535.0,42406.91977613793,1715.0,9,11,2065.0
23536.0,42414.91977613793,1715.0,9,11,2065.0
23537.0,42422.91977613793,1715.0,9,11,2065.0
23538.0,42430.91977613793,1715.0,9,11,2065.0
23539.0,42438.91977613793,1715.0,9,11,2065.0
23540.0,42446.91977613793,1715.0,9,11,2065.0
23541.0,42454.91977613793,1715.0,9,11,2065.0
23542.0,42462.91977613793,1715.0,9,11,2065.0
23543.0,42470.91977613793,1715.0,9,11,2065.0
23544.0,42478.91977613793,1715.0,9,11,2065.0
23545.0,42486.91977613793,1715.0,9,11,2065.0
23546.0,42494.91977613793,1715.0,9,11,2065.0
23547.0,42502.91977613793,1715.0,9,11,2065.0
23548.0,42510.91977613793,1715.0,9,11,2065.0
23549.0,42518.91977613793,1715.0,9,11,2065.0
23550.0,42526.91977613793,1715.0,9,11,2065.0
23551.0,42534.91977613793,1715.0,9,11,2065.0
23552.0,42542.91977613793,1715.0,9,11,2065.0
23553.0,42550.91977613793,1715.0,9,11,2065.0
23554.0,42558.91977613793,1715.0,9,11,2065.0
23555.0,42566.91977613793,1715.0,9,11,2065.0
23556.0,42574.91977613793,1715.0,9,11,2065.0
23557.0,42582.91977613793,1715.0,9,11,2065.0
23558.0,42590.91977613793,1715.0,9,11,2065.0
23559.0,42598.91977613793,1715.0,9,11,2065.0
23560.0,42606.91977613793,1715.0,9,11,2065.0
23561.0,42614.91977613793,1715.0,9,11,2065.0
23562.0,42622.91977613793,1715.0,9,11,2065.0
23563.0,42630.91977613793,1715.0,9,11,2065.0
23564.0,42638.91977613793,1715.0,9,11,2065.0
23565.0,42646.91977613793,1715.0,9,11,2065.0
23566.0,42654.91977613793,1715.0,9,11,2065.0
23567.0,42662.91977613793,1715.0,9,11,2065.0
23568.0,42670.91977613793,1715.0,9,11,2065.0
23569.0,42678.91977613793,1715.0,9,11,2065.0
23570.0,42686.91977613793,1715.0,9,11,2065.0
23571.0,42694.91977613793,1715.0,9,11,2065.0
23572.0,42702.91977613793,1715.0,9,11,2065.0
23573.0,42710.91977613793,1715.0,9,11,2065.0
23574.0,42718.91977613793,1715.0,9,11,2065.0
23575.0,42726.91977613793,1715.0,9,11,2065.0
23576.0,42734.91977613793,1715.0,9,11,2065.0
23577.0,42742.91977613793,1715.0,9,11,2065.0
23578.0,42750.91977613793,1715.0,9,11,2065.0
23579.0,42758.91977613793,1715.0,9,11,2065.0
23580.0,42766.91977613793,1715.0,9,11,2065.0
23581.0,42774.91977613793,1715.0,9,11,2065.0
23582.0,42782.91977613793,1715.0,9,11,2065.0
23583.0,42790.91977613793,1715.0,9,11,2065.0
23584.0,42798.91977613793,1715.0,9,11,2065.0
23585.0,42806.91977613793,1715.0,9,11,2065.0
23586.0,42814.91977613793,1715.0,9,11,2065.0
23587.0,42822.91977613793,1715.0,9,11,2065.0
23588.0,42830.91977613793,1715.0,9,11,2065.0
23589.0,42838.91977613793,1715.0,9,11,2065.0
23590.0,42846.91977613793,1715.0,9,11,2065.0
23591.0,42854.91977613793,1715.0,9,11,2065.0
23592.0,42862.91977613793,1715.0,9,11,2065.0
23593.0,42870.91977613793,1715.0,9,11,2065.0
23594.0,42878.91977613793,1715.0,9,11,2065.0
23595.0,42886.91977613793,1715.0,9,11,2065.0
23596.0,42894.91977613793,1715.0,9,11,2065.0
23597.0,42902.91977613793,1715.0,9,11,2065.0
23598.0,42910.91977613793,1715.0,9,11,2065.0
23599.0,42918.91977613793,1715.0,9,11,2065.0
23600.0,42926.91977613793,1715.0,9,11,2065.0
23601.0,42934.91977613793,1715.0,9,11,2065.0
23602.0,42942.91977613793,1715.0,9,11,2065.0
23603.0,42950.91977613793,1715.0,9,11,2065.0
23604.0,42958.91977613793,1715.0,9,11,2065.0
23605.0,42966.91977613793,1715.0,9,11,2065.0
23606.0,42974.91977613793,1715.0,9,11,2065.0
23607.0,42982.91977613793,1715.0,9,11,2065.0
23608.0,42990.91977613793,1715.0,9,11,2065.0
23609.0,42998.91977613793,1715.0,9,11,2065.0
23610.0,43006.91977613793,1715.0,9,11,2065.0
23611.0,43014.91977613793,1715.0,9,11,2065.0
23612.0,43022.91977613793,1715.0,9,11,2065.0
23613.0,43030.91977613793,1715.0,9,11,2065.0
23614.0,43038.91977613793,1715.0,9,11,2065.0
23615.0,43046.91977613793,1715.0,9,11,2065.0
23616.0,43054.91977613793,1715.0,9,11,2065.0
23617.0,43062.91977613793,1715.0,9,11,2065.0
23618.0,43070.91977613793,1715.0,9,11,2065.0
23619.0,43078.91977613793,1715.0,9,11,2065.0
23620.0,43086.91977613793,1715.0,9,11,2065.0
23621.0,43094.91977613793,1715.0,9,11,2065.0
23622.0,43102.91977613793,1715.0,9,11,2065.0
23623.0,43110.91977613793,1715.0,9,11,2065.0
23624.0,43118.91977613793,1715.0,9,11,2065.0
23625.0,43126.91977613793,1715.0,9,11,2065.0
23626.0,43134.91977613793,1715.0,9,11,2065.0
23627.0,43142.91977613793,1715.0,9,11,2065.0
23628.0,43150.91977613793,1715.0,9,11,2065.0
23629.0,43158.91977613793,1715.0,9,11,2065.0
23630.0,43166.91977613793,1715.0,9,11,2065.0
23631.0,43174.91977613793,1715.0,9,11,2065.0
23632.0,43182.91977613793,1715.0,9,11,2065.0
23633.0,43190.91977613793,1715.0,9,11,2065.0
23634.0,43198.91977613793,1715.0,9,11,2065.0
23635.0,43206.91977613793,1715.0,9,11,2065.0
23636.0,43214.91977613793,1715.0,9,11,2065.0
23637.0,43222.91977613793,1715.0,9,11,2065.0
23638.0,43230.91977613793,1715.0,9,11,2065.0
23639.0,43238.91977613793,1715.0,9,11,2065.0
23640.0,43246.91977613793,1715.0,9,11,2065.0
23641.0,43254.91977613793,1715.0,9,11,2065.0
23642.0,43262.91977613793,1715.0,9,11,2065.0
23643.0,43270.91977613793,1715.0,9,11,2065.0
23644.0,43278.91977613793,1715.0,9,11,2065.0
23645.0,43286.91977613793,1715.0,9,11,2065.0
23646.0,43294.91977613793,1715.0,9,11,2065.0
23647.0,43302.91977613793,1715.0,9,11,2065.0
23648.0,43310.91977613793,1715.0,9,11,2065.0
23649.0,43318.91977613793,1715.0,9,11,2065.0
23650.0,43326.91977613793,1715.0,9,11,2065.0
23651.0,43334.91977613793,1715.0,9,11,2065.0
23652.0,43342.91977613793,1715.0,9,11,2065.0
23653.0,43350.91977613793,1715.0,9,11,2065.0
23654.0,43358.91977613793,1715.0,9,11,2065.0
23655.0,43366.91977613793,1715.0,9,11,2065.0
23656.0,43374.91977613793,1715.0,9,11,2065.0
23657.0,43382.91977613793,1715.0,9,11,2065.0
23658.0,43390.91977613793,1715.0,9,11,2065.0
23659.0,43398.91977613793,1715.0,9,11,2065.0
23660.0,43406.91977613793,1715.0,9,11,2065.0
23661.0,43414.91977613793,1715.0,9,11,2065.0
23662.0,43422.91977613793,1715.0,9,11,2065.0
23663.0,43430.91977613793,1715.0,9,11,2065.0
23664.0,43438.91977613793,1715.0,9,11,2065.0
23665.0,43446.91977613793,1715.0,9,11,2065.0
23666.0,43454.91977613793,1715.0,9,11,2065.0
23667.0,43462.91977613793,1715.0,9,11,2065.0
23668.0,43470.91977613793,1715.0,9,11,2065.0
23669.0,43478.91977613793,1715.0,9,11,2065.0
23670.0,43486.91977613793,1715.0,9,11,2065.0
23671.0,43494.91977613793,1715.0,9,11,2065.0
23672.0,43502.91977613793,1715.0,9,11,2065.0
23673.0,43510.91977613793,1715.0,9,11,2065.0
23674.0,43518.91977613793,1715.0,9,11,2065.0
23675.0,43526.91977613793,1715.0,9,11,2065.0
23676.0,43534.91977613793,1715.0,9,11,2065.0
23677.0,43542.91977613793,1715.0,9,11,2065.0
23678.0,43550.91977613793,1715.0,9,11,2065.0
23679.0,43558.91977613793,1715.0,9,11,2065.0
23680.0,43566.91977613793,1715.0,9,11,2065.0
23681.0,43574.91977613793,1715.0,9,11,2065.0
23682.0,43582.91977613793,1715.0,9,11,2065.0
23683.0,43590.91977613793,1715.0,9,11,2065.0
23684.0,43598.91977613793,1715.0,9,11,2065.0
23685.0,43606.91977613793,1715.0,9,11,2065.0
23686.0,43614.91977613793,1715.0,9,11,2065.0
23687.0,43622.91977613793,1715.0,9,11,2065.0
23688.0,43630.91977613793,1715.0,9,11,2065.0
23689.0,43638.91977613793,1715.0,9,11,2065.0
23690.0,43646.91977613793,1715.0,9,11,2065.0
23691.0,43654.91977613793,1715.0,9,11,2065.0
23692.0,43662.91977613793,1715.0,9,11,2065.0
23693.0,43670.91977613793,1715.0,9,11,2065.0
23694.0,43678.91977613793,1715.0,9,11,2065.0
23695.0,43686.91977613793,1715.0,9,11,2065.0
23696.0,43694.91977613793,1715.0,9,11,2065.0
23697.0,43702.91977613793,1715.0,9,11,2065.0
23698.0,43710.91977613793,1715.0,9,11,2065.0
23699.0,43718.91977613793,1715.0,9,11,2065.0
23700.0,43726.91977613793,1715.0,9,11,2065.0
23701.0,43734.91977613793,1715.0,9,11,2065.0
23702.0,43742.91977613793,1715.0,9,11,2065.0
23703.0,43750.91977613793,1715.0,9,11,2065.0
23704.0,43758.91977613793,1715.0,9,11,2065.0
23705.0,43766.91977613793,1715.0,9,11,2065.0
23706.0,43774.91977613793,1715.0,9,11,2065.0
23707.0,43782.91977613793,1715.0,9,11,2065.0
23708.0,43790.91977613793,1715.0,9,11,2065.0
23709.0,43798.91977613793,1715.0,9,11,2065.0
23710.0,43806.91977613793,1715.0,9,11,2065.0
23711.0,43814.91977613793,1715.0,9,11,2065.0
23712.0,43822.91977613793,1715.0,9,11,2065.0
23713.0,43830.91977613793,1715.0,9,11,2065.0
23714.0,43838.91977613793,1715.0,9,11,2065.0
23715.0,43846.91977613793,1715.0,9,11,2065.0
23716.0,43854.91977613793,1715.0,9,11,2065.0
23717.0,43862.91977613793,1715.0,9,11,2065.0
23718.0,43869.91977613793,1715.0,9,11,2065.0
23719.0,43876.91977613793,1715.0,9,11,2065.0
23720.0,43883.91977613793,1715.0,9,11,2065.0
23721.0,43890.91977613793,1715.0,9,11,2065.0
23722.0,43897.91977613793,1715.0,9,11,2065.0
23723.0,43904.91977613793,1715.0,9,11,2065.0
23724.0,43911.91977613793,1715.0,9,11,2065.0
23725.0,43918.91977613793,1715.0,9,11,2065.0
23726.0,43925.91977613793,1715.0,9,11,2065.0
23727.0,43932.91977613793,1715.0,9,11,2065.0
23728.0,43939.91977613793,1715.0,9,11,2065.0
23729.0,43946.91977613793,1715.0,9,11,2065.0
23730.0,43953.91977613793,1715.0,9,11,2065.0
23731.0,43960.91977613793,1715.0,9,11,2065.0
23732.0,43967.91977613793,1715.0,9,11,2065.0
23733.0,43974.91977613793,1715.0,9,11,2065.0
23734.0,43981.91977613793,1715.0,9,11,2065.0
23735.0,43988.91977613793,1715.0,9,11,2065.0
23736.0,43995.91977613793,1715.0,9,11,2065.0
23737.0,44002.91977613793,1715.0,9,11,2065.0
23738.0,44009.91977613793,1715.0,9,11,2065.0
23739.0,44016.91977613793,1715.0,9,11,2065.0
23740.0,44023.91977613793,1715.0,9,11,2065.0
23741.0,44030.91977613793,1715.0,9,11,2065.0
23742.0,44037.91977613793,1715.0,9,11,2065.0
23743.0,44044.91977613793,1715.0,9,11,2065.0
23744.0,44051.91977613793,1715.0,9,11,2065.0
23745.0,44058.91977613793,1715.0,9,11,2065.0
23746.0,44065.91977613793,1715.0,9,11,2065.0
23747.0,44072.91977613793,1715.0,9,11,2065.0
23748.0,44079.91977613793,1715.0,9,11,2065.0
23749.0,44086.91977613793,1715.0,9,11,2065.0
23750.0,44093.91977613793,1715.0,9,11,2065.0
23751.0,44100.91977613793,1715.0,9,11,2065.0
23752.0,44107.91977613793,1715.0,9,11,2065.0
23753.0,44114.91977613793,1715.0,9,11,2065.0
23754.0,44121.91977613793,1715.0,9,11,2065.0
23755.0,44128.91977613793,1715.0,9,11,2065.0
23756.0,44135.91977613793,1715.0,9,11,2065.0
23757.0,44142.91977613793,1715.0,9,11,2065.0
23758.0,44149.91977613793,1715.0,9,11,2065.0
23759.0,44156.91977613793,1715.0,9,11,2065.0
23760.0,44163.91977613793,1715.0,9,11,2065.0
23761.0,44170.91977613793,1715.0,9,11,2065.0
23762.0,44177.91977613793,1715.0,9,11,2065.0
23763.0,44184.91977613793,1715.0,9,11,2065.0
23764.0,44191.91977613793,1715.0,9,11,2065.0
23765.0,44198.91977613793,1715.0,9,11,2065.0
23766.0,44205.91977613793,1715.0,9,11,2065.0
23767.0,44212.91977613793,1715.0,9,11,2065.0
23768.0,44219.91977613793,1715.0,9,11,2065.0
23769.0,44226.91977613793,1715.0,9,11,2065.0
23770.0,44233.91977613793,1715.0,9,11,2065.0
23771.0,44240.91977613793,1715.0,9,11,2065.0
23772.0,44247.91977613793,1715.0,9,11,2065.0
23773.0,44254.91977613793,1715.0,9,11,2065.0
23774.0,44261.91977613793,1715.0,9,11,2065.0
23775.0,44268.91977613793,1715.0,9,11,2065.0
23776.0,44275.91977613793,1715.0,9,11,2065.0
23777.0,44282.91977613793,1715.0,9,11,2065.0
23778.0,44289.91977613793,1715.0,9,11,2065.0
23779.0,44296.91977613793,1715.0,9,11,2065.0
23780.0,44303.91977613793,1715.0,9,11,2065.0
23781.0,44310.91977613793,1715.0,9,11,2065.0
23782.0,44317.91977613793,1715.0,9,11,2065.0
23783.0,44324.91977613793,1715.0,9,11,2065.0
23784.0,44331.91977613793,1715.0,9,11,2065.0
23785.0,44338.91977613793,1715.0,9,11,2065.0
23786.0,44345.91977613793,1715.0,9,11,2065.0
23787.0,44352.91977613793,1715.0,9,11,2065.0
23788.0,44359.91977613793,1715.0,9,11,2065.0
23789.0,44366.91977613793,1715.0,9,11,2065.0
23790.0,44373.91977613793,1715.0,9,11,2065.0
23791.0,44380.91977613793,1715.0,9,11,2065.0
23792.0,44387.91977613793,1715.0,9,11,2065.0
23793.0,44394.91977613793,1715.0,9,11,2065.0
23794.0,44401.91977613793,1715.0,9,11,2065.0
23795.0,44408.91977613793,1715.0,9,11,2065.0
23796.0,44415.91977613793,1715.0,9,11,2065.0
23797.0,44422.91977613793,1715.0,9,11,2065.0
23798.0,44429.91977613793,1715.0,9,11,2065.0
23799.0,44436.91977613793,1715.0,9,11,2065.0
23800.0,44443.91977613793,1715.0,9,11,2065.0
23801.0,44450.91977613793,1715.0,9,11,2065.0
23802.0,44457.91977613793,1715.0,9,11,2065.0
23803.0,44464.91977613793,1715.0,9,11,2065.0
23804.0,44471.91977613793,1715.0,9,11,2065.0
23805.0,44478.91977613793,1715.0,9,11,2065.0
23806.0,44484.91977613793,1715.0,9,11,2065.0
23807.0,44490.91977613793,1715.0,9,11,2065.0
23808.0,44496.91977613793,1715.0,9,11,2065.0
23809.0,44502.91977613793,1715.0,9,11,2065.0
23810.0,44508.91977613793,1715.0,9,11,2065.0
23811.0,44514.91977613793,1715.0,9,11,2065.0
23812.0,44520.91977613793,1715.0,9,11,2065.0
23813.0,44526.91977613793,1715.0,9,11,2065.0
23814.0,44532.91977613793,1715.0,9,11,2065.0
23815.0,44538.91977613793,1715.0,9,11,2065.0
23816.0,44544.91977613793,1715.0,9,11,2065.0
23817.0,44550.91977613793,1715.0,9,11,2065.0
23818.0,44556.91977613793,1715.0,9,11,2065.0
23819.0,44562.91977613793,1715.0,9,11,2065.0
23820.0,44568.91977613793,1715.0,9,11,2065.0
23821.0,44574.91977613793,1715.0,9,11,2065.0
23822.0,44580.91977613793,1715.0,9,11,2065.0
23823.0,44586.91977613793,1715.0,9,11,2065.0
23824.0,44592.91977613793,1715.0,9,11,2065.0
23825.0,44598.91977613793,1715.0,9,11,2065.0
23826.0,44604.91977613793,1715.0,9,11,2065.0
23827.0,44610.91977613793,1715.0,9,11,2065.0
23828.0,44616.91977613793,1715.0,9,11,2065.0
23829.0,44622.91977613793,1715.0,9,11,2065.0
23830.0,44627.91977613793,1715.0,9,11,2065.0
23831.0,44632.91977613793,1715.0,9,11,2065.0
23832.0,44637.91977613793,1715.0,9,11,2065.0
23833.0,44642.91977613793,1715.0,9,11,2065.0
23834.0,44647.91977613793,1715.0,9,11,2065.0
23835.0,44652.91977613793,1715.0,9,11,2065.0
23836.0,44657.91977613793,1715.0,9,11,2065.0
23837.0,44662.91977613793,1715.0,9,11,2065.0
23838.0,44667.91977613793,1715.0,9,11,2065.0
23839.0,44672.91977613793,1715.0,9,11,2065.0
23840.0,44677.91977613793,1715.0,9,11,2065.0
23841.0,44682.91977613793,1715.0,9,11,2065.0
23842.0,44687.91977613793,1715.0,9,11,2065.0
23843.0,44692.91977613793,1715.0,9,11,2065.0
23844.0,44697.91977613793,1715.0,9,11,2065.0
23845.0,44702.91977613793,1715.0,9,11,2065.0
23846.0,44707.91977613793,1715.0,9,11,2065.0
23847.0,44712.91977613793,1715.0,9,11,2065.0
23848.0,44717.91977613793,1715.0,9,11,2065.0
23849.0,44722.91977613793,1715.0,9,11,2065.0
23850.0,44727.91977613793,1715.0,9,11,2065.0
23851.0,44732.91977613793,1715.0,9,11,2065.0
23852.0,44737.886983154196,1715.0,9,11,2065.0
23853.0,44742.7708365093,1715.0,9,11,2065.0
23854.0,44747.55701279729,1715.0,9,11,2065.0
23855.0,44752.247465559536,1715.0,9,11,2065.0
23856.0,44756.84410926653,1715.0,9,11,2065.0
23857.0,44761.34882009938,1715.0,9,11,2065.0
23858.0,44765.763436715584,1715.0,9,11,2065.0
23859.0,44770.08976099945,1715.0,9,11,2065.0
23860.0,44774.32955879764,1715.0,9,11,2065.0
23861.0,44778.48456063987,1715.0,9,11,2065.0
23862.0,44782.55646244526,1715.0,9,11,2065.0
23863.0,44786.546926214534,1715.0,9,11,2065.0
23864.0,44790.457580708426,1715.0,9,11,2065.0
23865.0,44794.29002211244,1715.0,9,11,2065.0
23866.0,44798.045814688376,1715.0,9,11,2065.0
23867.0,44801.726491412795,1715.0,9,11,2065.0
23868.0,44805.333554602716,1715.0,9,11,2065.0
23869.0,44808.86847652885,1715.0,9,11,2065.0
23870.0,44812.33270001646,1715.0,9,11,2065.0
23871.0,44815.7276390343,1715.0,9,11,2065.0
23872.0,44819.0546792718,1715.0,9,11,2065.0
23873.0,44822.31517870455,1715.0,9,11,2065.0
23874.0,44825.51046814864,1715.0,9,11,2065.0
23875.0,44828.641851803855,1715.0,9,11,2065.0
23876.0,44831.710607785964,1715.0,9,11,2065.0
23877.0,44834.71798864842,1715.0,9,11,2065.0
23878.0,44837.66522189364,1715.0,9,11,2065.0
23879.0,44840.553510473954,1715.0,9,11,2065.0
23880.0,44843.38403328266,1715.0,9,11,2065.0
23881.0,44846.15794563518,1715.0,9,11,2065.0
23882.0,44848.876379740665,1715.0,9,11,2065.0
23883.0,44851.54044516403,1715.0,9,11,2065.0
23884.0,44854.15122927895,1715.0,9,11,2065.0
23885.0,44856.70979771155,1715.0,9,11,2065.0
23886.0,44859.21719477549,1715.0,9,11,2065.0
23887.0,44861.67444389817,1715.0,9,11,2065.0
23888.0,44864.08254803839,1715.0,9,11,2065.0
23889.0,44866.4424900958,1715.0,9,11,2065.0
23890.0,44868.75523331208,1715.0,9,11,2065.0
23891.0,44871.021721664016,1715.0,9,11,2065.0
23892.0,44873.24288024892,1715.0,9,11,2065.0
23893.0,44875.419615662126,1715.0,9,11,2065.0
23894.0,44877.55281636707,1715.0,9,11,2065.0
23895.0,44879.64335305791,1715.0,9,11,2065.0
23896.0,44881.69207901494,1715.0,9,11,2065.0
23897.0,44883.69983045282,1715.0,9,11,2065.0
23898.0,44885.667426861946,1715.0,9,11,2065.0
23899.0,44887.59567134289,1715.0,9,11,2065.0
23900.0,44889.485350934214,1715.0,9,11,2065.0
23901.0,44891.337236933716,1715.0,9,11,2065.0
23902.0,44893.15208521323,1715.0,9,11,2065.0
23903.0,44894.93063652715,1715.0,9,11,2065.0
23904.0,44896.673616814776,1715.0,9,11,2065.0
23905.0,44898.38173749667,1715.0,9,11,2065.0
23906.0,44900.055695764924,1715.0,9,11,2065.0
23907.0,44901.6961748678,1715.0,9,11,2065.0
23908.0,44903.30384438864,1715.0,9,11,2065.0
23909.0,44904.879360519044,1715.0,9,11,2065.0
23910.0,44906.42336632685,1715.0,9,11,2065.0
23911.0,44907.936492018496,1715.0,9,11,2065.0
23912.0,44909.41935519631,1715.0,9,11,2065.0
23913.0,44910.87256111057,1715.0,9,11,2065.0
23914.0,44912.29670290653,1715.0,9,11,2065.0
23915.0,44913.69236186659,1715.0,9,11,2065.0
23916.0,44915.06010764744,1715.0,9,11,2065.0
23917.0,44916.40049851268,1715.0,9,11,2065.0
23918.0,44917.71408156061,1715.0,9,11,2065.0
23919.0,44919.00139294758,1715.0,9,11,2065.0
23920.0,44920.26295810681,1715.0,9,11,2065.0
23921.0,44921.49929196286,1715.0,9,11,2065.0
23922.0,44922.71089914178,1715.0,9,11,2065.0
23923.0,44923.89827417713,1715.0,9,11,2065.0
23924.0,44925.06190171177,1715.0,9,11,2065.0
23925.0,44926.202256695724,1715.0,9,11,2065.0
23926.0,44927.319804579995,1715.0,9,11,2065.0
23927.0,44928.415001506575,1715.0,9,11,2065.0
23928.0,44929.48829449463,1715.0,9,11,2065.0
23929.0,44930.540121622915,1715.0,9,11,2065.0
23930.0,44931.57091220864,1715.0,9,11,2065.0
23931.0,44932.581086982646,1715.0,9,11,2065.0
23932.0,44933.57105826119,1715.0,9,11,2065.0
23933.0,44934.54123011414,1715.0,9,11,2065.0
23934.0,44935.49199853005,1715.0,9,11,2065.0
23935.0,44936.423751577626,1715.0,9,11,2065.0
23936.0,44937.33686956426,1715.0,9,11,2065.0
23937.0,44938.23172519116,1715.0,9,11,2065.0
23938.0,44939.10868370552,1715.0,9,11,2065.0
23939.0,44939.968103049585,1715.0,9,11,2065.0
23940.0,44940.81033400678,1715.0,9,11,2065.0
23941.0,44941.63572034483,1715.0,9,11,2065.0
23942.0,44942.44459895612,1715.0,9,11,2065.0
23943.0,44943.23729999518,1715.0,9,11,2065.0
23944.0,44944.01414701346,1715.0,9,11,2065.0
23945.0,44944.775457091375,1715.0,9,11,2065.0
23946.0,44945.521540967726,1715.0,9,11,2065.0
23947.0,44946.25270316656,1715.0,9,11,2065.0
23948.0,44946.96924212141,1715.0,9,11,2065.0
23949.0,44947.671450297166,1715.0,9,11,2065.0
23950.0,44948.359614309404,1715.0,9,11,2065.0
23951.0,44949.0340150414,1715.0,9,11,2065.0
23952.0,44949.694927758756,1715.0,9,11,2065.0
23953.0,44950.34262222177,1715.0,9,11,2065.0
23954.0,44950.977362795515,1715.0,9,11,2065.0
23955.0,44951.599408557784,1715.0,9,11,2065.0
23956.0,44952.20901340482,1715.0,9,11,2065.0
23957.0,44952.8064261549,1715.0,9,11,2065.0
23958.0,44953.39189064999,1715.0,9,11,2065.0
23959.0,44953.965645855176,1715.0,9,11,2065.0
23960.0,44954.52792595625,1715.0,9,11,2065.0
23961.0,44955.07896045531,1715.0,9,11,2065.0
23962.0,44955.61897426439,1715.0,9,11,2065.0
23963.0,44956.148187797284,1715.0,9,11,2065.0
23964.0,44956.66681705953,1715.0,9,11,2065.0
23965.0,44957.17507373652,1715.0,9,11,2065.0
23966.0,44957.673165279964,1715.0,9,11,2065.0
23967.0,44958.16129499256,1715.0,9,11,2065.0
23968.0,44958.639662110894,1715.0,9,11,2065.0
23969.0,44959.108461886855,1715.0,9,11,2065.0
23970.0,44959.567885667304,1715.0,9,11,2065.0
23971.0,44960.018120972134,1715.0,9,11,2065.0
23972.0,44960.45935157088,1715.0,9,11,2065.0
23973.0,44960.89175755765,1715.0,9,11,2065.0
23974.0,44961.31551542468,1715.0,9,11,2065.0
23975.0,44961.73079813437,1715.0,9,11,2065.0
23976.0,44962.13777518987,1715.0,9,11,2065.0
23977.0,44962.53661270425,1715.0,9,11,2065.0
23978.0,44962.92747346835,1715.0,9,11,2065.0
23979.0,44963.31051701717,1715.0,9,11,2065.0
23980.0,44963.68589969501,1715.0,9,11,2065.0
23981.0,44964.053774719294,1715.0,9,11,2065.0
23982.0,44964.41429224309,1715.0,9,11,2065.0
23983.0,44964.76759941641,1715.0,9,11,2065.0
23984.0,44965.11384044627,1715.0,9,11,2065.0
23985.0,44965.45315665553,1715.0,9,11,2065.0
23986.0,44965.7856865406,1715.0,9,11,2065.0
23987.0,44966.11156582797,1715.0,9,11,2065.0
23988.0,44966.4309275296,1715.0,9,11,2065.0
23989.0,44966.74390199718,1715.0,9,11,2065.0
23990.0,44967.05061697543,1715.0,9,11,2065.0
23991.0,44967.3511976541,1715.0,9,11,2065.0
23992.0,44967.6457667192,1715.0,9,11,2065.0
23993.0,44967.934444403,1715.0,9,11,2065.0
23994.0,44968.21734853313,1715.0,9,11,2065.0
23995.0,44968.494594580654,1715.0,9,11,2065.0
23996.0,44968.766295707224,1715.0,9,11,2065.0
23997.0,44969.032562811255,1715.0,9,11,2065.0
23998.0,44969.293504573216,1715.0,9,11,2065.0
23999.0,44969.549227499934,1715.0,9,11,2065.0
24000.0,44969.79983596812,1715.0,9,11,2065.0
24001.0,44970.04543226694,1715.0,9,11,2065.0
24002.0,44970.28611663979,1715.0,9,11,2065.0
24003.0,44970.52198732517,1715.0,9,11,2065.0
24004.0,44970.75314059686,1715.0,9,11,2065.0
24005.0,44970.9796708031,1715.0,9,11,2065.0
24006.0,44971.20167040522,1715.0,9,11,2065.0
24007.0,44971.41923001531,1715.0,9,11,2065.0
24008.0,44971.63243843318,1715.0,9,11,2065.0
24009.0,44971.841382682695,1715.0,9,11,2065.0
24010.0,44972.04614804723,1715.0,9,11,2065.0
24011.0,44972.24681810447,1715.0,9,11,2065.0
24012.0,44972.44347476056,1715.0,9,11,2065.0
24013.0,44972.636198283544,1715.0,9,11,2065.0
24014.0,44972.82506733605,1715.0,9,11,2065.0
24015.0,44973.010159007514,1715.0,9,11,2065.0
24016.0,44973.19154884555,1715.0,9,11,2065.0
24017.0,44973.36931088682,1715.0,9,11,2065.0
24018.0,44973.54351768727,1715.0,9,11,2065.0
24019.0,44973.71424035171,1715.0,9,11,2065.0
24020.0,44973.88154856285,1715.0,9,11,2065.0
24021.0,44974.04551060978,1715.0,9,11,2065.0
24022.0,44974.20619341577,1715.0,9,11,2065.0
24023.0,44974.363662565636,1715.0,9,11,2065.0
24024.0,44974.51798233251,1715.0,9,11,2065.0
24025.0,44974.669215704045,1715.0,9,11,2065.0
24026.0,44974.817424408146,1715.0,9,11,2065.0
24027.0,44974.96266893817,1715.0,9,11,2065.0
24028.0,44975.10500857759,1715.0,9,11,2065.0
24029.0,44975.24450142422,1715.0,9,11,2065.0
24030.0,44975.38120441392,1715.0,9,11,2065.0
24031.0,44975.515173343825,1715.0,9,11,2065.0
24032.0,44975.64646289513,1715.0,9,11,2065.0
24033.0,44975.77512665541,1715.0,9,11,2065.0
24034.0,44975.90121714049,1715.0,9,11,2065.0
24035.0,44976.02478581586,1715.0,9,11,2065.0
24036.0,44976.14588311773,1715.0,9,11,2065.0
24037.0,44976.26455847355,1715.0,9,11,2065.0
24038.0,44976.380860322264,1715.0,9,11,2065.0
24039.0,44976.494836134014,1715.0,9,11,2065.0
24040.0,44976.60653242952,1715.0,9,11,2065.0
24041.0,44976.7159947991,1715.0,9,11,2065.0
24042.0,44976.823267921296,1715.0,9,11,2065.0
24043.0,44976.92839558106,1715.0,9,11,2065.0
24044.0,44977.03142068762,1715.0,9,11,2065.0
24045.0,44977.09246707159,1717.0,9,11,2063.0
24046.0,44977.1325000089,1720.0,9,11,2060.0
24047.0,44977.1325000089,1725.0,9,11,2055.0
24048.0,44977.1325000089,1730.0,9,11,2050.0
24049.0,44977.1325000089,1735.0,9,11,2045.0
24050.0,44977.1325000089,1740.0,9,11,2040.0
24051.0,44977.1325000089,1745.0,9,11,2035.0
24052.0,44977.1325000089,1750.0,9,11,2030.0
24053.0,44977.1325000089,1755.0,9,11,2025.0
24054.0,44977.1325000089,1760.0,9,11,2020.0
24055.0,44977.1325000089,1765.0,9,11,2015.0
24056.0,44977.1325000089,1770.0,9,11,2010.0
24057.0,44977.1325000089,1775.0,9,11,2005.0
24058.0,44977.1325000089,1780.0,9,11,2000.0
24059.0,44977.1325000089,1785.0,9,11,1995.0
24060.0,44977.1325000089,1790.0,9,11,1990.0
24061.0,44977.1325000089,1795.0,9,11,1985.0
24062.0,44977.1325000089,1800.0,9,11,1980.0
24063.0,44977.1325000089,1805.0,9,11,1975.0
24064.0,44977.1325000089,1810.0,9,11,1970.0
24065.0,44977.1325000089,1815.0,9,11,1965.0
24066.0,44977.1325000089,1820.0,9,11,1960.0
24067.0,44977.1325000089,1825.0,9,11,1955.0
24068.0,44977.1325000089,1830.0,9,11,1950.0
24069.0,44977.1325000089,1835.0,9,11,1945.0
24070.0,44977.1325000089,1840.0,9,11,1940.0
24071.0,44977.1325000089,1845.0,9,11,1935.0
24072.0,44977.1325000089,1850.0,9,11,1930.0
24073.0,44977.1325000089,1855.0,9,11,1925.0
24074.0,44977.1325000089,1860.0,9,11,1920.0
24075.0,44977.1325000089,1865.0,9,11,1915.0
24076.0,44977.1325000089,1870.0,9,11,1910.0
24077.0,44977.1325000089,1875.0,9,11,1905.0
24078.0,44977.1325000089,1880.0,9,11,1900.0
24079.0,44977.1325000089,1885.0,9,11,1895.0
24080.0,44977.1325000089,1890.0,10,10,1890.0
24081.0,44977.1325000089,1890.0,10,10,1890.0
24082.0,44977.38250000889,1890.0,10,10,1890.0
24083.0,44977.654701753,1890.0,10,10,1890.0
24084.0,44978.16839145099,1890.0,10,10,1890.0
24085.0,44978.92850630372,1890.0,10,10,1890.0
24086.0,44979.93670655995,1890.0,10,10,1890.0
24087.0,44981.193722294505,1890.0,10,10,1890.0
24088.0,44982.69993461869,1890.0,10,10,1890.0
24089.0,44984.455566511766,1890.0,10,10,1890.0
24090.0,44986.460759370355,1890.0,10,10,1890.0
24091.0,44988.7156083696,1890.0,10,10,1890.0
24092.0,44991.220180582546,1890.0,10,10,1890.0
24093.0,44993.97452502995,1890.0,10,10,1890.0
24094.0,44996.97867861344,1890.0,10,10,1890.0
24095.0,45000.23266979928,1890.0,10,10,1890.0
24096.0,45003.73652100303,1890.0,10,10,1890.0
24097.0,45007.490250187766,1890.0,10,10,1890.0
24098.0,45011.493871967774,1890.0,10,10,1890.0
24099.0,45015.7473983904,1890.0,10,10,1890.0
24100.0,45020.250839502296,1890.0,10,10,1890.0
24101.0,45025.00420376786,1890.0,10,10,1890.0
24102.0,45030.00420376786,1890.0,10,10,1890.0
24103.0,45035.00420376786,1890.0,10,10,1890.0
24104.0,45040.00420376786,1890.0,10,10,1890.0
24105.0,45045.00420376786,1890.0,10,10,1890.0
24106.0,45050.00420376786,1890.0,10,10,1890.0
24107.0,45055.00420376786,1890.0,10,10,1890.0
24108.0,45060.00420376786,1890.0,10,10,1890.0
24109.0,45065.00420376786,1890.0,10,10,1890.0
24110.0,45070.00420376786,1890.0,10,10,1890.0
24111.0,45075.00420376786,1890.0,10,10,1890.0
24112.0,45080.00420376786,1890.0,10,10,1890.0
24113.0,45085.00420376786,1890.0,10,10,1890.0
24114.0,45090.00420376786,1890.0,10,10,1890.0
24115.0,45095.00420376786,1890.0,10,10,1890.0
24116.0,45100.00420376786,1890.0,10,10,1890.0
24117.0,45105.00420376786,1890.0,10,10,1890.0
24118.0,45110.00420376786,1890.0,10,10,1890.0
24119.0,45115.00420376786,1890.0,10,10,1890.0
24120.0,45120.00420376786,1890.0,10,10,1890.0
24121.0,45125.00420376786,1890.0,10,10,1890.0
24122.0,45130.00420376786,1890.0,10,10,1890.0
24123.0,45135.00420376786,1890.0,10,10,1890.0
24124.0,45140.00420376786,1890.0,10,10,1890.0
24125.0,45145.00420376786,1890.0,10,10,1890.0
24126.0,45150.00420376786,1890.0,10,10,1890.0
24127.0,45155.00420376786,1890.0,10,10,1890.0
24128.0,45160.00420376786,1890.0,10,10,1890.0
24129.0,45165.00420376786,1890.0,10,10,1890.0
24130.0,45170.00420376786,1890.0,10,10,1890.0
24131.0,45175.00420376786,1890.0,10,10,1890.0
24132.0,45180.00420376786,1890.0,10,10,1890.0
24133.0,45185.00420376786,1890.0,10,10,1890.0
24134.0,45190.00420376786,1890.0,10,10,1890.0
24135.0,45195.00420376786,1890.0,10,10,1890.0
24136.0,45200.00420376786,1890.0,10,10,1890.0
24137.0,45205.00420376786,1890.0,10,10,1890.0
24138.0,45210.00420376786,1890.0,10,10,1890.0
24139.0,45215.00420376786,1890.0,10,10,1890.0
24140.0,45220.00420376786,1890.0,10,10,1890.0
24141.0,45225.00420376786,1890.0,10,10,1890.0
24142.0,45230.00420376786,1890.0,10,10,1890.0
24143.0,45235.00420376786,1890.0,10,10,1890.0
24144.0,45240.00420376786,1890.0,10,10,1890.0
24145.0,45245.00420376786,1890.0,10,10,1890.0
24146.0,45250.00420376786,1890.0,10,10,1890.0
24147.0,45255.00420376786,1890.0,10,10,1890.0
24148.0,45260.00420376786,1890.0,10,10,1890.0
24149.0,45265.00420376786,1890.0,10,10,1890.0
24150.0,45270.00420376786,1890.0,10,10,1890.0
24151.0,45275.00420376786,1890.0,10,10,1890.0
24152.0,45280.00420376786,1890.0,10,10,1890.0
24153.0,45285.00420376786,1890.0,10,10,1890.0
24154.0,45290.00420376786,1890.0,10,10,1890.0
24155.0,45295.00420376786,1890.0,10,10,1890.0
24156.0,45300.00420376786,1890.0,10,10,1890.0
24157.0,45305.00420376786,1890.0,10,10,1890.0
24158.0,45310.00420376786,1890.0,10,10,1890.0
24159.0,45315.00420376786,1890.0,10,10,1890.0
24160.0,45320.00420376786,1890.0,10,10,1890.0
24161.0,45325.00420376786,1890.0,10,10,1890.0
24162.0,45330.00420376786,1890.0,10,10,1890.0
24163.0,45335.00420376786,1890.0,10,10,1890.0
24164.0,45340.00420376786,1890.0,10,10,1890.0
24165.0,45345.00420376786,1890.0,10,10,1890.0
24166.0,45350.00420376786,1890.0,10,10,1890.0
24167.0,45355.00420376786,1890.0,10,10,1890.0
24168.0,45360.00420376786,1890.0,10,10,1890.0
24169.0,45365.00420376786,1890.0,10,10,1890.0
24170.0,45370.00420376786,1890.0,10,10,1890.0
24171.0,45375.00420376786,1890.0,10,10,1890.0
24172.0,45380.00420376786,1890.0,10,10,1890.0
24173.0,45385.00420376786,1890.0,10,10,1890.0
24174.0,45390.00420376786,1890.0,10,10,1890.0
24175.0,45395.00420376786,1890.0,10,10,1890.0
24176.0,45400.00420376786,1890.0,10,10,1890.0
24177.0,45405.00420376786,1890.0,10,10,1890.0
24178.0,45410.00420376786,1890.0,10,10,1890.0
24179.0,45415.00420376786,1890.0,10,10,1890.0
24180.0,45420.00420376786,1890.0,10,10,1890.0
24181.0,45425.00420376786,1890.0,10,10,1890.0
24182.0,45430.00420376786,1890.0,10,10,1890.0
24183.0,45435.00420376786,1890.0,10,10,1890.0
24184.0,45440.00420376786,1890.0,10,10,1890.0
24185.0,45445.00420376786,1890.0,10,10,1890.0
24186.0,45450.00420376786,1890.0,10,10,1890.0
24187.0,45455.00420376786,1890.0,10,10,1890.0
24188.0,45460.00420376786,1890.0,10,10,1890.0
24189.0,45465.00420376786,1890.0,10,10,1890.0
24190.0,45470.00420376786,1890.0,10,10,1890.0
24191.0,45475.00420376786,1890.0,10,10,1890.0
24192.0,45480.00420376786,1890.0,10,10,1890.0
24193.0,45485.00420376786,1890.0,10,10,1890.0
24194.0,45490.00420376786,1890.0,10,10,1890.0
24195.0,45495.00420376786,1890.0,10,10,1890.0
24196.0,45500.00420376786,1890.0,10,10,1890.0
24197.0,45505.00420376786,1890.0,10,10,1890.0
24198.0,45510.00420376786,1890.0,10,10,1890.0
24199.0,45515.00420376786,1890.0,10,10,1890.0
24200.0,45520.00420376786,1890.0,10,10,1890.0
24201.0,45525.00420376786,1890.0,10,10,1890.0
24202.0,45530.00420376786,1890.0,10,10,1890.0
24203.0,45535.00420376786,1890.0,10,10,1890.0
24204.0,45540.00420376786,1890.0,10,10,1890.0
24205.0,45545.00420376786,1890.0,10,10,1890.0
24206.0,45550.00420376786,1890.0,10,10,1890.0
24207.0,45555.00420376786,1890.0,10,10,1890.0
24208.0,45560.00420376786,1890.0,10,10,1890.0
24209.0,45565.00420376786,1890.0,10,10,1890.0
24210.0,45570.00420376786,1890.0,10,10,1890.0
24211.0,45575.00420376786,1890.0,10,10,1890.0
24212.0,45580.00420376786,1890.0,10,10,1890.0
24213.0,45585.00420376786,1890.0,10,10,1890.0
24214.0,45590.00420376786,1890.0,10,10,1890.0
24215.0,45595.00420376786,1890.0,10,10,1890.0
24216.0,45600.00420376786,1890.0,10,10,1890.0
24217.0,45605.00420376786,1890.0,10,10,1890.0
24218.0,45610.00420376786,1890.0,10,10,1890.0
24219.0,45615.00420376786,1890.0,10,10,1890.0
24220.0,45620.00420376786,1890.0,10,10,1890.0
24221.0,45625.00420376786,1890.0,10,10,1890.0
24222.0,45630.00420376786,1890.0,10,10,1890.0
24223.0,45635.00420376786,1890.0,10,10,1890.0
24224.0,45640.00420376786,1890.0,10,10,1890.0
24225.0,45645.00420376786,1890.0,10,10,1890.0
24226.0,45650.00420376786,1890.0,10,10,1890.0
24227.0,45655.00420376786,1890.0,10,10,1890.0
24228.0,45660.00420376786,1890.0,10,10,1890.0
24229.0,45665.00420376786,1890.0,10,10,1890.0
24230.0,45670.00420376786,1890.0,10,10,1890.0
24231.0,45675.00420376786,1890.0,10,10,1890.0
24232.0,45680.00420376786,1890.0,10,10,1890.0
24233.0,45685.00420376786,1890.0,10,10,1890.0
24234.0,45690.00420376786,1890.0,10,10,1890.0
24235.0,45695.00420376786,1890.0,10,10,1890.0
24236.0,45700.00420376786,1890.0,10,10,1890.0
24237.0,45705.00420376786,1890.0,10,10,1890.0
24238.0,45710.00420376786,1890.0,10,10,1890.0
24239.0,45715.00420376786,1890.0,10,10,1890.0
24240.0,45720.00420376786,1890.0,10,10,1890.0
24241.0,45725.00420376786,1890.0,10,10,1890.0
24242.0,45730.00420376786,1890.0,10,10,1890.0
24243.0,45735.00420376786,1890.0,10,10,1890.0
24244.0,45740.00420376786,1890.0,10,10,1890.0
24245.0,45745.00420376786,1890.0,10,10,1890.0
24246.0,45750.00420376786,1890.0,10,10,1890.0
24247.0,45755.00420376786,1890.0,10,10,1890.0
24248.0,45760.00420376786,1890.0,10,10,1890.0
24249.0,45765.00420376786,1890.0,10,10,1890.0
24250.0,45770.00420376786,1890.0,10,10,1890.0
24251.0,45775.00420376786,1890.0,10,10,1890.0
24252.0,45780.00420376786,1890.0,10,10,1890.0
24253.0,45785.00420376786,1890.0,10,10,1890.0
24254.0,45790.00420376786,1890.0,10,10,1890.0
24255.0,45795.00420376786,1890.0,10,10,1890.0
24256.0,45800.00420376786,1890.0,10,10,1890.0
24257.0,45805.00420376786,1890.0,10,10,1890.0
24258.0,45810.00420376786,1890.0,10,10,1890.0
24259.0,45815.00420376786,1890.0,10,10,1890.0
24260.0,45820.00420376786,1890.0,10,10,1890.0
24261.0,45825.00420376786,1890.0,10,10,1890.0
24262.0,45830.00420376786,1890.0,10,10,1890.0
24263.0,45835.00420376786,1890.0,10,10,1890.0
24264.0,45840.00420376786,1890.0,10,10,1890.0
24265.0,45845.00420376786,1890.0,10,10,1890.0
24266.0,45850.00420376786,1890.0,10,10,1890.0
24267.0,45855.00420376786,1890.0,10,10,1890.0
24268.0,45860.00420376786,1890.0,10,10,1890.0
24269.0,45865.00420376786,1890.0,10,10,1890.0
24270.0,45870.00420376786,1890.0,10,10,1890.0
24271.0,45875.00420376786,1890.0,10,10,1890.0
24272.0,45880.00420376786,1890.0,10,10,1890.0
24273.0,45885.00420376786,1890.0,10,10,1890.0
24274.0,45890.00420376786,1890.0,10,10,1890.0
24275.0,45895.00420376786,1890.0,10,10,1890.0
24276.0,45900.00420376786,1890.0,10,10,1890.0
24277.0,45905.00420376786,1890.0,10,10,1890.0
24278.0,45910.00420376786,1890.0,10,10,1890.0
24279.0,45915.00420376786,1890.0,10,10,1890.0
24280.0,45920.00420376786,1890.0,10,10,1890.0
24281.0,45925.00420376786,1890.0,10,10,1890.0
24282.0,45930.00420376786,1890.0,10,10,1890.0
24283.0,45935.00420376786,1890.0,10,10,1890.0
24284.0,45940.00420376786,1890.0,10,10,1890.0
24285.0,45945.00420376786,1890.0,10,10,1890.0
24286.0,45950.00420376786,1890.0,10,10,1890.0
24287.0,45955.00420376786,1890.0,10,10,1890.0
24288.0,45960.00420376786,1890.0,10,10,1890.0
24289.0,45965.00420376786,1890.0,10,10,1890.0
24290.0,45970.00420376786,1890.0,10,10,1890.0
24291.0,45975.00420376786,1890.0,10,10,1890.0
24292.0,45980.00420376786,1890.0,10,10,1890.0
24293.0,45985.00420376786,1890.0,10,10,1890.0
24294.0,45990.00420376786,1890.0,10,10,1890.0
24295.0,45995.00420376786,1890.0,10,10,1890.0
24296.0,46000.00420376786,1890.0,10,10,1890.0
24297.0,46005.00420376786,1890.0,10,10,1890.0
24298.0,46010.00420376786,1890.0,10,10,1890.0
24299.0,46015.00420376786,1890.0,10,10,1890.0
24300.0,46020.00420376786,1890.0,10,10,1890.0
24301.0,46025.00420376786,1890.0,10,10,1890.0
24302.0,46030.00420376786,1890.0,10,10,1890.0
24303.0,46035.00420376786,1890.0,10,10,1890.0
24304.0,46040.00420376786,1890.0,10,10,1890.0
24305.0,46045.00420376786,1890.0,10,10,1890.0
24306.0,46050.00420376786,1890.0,10,10,1890.0
24307.0,46055.00420376786,1890.0,10,10,1890.0
24308.0,46060.00420376786,1890.0,10,10,1890.0
24309.0,46065.00420376786,1890.0,10,10,1890.0
24310.0,46070.00420376786,1890.0,10,10,1890.0
24311.0,46075.00420376786,1890.0,10,10,1890.0
24312.0,46080.00420376786,1890.0,10,10,1890.0
24313.0,46085.00420376786,1890.0,10,10,1890.0
24314.0,46090.00420376786,1890.0,10,10,1890.0
24315.0,46095.00420376786,1890.0,10,10,1890.0
24316.0,46100.00420376786,1890.0,10,10,1890.0
24317.0,46105.00420376786,1890.0,10,10,1890.0
24318.0,46110.00420376786,1890.0,10,10,1890.0
24319.0,46115.00420376786,1890.0,10,10,1890.0
24320.0,46120.00420376786,1890.0,10,10,1890.0
24321.0,46125.00420376786,1890.0,10,10,1890.0
24322.0,46130.00420376786,1890.0,10,10,1890.0
24323.0,46135.00420376786,1890.0,10,10,1890.0
24324.0,46140.00420376786,1890.0,10,10,1890.0
24325.0,46145.00420376786,1890.0,10,10,1890.0
24326.0,46149.09106354065,1890.0,10,10,1890.0
24327.0,46152.48726784501,1890.0,10,10,1890.0
24328.0,46154.3450374913,1890.0,10,10,1890.0
24329.0,46156.59542599645,1890.0,10,10,1890.0
24330.0,46159.20894201235,1890.0,10,10,1890.0
24331.0,46162.18724435651,1890.0,10,10,1890.0
24332.0,46165.5321730636,1890.0,10,10,1890.0
24333.0,46169.20170520171,1890.0,10,10,1890.0
24334.0,46173.186032578174,1890.0,10,10,1890.0
24335.0,46177.48775149034,1890.0,10,10,1890.0
24336.0,46182.109686185584,1890.0,10,10,1890.0
24337.0,46187.054888234525,1890.0,10,10,1890.0
24338.0,46192.32662667037,1890.0,10,10,1890.0
24339.0,46197.91360324662,1890.0,10,10,1890.0
24340.0,46203.77150725243,1890.0,10,10,1890.0
24341.0,46209.90434350045,1890.0,10,10,1890.0
24342.0,46216.31617976486,1890.0,10,10,1890.0
24343.0,46223.01108868704,1890.0,10,10,1890.0
24344.0,46229.99308863342,1890.0,10,10,1890.0
24345.0,46237.26608819081,1890.0,10,10,1890.0
24346.0,46244.78383833576,1890.0,10,10,1890.0
24347.0,46252.39989503093,1890.0,10,10,1890.0
24348.0,46260.017593444514,1890.0,10,10,1890.0
24349.0,46267.64003353891,1890.0,10,10,1890.0
24350.0,46275.27007569615,1890.0,10,10,1890.0
24351.0,46282.910344436525,1890.0,10,10,1890.0
24352.0,46290.563238105824,1890.0,10,10,1890.0
24353.0,46298.23094253512,1890.0,10,10,1890.0
24354.0,46305.915446983534,1890.0,10,10,1890.0
24355.0,46313.61856104565,1890.0,10,10,1890.0
24356.0,46321.34193156848,1890.0,10,10,1890.0
24357.0,46329.072637780286,1890.0,10,10,1890.0
24358.0,46336.788729867854,1890.0,10,10,1890.0
24359.0,46344.49050011367,1890.0,10,10,1890.0
24360.0,46352.17823495457,1890.0,10,10,1890.0
24361.0,46359.85221509866,1890.0,10,10,1890.0
24362.0,46367.51271563985,1890.0,10,10,1890.0
24363.0,46375.16000617024,1890.0,10,10,1890.0
24364.0,46382.794350890006,1890.0,10,10,1890.0
24365.0,46390.41600871538,1890.0,10,10,1890.0
24366.0,46398.02523338425,1890.0,10,10,1890.0
24367.0,46405.62227355973,1890.0,10,10,1890.0
24368.0,46413.20737293172,1890.0,10,10,1890.0
24369.0,46420.780770316254,1890.0,10,10,1890.0
24370.0,46428.3426997531,1890.0,10,10,1890.0
24371.0,46435.89339060122,1890.0,10,10,1890.0
24372.0,46443.433067632366,1890.0,10,10,1890.0
24373.0,46450.961951122896,1890.0,10,10,1890.0
24374.0,46458.48025694361,1890.0,10,10,1890.0
24375.0,46465.988196647915,1890.0,10,10,1890.0
24376.0,46473.48597755813,1890.0,10,10,1890.0
24377.0,46480.973802850145,1890.0,10,10,1890.0
24378.0,46488.451871636316,1890.0,10,10,1890.0
24379.0,46495.90604478248,1890.0,10,10,1890.0
24380.0,46503.331134465734,1890.0,10,10,1890.0
24381.0,46510.72772235532,1890.0,10,10,1890.0
24382.0,46518.096378487106,1890.0,10,10,1890.0
24383.0,46525.43766149625,1890.0,10,10,1890.0
24384.0,46532.75211884522,1890.0,10,10,1890.0
24385.0,46540.04028704722,1890.0,10,10,1890.0
24386.0,46547.30269188517,1890.0,10,10,1890.0
24387.0,46554.539848626366,1890.0,10,10,1890.0
24388.0,46561.737714546216,1890.0,10,10,1890.0
24389.0,46568.87737029712,1890.0,10,10,1890.0
24390.0,46575.954232933,1890.0,10,10,1890.0
24391.0,46582.96955831618,1890.0,10,10,1890.0
24392.0,46589.92457719168,1890.0,10,10,1890.0
24393.0,46596.82049568968,1890.0,10,10,1890.0
24394.0,46603.658495817705,1890.0,10,10,1890.0
24395.0,46610.43973594318,1890.0,10,10,1890.0
24396.0,46617.16535126615,1890.0,10,10,1890.0
24397.0,46623.83645428266,1890.0,10,10,1890.0
24398.0,46630.45413523883,1890.0,10,10,1890.0
24399.0,46637.019462575874,1890.0,10,10,1890.0
24400.0,46643.53348336619,1890.0,10,10,1890.0
24401.0,46649.99722374069,1890.0,10,10,1890.0
24402.0,46656.41168930771,1890.0,10,10,1890.0
24403.0,46662.77786556338,1890.0,10,10,1890.0
24404.0,46669.09671829395,1890.0,10,10,1890.0
24405.0,46675.3691939699,1890.0,10,10,1890.0
24406.0,46681.59622013232,1890.0,10,10,1890.0
24407.0,46687.77870577151,1890.0,10,10,1890.0
24408.0,46693.917541697905,1890.0,10,10,1890.0
24409.0,46700.013600905775,1890.0,10,10,1890.0
24410.0,46706.06773892949,1890.0,10,10,1890.0
24411.0,46712.080794192734,1890.0,10,10,1890.0
24412.0,46718.053588350704,1890.0,10,10,1890.0
24413.0,46723.98692662553,1890.0,10,10,1890.0
24414.0,46729.88159813484,1890.0,10,10,1890.0
24415.0,46735.738376213965,1890.0,10,10,1890.0
24416.0,46741.55801873153,1890.0,10,10,1890.0
24417.0,46747.34126839872,1890.0,10,10,1890.0
24418.0,46753.08885307258,1890.0,10,10,1890.0
24419.0,46758.801486052944,1890.0,10,10,1890.0
24420.0,46764.47986637372,1890.0,10,10,1890.0
24421.0,46770.124679088076,1890.0,10,10,1890.0
24422.0,46775.73659554814,1890.0,10,10,1890.0
24423.0,46781.316273679004,1890.0,10,10,1890.0
24424.0,46786.86435824726,1890.0,10,10,1890.0
24425.0,46792.38148112415,1890.0,10,10,1890.0
24426.0,46797.86826154348,1890.0,10,10,1890.0
24427.0,46803.32530635444,1890.0,10,10,1890.0
24428.0,46808.753210269184,1890.0,10,10,1890.0
24429.0,46814.15255610563,1890.0,10,10,1890.0
24430.0,46819.52391502535,1890.0,10,10,1890.0
24431.0,46824.86784676667,1890.0,10,10,1890.0
24432.0,46830.18489987316,1890.0,10,10,1890.0
24433.0,46835.47561191753,1890.0,10,10,1890.0
24434.0,46840.74050972101,1890.0,10,10,1890.0
24435.0,46845.98010956841,1890.0,10,10,1890.0
24436.0,46851.19491741888,1890.0,10,10,1890.0
24437.0,46856.385429112335,1890.0,10,10,1890.0
24438.0,46861.53251897495,1890.0,10,10,1890.0
24439.0,46866.65666704032,1890.0,10,10,1890.0
24440.0,46871.75833214437,1890.0,10,10,1890.0
24441.0,46876.837963946346,1890.0,10,10,1890.0
24442.0,46881.89600311229,1890.0,10,10,1890.0
24443.0,46886.93288149491,1890.0,10,10,1890.0
24444.0,46891.94902230987,1890.0,10,10,1890.0
24445.0,46896.94484030854,1890.0,10,10,1890.0
24446.0,46901.92074194724,1890.0,10,10,1890.0
24447.0,46906.877125553154,1890.0,10,10,1890.0
24448.0,46911.81438148696,1890.0,10,10,1890.0
24449.0,46916.732892302076,1890.0,10,10,1890.0
24450.0,46921.63303290091,1890.0,10,10,1890.0
24451.0,46926.51517068776,1890.0,10,10,1890.0
24452.0,46931.37966571886,1890.0,10,10,1890.0
24453.0,46936.22687084935,1890.0,10,10,1890.0
24454.0,46941.05713187723,1890.0,10,10,1890.0
24455.0,46945.870787684544,1890.0,10,10,1890.0
24456.0,46950.66817037573,1890.0,10,10,1890.0
24457.0,46955.44960541307,1890.0,10,10,1890.0
24458.0,46960.215411749676,1890.0,10,10,1890.0
24459.0,46964.96590195954,1890.0,10,10,1890.0
24460.0,46969.70138236522,1890.0,10,10,1890.0
24461.0,46974.42215316278,1890.0,10,10,1890.0
24462.0,46979.12850854439,1890.0,10,10,1890.0
24463.0,46983.820736818365,1890.0,10,10,1890.0
24464.0,46988.49912052686,1890.0,10,10,1890.0
24465.0,46993.16393656119,1890.0,10,10,1890.0
24466.0,46997.81545627483,1890.0,10,10,1890.0
24467.0,47002.45394559419,1890.0,10,10,1890.0
24468.0,47007.079665127174,1890.0,10,10,1890.0
24469.0,47011.67326459776,1890.0,10,10,1890.0
24470.0,47016.254992078946,1890.0,10,10,1890.0
24471.0,47020.82508501049,1890.0,10,10,1890.0
24472.0,47025.383776083414,1890.0,10,10,1890.0
24473.0,47029.93129333488,1890.0,10,10,1890.0
24474.0,47034.467860241304,1890.0,10,10,1890.0
24475.0,47038.9936958096,1890.0,10,10,1890.0
24476.0,47043.509014666546,1890.0,10,10,1890.0
24477.0,47048.01402714634,1890.0,10,10,1890.0
24478.0,47052.508939376545,1890.0,10,10,1890.0
24479.0,47056.993953362144,1890.0,10,10,1890.0
24480.0,47061.46926706804,1890.0,10,10,1890.0
24481.0,47065.935074499794,1890.0,10,10,1890.0
24482.0,47070.391565782935,1890.0,10,10,1890.0
24483.0,47074.8389272404,1890.0,10,10,1890.0
24484.0,47079.277341468725,1890.0,10,10,1890.0
24485.0,47083.70698741248,1890.0,10,10,1890.0
24486.0,47088.12804043736,1890.0,10,10,1890.0
24487.0,47092.54067240174,1890.0,10,10,1890.0
24488.0,47096.94505172684,1890.0,10,10,1890.0
24489.0,47101.341343465436,1890.0,10,10,1890.0
24490.0,47105.729709369254,1890.0,10,10,1890.0
24491.0,47110.110307954994,1890.0,10,10,1890.0
24492.0,47114.48329456903,1890.0,10,10,1890.0
24493.0,47118.84882145078,1890.0,10,10,1890.0
24494.0,47123.207037794884,1890.0,10,10,1890.0
24495.0,47127.55808981212,1890.0,10,10,1890.0
24496.0,47131.902120789004,1890.0,10,10,1890.0
24497.0,47136.23927114636,1890.0,10,10,1890.0
24498.0,47140.56967849656,1890.0,10,10,1890.0
24499.0,47144.893477699756,1890.0,10,10,1890.0
24500.0,47149.21080091889,1890.0,10,10,1890.0
24501.0,47153.52177767364,1890.0,10,10,1890.0
24502.0,47157.826534893306,1890.0,10,10,1890.0
24503.0,47162.125196968555,1890.0,10,10,1890.0
24504.0,47166.41788580232,1890.0,10,10,1890.0
24505.0,47170.70472085941,1890.0,10,10,1890.0
24506.0,47174.98581921535,1890.0,10,10,1890.0
24507.0,47179.26129560417,1890.0,10,10,1890.0
24508.0,47183.53126246522,1890.0,10,10,1890.0
24509.0,47187.79582998904,1890.0,10,10,1890.0
24510.0,47192.055106162385,1890.0,10,10,1890.0
24511.0,47196.28952609804,1890.0,10,10,1890.0
24512.0,47200.51925763497,1890.0,10,10,1890.0
24513.0,47204.74439454116,1890.0,10,10,1890.0
24514.0,47208.96502870923,1890.0,10,10,1890.0
24515.0,47213.18125019394,1890.0,10,10,1890.0
24516.0,47217.39314724896,1890.0,10,10,1890.0
24517.0,47221.60080636287,1890.0,10,10,1890.0
24518.0,47225.80431229451,1890.0,10,10,1890.0
24519.0,47230.00374810751,1890.0,10,10,1890.0
24520.0,47234.19919520425,1890.0,10,10,1890.0
24521.0,47238.39073335907,1890.0,10,10,1890.0
24522.0,47242.578440750774,1890.0,10,10,1890.0
24523.0,47246.76239399466,1890.0,10,10,1890.0
24524.0,47250.94266817366,1890.0,10,10,1890.0
24525.0,47255.11933686908,1890.0,10,10,1890.0
24526.0,47259.29247219059,1890.0,10,10,1890.0
24527.0,47263.46214480567,1890.0,10,10,1890.0
24528.0,47267.628423968454,1890.0,10,10,1890.0
24529.0,47271.79137754797,1890.0,10,10,1890.0
24530.0,47275.95107205591,1890.0,10,10,1890.0
24531.0,47280.10757267369,1890.0,10,10,1890.0
24532.0,47284.260943279114,1890.0,10,10,1890.0
24533.0,47288.41124647242,1890.0,10,10,1890.0
24534.0,47292.55854360187,1890.0,10,10,1890.0
24535.0,47296.702894788716,1890.0,10,10,1890.0
24536.0,47300.844358951836,1890.0,10,10,1890.0
24537.0,47304.9829938317,1890.0,10,10,1890.0
24538.0,47309.11885601395,1890.0,10,10,1890.0
24539.0,47313.25200095257,1890.0,10,10,1890.0
24540.0,47317.38248299241,1890.0,10,10,1890.0
24541.0,47321.51035539145,1890.0,10,10,1890.0
24542.0,47325.635670342526,1890.0,10,10,1890.0
24543.0,47329.75847899456,1890.0,10,10,1890.0
24544.0,47333.87883147357,1890.0,10,10,1890.0
24545.0,47337.99677690299,1890.0,10,10,1890.0
24546.0,47342.112363423825,1890.0,10,10,1890.0
24547.0,47346.225638214244,1890.0,10,10,1890.0
24548.0,47350.33664750885,1890.0,10,10,1890.0
24549.0,47354.44543661757,1890.0,10,10,1890.0
24550.0,47358.55204994411,1890.0,10,10,1890.0
24551.0,47362.65653100412,1890.0,10,10,1890.0
24552.0,47366.75892244294,1890.0,10,10,1890.0
24553.0,47370.85926605296,1890.0,10,10,1890.0
24554.0,47374.957602790804,1890.0,10,10,1890.0
24555.0,47379.05397279388,1890.0,10,10,1890.0
24556.0,47383.1484153969,1890.0,10,10,1890.0
24557.0,47387.24096914785,1890.0,10,10,1890.0
24558.0,47391.33167182379,1890.0,10,10,1890.0
24559.0,47395.420560446204,1890.0,10,10,1890.0
24560.0,47399.507671296175,1890.0,10,10,1890.0
24561.0,47403.59303992915,1890.0,10,10,1890.0
24562.0,47407.67670118946,1890.0,10,10,1890.0
24563.0,47411.75868922456,1890.0,10,10,1890.0
24564.0,47415.83903749897,1890.0,10,10,1890.0
24565.0,47419.91777880788,1890.0,10,10,1890.0
24566.0,47423.994945290615,1890.0,10,10,1890.0
24567.0,47428.07056844369,1890.0,10,10,1890.0
24568.0,47432.144679133715,1890.0,10,10,1890.0
24569.0,47436.217307609935,1890.0,10,10,1890.0
24570.0,47440.288483516626,1890.0,10,10,1890.0
24571.0,47444.358235905194,1890.0,10,10,1890.0
24572.0,47448.40662397234,1890.0,10,10,1890.0
24573.0,47452.45404427814,1890.0,10,10,1890.0
24574.0,47456.50051617783,1890.0,10,10,1890.0
24575.0,47460.54605863953,1890.0,10,10,1890.0
24576.0,47464.590690251986,1890.0,10,10,1890.0
24577.0,47468.634429232196,1890.0,10,10,1890.0
24578.0,47472.677293432804,1890.0,10,10,1890.0
24579.0,47476.71930034939,1890.0,10,10,1890.0
24580.0,47480.76046712765,1890.0,10,10,1890.0
24581.0,47484.78084562057,1890.0,10,10,1890.0
24582.0,47488.78084562057,1891.0,10,10,1889.0
24583.0,47492.78084562057,1897.0,10,10,1883.0
24584.0,47496.78084562057,1903.0,10,10,1877.0
24585.0,47500.78084562057,1909.0,10,10,1871.0
24586.0,47504.78084562057,1915.0,10,10,1865.0
24587.0,47508.78084562057,1921.0,10,10,1859.0
24588.0,47512.78084562057,1927.0,10,10,1853.0
24589.0,47516.78084562057,1933.0,10,10,1847.0
24590.0,47520.78084562057,1939.0,10,10,1841.0
24591.0,47524.78084562057,1945.0,10,10,1835.0
24592.0,47528.78084562057,1951.0,10,10,1829.0
24593.0,47532.78084562057,1957.0,10,10,1823.0
24594.0,47536.78084562057,1963.0,10,10,1817.0
24595.0,47540.78084562057,1969.0,10,10,1811.0
24596.0,47544.78084562057,1975.0,10,10,1805.0
24597.0,47548.78084562057,1981.0,10,10,1799.0
24598.0,47552.78084562057,1987.0,10,10,1793.0
24599.0,47556.78084562057,1993.0,10,10,1787.0
24600.0,47560.78084562057,1999.0,10,10,1781.0
24601.0,47564.78084562057,2005.0,10,10,1775.0
24602.0,47568.78084562057,2011.0,10,10,1769.0
24603.0,47572.78084562057,2017.0,10,10,1763.0
24604.0,47576.78084562057,2023.0,10,10,1757.0
24605.0,47580.78084562057,2029.0,10,10,1751.0
24606.0,47584.78084562057,2035.0,10,10,1745.0
24607.0,47588.78084562057,2041.0,10,10,1739.0
24608.0,47592.78084562057,2047.0,10,10,1733.0
24609.0,47596.78084562057,2053.0,10,10,1727.0
24610.0,47600.78084562057,2059.0,10,10,1721.0
24611.0,47604.78084562057,2065.0,10,10,1715.0
24612.0,47608.78084562057,2071.0,10,10,1709.0
24613.0,47612.78084562057,2077.0,10,10,1703.0
24614.0,47616.78084562057,2083.0,10,10,1697.0
24615.0,47620.78084562057,2089.0,10,10,1691.0
24616.0,47624.78084562057,2095.0,10,10,1685.0
24617.0,47628.83084562057,2100.0,11,9,1680.0
24618.0,47633.18084562057,2100.0,11,9,1680.0
24619.0,47637.83084562057,2100.0,11,9,1680.0
24620.0,47642.78084562057,2100.0,11,9,1680.0
24621.0,47648.03084562057,2100.0,11,9,1680.0
24622.0,47653.58084562057,2100.0,11,9,1680.0
24623.0,47659.43084562057,2100.0,11,9,1680.0
24624.0,47665.58084562057,2100.0,11,9,1680.0
24625.0,47672.03084562057,2100.0,11,9,1680.0
24626.0,47678.78084562057,2100.0,11,9,1680.0
24627.0,47685.83084562057,2100.0,11,9,1680.0
24628.0,47693.18084562057,2100.0,11,9,1680.0
24629.0,47700.83084562057,2100.0,11,9,1680.0
24630.0,47708.78084562057,2100.0,11,9,1680.0
24631.0,47717.03084562057,2100.0,11,9,1680.0
24632.0,47725.58084562057,2100.0,11,9,1680.0
24633.0,47734.43084562057,2100.0,11,9,1680.0
24634.0,47743.58084562057,2100.0,11,9,1680.0
24635.0,47753.03084562057,2100.0,11,9,1680.0
24636.0,47762.78084562057,2100.0,11,9,1680.0
24637.0,47772.78084562057,2100.0,11,9,1680.0
24638.0,47782.78084562057,2100.0,11,9,1680.0
24639.0,47792.78084562057,2100.0,11,9,1680.0
24640.0,47802.78084562057,2100.0,11,9,1680.0
24641.0,47812.78084562057,2100.0,11,9,1680.0
24642.0,47822.78084562057,2100.0,11,9,1680.0
24643.0,47832.78084562057,2100.0,11,9,1680.0
24644.0,47842.78084562057,2100.0,11,9,1680.0
24645.0,47852.78084562057,2100.0,11,9,1680.0
24646.0,47862.78084562057,2100.0,11,9,1680.0
24647.0,47872.78084562057,2100.0,11,9,1680.0
24648.0,47882.78084562057,2100.0,11,9,1680.0
24649.0,47892.78084562057,2100.0,11,9,1680.0
24650.0,47902.78084562057,2100.0,11,9,1680.0
24651.0,47912.78084562057,2100.0,11,9,1680.0
24652.0,47922.78084562057,2100.0,11,9,1680.0
24653.0,47932.78084562057,2100.0,11,9,1680.0
24654.0,47942.78084562057,2100.0,11,9,1680.0
24655.0,47952.78084562057,2100.0,11,9,1680.0
24656.0,47962.78084562057,2100.0,11,9,1680.0
24657.0,47972.78084562057,2100.0,11,9,1680.0
24658.0,47982.78084562057,2100.0,11,9,1680.0
24659.0,47992.78084562057,2100.0,11,9,1680.0
24660.0,48002.78084562057,2100.0,11,9,1680.0
24661.0,48012.78084562057,2100.0,11,9,1680.0
24662.0,48022.78084562057,2100.0,11,9,1680.0
24663.0,48032.78084562057,2100.0,11,9,1680.0
24664.0,48042.78084562057,2100.0,11,9,1680.0
24665.0,48052.78084562057,2100.0,11,9,1680.0
24666.0,48062.78084562057,2100.0,11,9,1680.0
24667.0,48072.78084562057,2100.0,11,9,1680.0
24668.0,48082.78084562057,2100.0,11,9,1680.0
24669.0,48092.78084562057,2100.0,11,9,1680.0
24670.0,48102.78084562057,2100.0,11,9,1680.0
24671.0,48112.78084562057,2100.0,11,9,1680.0
24672.0,48122.78084562057,2100.0,11,9,1680.0
24673.0,48132.78084562057,2100.0,11,9,1680.0
24674.0,48142.78084562057,2100.0,11,9,1680.0
24675.0,48152.78084562057,2100.0,11,9,1680.0
24676.0,48162.78084562057,2100.0,11,9,1680.0
24677.0,48172.78084562057,2100.0,11,9,1680.0
24678.0,48182.78084562057,2100.0,11,9,1680.0
24679.0,48192.78084562057,2100.0,11,9,1680.0
24680.0,48202.78084562057,2100.0,11,9,1680.0
24681.0,48212.78084562057,2100.0,11,9,1680.0
24682.0,48222.78084562057,2100.0,11,9,1680.0
24683.0,48232.78084562057,2100.0,11,9,1680.0
24684.0,48242.78084562057,2100.0,11,9,1680.0
24685.0,48252.78084562057,2100.0,11,9,1680.0
24686.0,48262.78084562057,2100.0,11,9,1680.0
24687.0,48272.78084562057,2100.0,11,9,1680.0
24688.0,48282.78084562057,2100.0,11,9,1680.0
24689.0,48292.78084562057,2100.0,11,9,1680.0
24690.0,48302.78084562057,2100.0,11,9,1680.0
24691.0,48312.78084562057,2100.0,11,9,1680.0
24692.0,48322.78084562057,2100.0,11,9,1680.0
24693.0,48332.78084562057,2100.0,11,9,1680.0
24694.0,48342.78084562057,2100.0,11,9,1680.0
24695.0,48352.78084562057,2100.0,11,9,1680.0
24696.0,48362.78084562057,2100.0,11,9,1680.0
24697.0,48372.78084562057,2100.0,11,9,1680.0
24698.0,48382.78084562057,2100.0,11,9,1680.0
24699.0,48392.78084562057,2100.0,11,9,1680.0
24700.0,48402.78084562057,2100.0,11,9,1680.0
24701.0,48412.78084562057,2100.0,11,9,1680.0
24702.0,48422.78084562057,2100.0,11,9,1680.0
24703.0,48432.78084562057,2100.0,11,9,1680.0
24704.0,48442.78084562057,2100.0,11,9,1680.0
24705.0,48452.78084562057,2100.0,11,9,1680.0
24706.0,48462.78084562057,2100.0,11,9,1680.0
24707.0,48472.78084562057,2100.0,11,9,1680.0
24708.0,48482.78084562057,2100.0,11,9,1680.0
24709.0,48492.78084562057,2100.0,11,9,1680.0
24710.0,48502.78084562057,2100.0,11,9,1680.0
24711.0,48512.78037057208,2100.0,11,9,1680.0
24712.0,48522.75990502456,2100.0,11,9,1680.0
24713.0,48532.719848787994,2100.0,11,9,1680.0
24714.0,48542.660593676155,2100.0,11,9,1680.0
24715.0,48552.582523666555,2100.0,11,9,1680.0
24716.0,48562.48601505714,2100.0,11,9,1680.0
24717.0,48571.48601505714,2100.0,11,9,1680.0
24718.0,48580.48601505714,2100.0,11,9,1680.0
24719.0,48589.48601505714,2100.0,11,9,1680.0
24720.0,48598.48601505714,2100.0,11,9,1680.0
24721.0,48607.48601505714,2100.0,11,9,1680.0
24722.0,48616.48601505714,2100.0,11,9,1680.0
24723.0,48625.48601505714,2100.0,11,9,1680.0
24724.0,48634.48601505714,2100.0,11,9,1680.0
24725.0,48643.48601505714,2100.0,11,9,1680.0
24726.0,48652.48601505714,2100.0,11,9,1680.0
24727.0,48661.48601505714,2100.0,11,9,1680.0
24728.0,48670.48601505714,2100.0,11,9,1680.0
24729.0,48679.48601505714,2100.0,11,9,1680.0
24730.0,48688.48601505714,2100.0,11,9,1680.0
24731.0,48697.48601505714,2100.0,11,9,1680.0
24732.0,48706.48601505714,2100.0,11,9,1680.0
24733.0,48715.48601505714,2100.0,11,9,1680.0
24734.0,48724.47233467168,2100.0,11,9,1680.0
24735.0,48733.43892789392,2100.0,11,9,1680.0
24736.0,48742.386189251716,2100.0,11,9,1680.0
24737.0,48751.31450538236,2100.0,11,9,1680.0
24738.0,48760.22425519039,2100.0,11,9,1680.0
24739.0,48768.22425519039,2100.0,11,9,1680.0
24740.0,48776.22425519039,2100.0,11,9,1680.0
24741.0,48784.22425519039,2100.0,11,9,1680.0
24742.0,48792.22425519039,2100.0,11,9,1680.0
24743.0,48800.22425519039,2100.0,11,9,1680.0
24744.0,48808.22425519039,2100.0,11,9,1680.0
24745.0,48816.22425519039,2100.0,11,9,1680.0
24746.0,48824.22425519039,2100.0,11,9,1680.0
24747.0,48832.22425519039,2100.0,11,9,1680.0
24748.0,48840.22425519039,2100.0,11,9,1680.0
24749.0,48848.22425519039,2100.0,11,9,1680.0
24750.0,48856.22425519039,2100.0,11,9,1680.0
24751.0,48864.20837514327,2100.0,11,9,1680.0
24752.0,48872.17281269709,2100.0,11,9,1680.0
24753.0,48880.11796149984,2100.0,11,9,1680.0
24754.0,48888.04420732653,2100.0,11,9,1680.0
24755.0,48895.95192823669,2100.0,11,9,1680.0
24756.0,48902.95192823669,2100.0,11,9,1680.0
24757.0,48909.95192823669,2100.0,11,9,1680.0
24758.0,48916.95192823669,2100.0,11,9,1680.0
24759.0,48923.95192823669,2100.0,11,9,1680.0
24760.0,48930.95192823669,2100.0,11,9,1680.0
24761.0,48937.95192823669,2100.0,11,9,1680.0
24762.0,48944.95192823669,2100.0,11,9,1680.0
24763.0,48951.95192823669,2100.0,11,9,1680.0
24764.0,48958.95192823669,2100.0,11,9,1680.0
24765.0,48965.95192823669,2100.0,11,9,1680.0
24766.0,48972.95192823669,2100.0,11,9,1680.0
24767.0,48979.95192823669,2100.0,11,9,1680.0
24768.0,48986.95192823669,2100.0,11,9,1680.0
24769.0,48993.95192823669,2100.0,11,9,1680.0
24770.0,49000.95192823669,2100.0,11,9,1680.0
24771.0,49007.95192823669,2100.0,11,9,1680.0
24772.0,49014.95192823669,2100.0,11,9,1680.0
24773.0,49021.95192823669,2100.0,11,9,1680.0
24774.0,49028.95192823669,2100.0,11,9,1680.0
24775.0,49035.95192823669,2100.0,11,9,1680.0
24776.0,49042.95192823669,2100.0,11,9,1680.0
24777.0,49049.95192823669,2100.0,11,9,1680.0
24778.0,49056.95192823669,2100.0,11,9,1680.0
24779.0,49063.95192823669,2100.0,11,9,1680.0
24780.0,49070.95192823669,2100.0,11,9,1680.0
24781.0,49077.95192823669,2100.0,11,9,1680.0
24782.0,49084.95192823669,2100.0,11,9,1680.0
24783.0,49091.95192823669,2100.0,11,9,1680.0
24784.0,49098.95192823669,2100.0,11,9,1680.0
24785.0,49105.95192823669,2100.0,11,9,1680.0
24786.0,49112.95192823669,2100.0,11,9,1680.0
24787.0,49119.95192823669,2100.0,11,9,1680.0
24788.0,49126.95192823669,2100.0,11,9,1680.0
24789.0,49133.95192823669,2100.0,11,9,1680.0
24790.0,49140.95192823669,2100.0,11,9,1680.0
24791.0,49147.95192823669,2100.0,11,9,1680.0
24792.0,49154.95192823669,2100.0,11,9,1680.0
24793.0,49161.95192823669,2100.0,11,9,1680.0
24794.0,49168.95192823669,2100.0,11,9,1680.0
24795.0,49175.95192823669,2100.0,11,9,1680.0
24796.0,49182.95192823669,2100.0,11,9,1680.0
24797.0,49189.95192823669,2100.0,11,9,1680.0
24798.0,49196.95192823669,2100.0,11,9,1680.0
24799.0,49203.95192823669,2100.0,11,9,1680.0
24800.0,49210.95192823669,2100.0,11,9,1680.0
24801.0,49217.95192823669,2100.0,11,9,1680.0
24802.0,49224.95192823669,2100.0,11,9,1680.0
24803.0,49231.95192823669,2100.0,11,9,1680.0
24804.0,49238.95192823669,2100.0,11,9,1680.0
24805.0,49245.95192823669,2100.0,11,9,1680.0
24806.0,49252.95192823669,2100.0,11,9,1680.0
24807.0,49259.95192823669,2100.0,11,9,1680.0
24808.0,49266.95192823669,2100.0,11,9,1680.0
24809.0,49273.95192823669,2100.0,11,9,1680.0
24810.0,49280.95192823669,2100.0,11,9,1680.0
24811.0,49287.95192823669,2100.0,11,9,1680.0
24812.0,49294.95192823669,2100.0,11,9,1680.0
24813.0,49301.95192823669,2100.0,11,9,1680.0
24814.0,49308.95192823669,2100.0,11,9,1680.0
24815.0,49315.95192823669,2100.0,11,9,1680.0
24816.0,49322.95192823669,2100.0,11,9,1680.0
24817.0,49329.95192823669,2100.0,11,9,1680.0
24818.0,49336.95192823669,2100.0,11,9,1680.0
24819.0,49343.95192823669,2100.0,11,9,1680.0
24820.0,49350.95192823669,2100.0,11,9,1680.0
24821.0,49357.95192823669,2100.0,11,9,1680.0
24822.0,49364.95192823669,2100.0,11,9,1680.0
24823.0,49371.95192823669,2100.0,11,9,1680.0
24824.0,49378.95192823669,2100.0,11,9,1680.0
24825.0,49385.95192823669,2100.0,11,9,1680.0
24826.0,49392.95192823669,2100.0,11,9,1680.0
24827.0,49399.95192823669,2100.0,11,9,1680.0
24828.0,49406.95192823669,2100.0,11,9,1680.0
24829.0,49413.95192823669,2100.0,11,9,1680.0
24830.0,49420.95192823669,2100.0,11,9,1680.0
24831.0,49427.95192823669,2100.0,11,9,1680.0
24832.0,49434.95192823669,2100.0,11,9,1680.0
24833.0,49441.95192823669,2100.0,11,9,1680.0
24834.0,49448.95192823669,2100.0,11,9,1680.0
24835.0,49455.95192823669,2100.0,11,9,1680.0
24836.0,49462.95192823669,2100.0,11,9,1680.0
24837.0,49469.95192823669,2100.0,11,9,1680.0
24838.0,49476.95192823669,2100.0,11,9,1680.0
24839.0,49483.95192823669,2100.0,11,9,1680.0
24840.0,49490.95192823669,2100.0,11,9,1680.0
24841.0,49497.95192823669,2100.0,11,9,1680.0
24842.0,49504.95192823669,2100.0,11,9,1680.0
24843.0,49511.95192823669,2100.0,11,9,1680.0
24844.0,49518.95192823669,2100.0,11,9,1680.0
24845.0,49525.95192823669,2100.0,11,9,1680.0
24846.0,49532.95192823669,2100.0,11,9,1680.0
24847.0,49539.95192823669,2100.0,11,9,1680.0
24848.0,49546.95192823669,2100.0,11,9,1680.0
24849.0,49553.95192823669,2100.0,11,9,1680.0
24850.0,49560.95192823669,2100.0,11,9,1680.0
24851.0,49567.95192823669,2100.0,11,9,1680.0
24852.0,49574.95192823669,2100.0,11,9,1680.0
24853.0,49581.95192823669,2100.0,11,9,1680.0
24854.0,49588.95192823669,2100.0,11,9,1680.0
24855.0,49595.95192823669,2100.0,11,9,1680.0
24856.0,49602.95192823669,2100.0,11,9,1680.0
24857.0,49609.95192823669,2100.0,11,9,1680.0
24858.0,49616.95192823669,2100.0,11,9,1680.0
24859.0,49623.95192823669,2100.0,11,9,1680.0
24860.0,49630.95192823669,2100.0,11,9,1680.0
24861.0,49637.95192823669,2100.0,11,9,1680.0
24862.0,49644.95192823669,2100.0,11,9,1680.0
24863.0,49651.95192823669,2100.0,11,9,1680.0
24864.0,49658.95192823669,2100.0,11,9,1680.0
24865.0,49665.95192823669,2100.0,11,9,1680.0
24866.0,49672.95192823669,2100.0,11,9,1680.0
24867.0,49679.95192823669,2100.0,11,9,1680.0
24868.0,49686.95192823669,2100.0,11,9,1680.0
24869.0,49693.95192823669,2100.0,11,9,1680.0
24870.0,49700.95192823669,2100.0,11,9,1680.0
24871.0,49707.95192823669,2100.0,11,9,1680.0
24872.0,49714.95192823669,2100.0,11,9,1680.0
24873.0,49721.95192823669,2100.0,11,9,1680.0
24874.0,49728.95192823669,2100.0,11,9,1680.0
24875.0,49735.95192823669,2100.0,11,9,1680.0
24876.0,49742.95192823669,2100.0,11,9,1680.0
24877.0,49749.95192823669,2100.0,11,9,1680.0
24878.0,49756.95192823669,2100.0,11,9,1680.0
24879.0,49763.95192823669,2100.0,11,9,1680.0
24880.0,49770.95192823669,2100.0,11,9,1680.0
24881.0,49777.95192823669,2100.0,11,9,1680.0
24882.0,49784.95192823669,2100.0,11,9,1680.0
24883.0,49791.95192823669,2100.0,11,9,1680.0
24884.0,49798.95192823669,2100.0,11,9,1680.0
24885.0,49804.95192823669,2100.0,11,9,1680.0
24886.0,49810.95192823669,2100.0,11,9,1680.0
24887.0,49816.95192823669,2100.0,11,9,1680.0
24888.0,49822.95192823669,2100.0,11,9,1680.0
24889.0,49828.95192823669,2100.0,11,9,1680.0
24890.0,49834.95192823669,2100.0,11,9,1680.0
24891.0,49840.95192823669,2100.0,11,9,1680.0
24892.0,49846.95192823669,2100.0,11,9,1680.0
24893.0,49852.95192823669,2100.0,11,9,1680.0
24894.0,49858.95192823669,2100.0,11,9,1680.0
24895.0,49864.95192823669,2100.0,11,9,1680.0
24896.0,49870.95192823669,2100.0,11,9,1680.0
24897.0,49876.95192823669,2100.0,11,9,1680.0
24898.0,49882.95192823669,2100.0,11,9,1680.0
24899.0,49888.95192823669,2100.0,11,9,1680.0
24900.0,49894.95192823669,2100.0,11,9,1680.0
24901.0,49900.95192823669,2100.0,11,9,1680.0
24902.0,49906.95192823669,2100.0,11,9,1680.0
24903.0,49912.95192823669,2100.0,11,9,1680.0
24904.0,49918.95192823669,2100.0,11,9,1680.0
24905.0,49924.95192823669,2100.0,11,9,1680.0
24906.0,49930.95192823669,2100.0,11,9,1680.0
24907.0,49936.95192823669,2100.0,11,9,1680.0
24908.0,49942.95192823669,2100.0,11,9,1680.0
24909.0,49948.95192823669,2100.0,11,9,1680.0
24910.0,49954.95192823669,2100.0,11,9,1680.0
24911.0,49960.95192823669,2100.0,11,9,1680.0
24912.0,49966.95192823669,2100.0,11,9,1680.0
24913.0,49972.95192823669,2100.0,11,9,1680.0
24914.0,49978.95192823669,2100.0,11,9,1680.0
24915.0,49984.95192823669,2100.0,11,9,1680.0
24916.0,49990.95192823669,2100.0,11,9,1680.0
24917.0,49996.95192823669,2100.0,11,9,1680.0
24918.0,50002.95192823669,2100.0,11,9,1680.0
24919.0,50008.95192823669,2100.0,11,9,1680.0
24920.0,50014.95192823669,2100.0,11,9,1680.0
24921.0,50020.95192823669,2100.0,11,9,1680.0
24922.0,50026.95192823669,2100.0,11,9,1680.0
24923.0,50032.95192823669,2100.0,11,9,1680.0
24924.0,50038.95192823669,2100.0,11,9,1680.0
24925.0,50044.95192823669,2100.0,11,9,1680.0
24926.0,50050.95192823669,2100.0,11,9,1680.0
24927.0,50056.95192823669,2100.0,11,9,1680.0
24928.0,50062.95192823669,2100.0,11,9,1680.0
24929.0,50068.95192823669,2100.0,11,9,1680.0
24930.0,50074.95192823669,2100.0,11,9,1680.0
24931.0,50080.95192823669,2100.0,11,9,1680.0
24932.0,50086.95192823669,2100.0,11,9,1680.0
24933.0,50092.95192823669,2100.0,11,9,1680.0
24934.0,50098.95192823669,2100.0,11,9,1680.0
24935.0,50104.95192823669,2100.0,11,9,1680.0
24936.0,50110.95192823669,2100.0,11,9,1680.0
24937.0,50116.95192823669,2100.0,11,9,1680.0
24938.0,50122.95192823669,2100.0,11,9,1680.0
24939.0,50128.95192823669,2100.0,11,9,1680.0
24940.0,50134.95192823669,2100.0,11,9,1680.0
24941.0,50140.95192823669,2100.0,11,9,1680.0
24942.0,50146.95192823669,2100.0,11,9,1680.0
24943.0,50152.95192823669,2100.0,11,9,1680.0
24944.0,50158.95192823669,2100.0,11,9,1680.0
24945.0,50164.95192823669,2100.0,11,9,1680.0
24946.0,50170.95192823669,2100.0,11,9,1680.0
24947.0,50176.95192823669,2100.0,11,9,1680.0
24948.0,50182.95192823669,2100.0,11,9,1680.0
24949.0,50188.95192823669,2100.0,11,9,1680.0
24950.0,50194.95192823669,2100.0,11,9,1680.0
24951.0,50200.95192823669,2100.0,11,9,1680.0
24952.0,50206.95192823669,2100.0,11,9,1680.0
24953.0,50212.95192823669,2100.0,11,9,1680.0
24954.0,50218.95192823669,2100.0,11,9,1680.0
24955.0,50224.95192823669,2100.0,11,9,1680.0
24956.0,50230.95192823669,2100.0,11,9,1680.0
24957.0,50236.95192823669,2100.0,11,9,1680.0
24958.0,50242.95192823669,2100.0,11,9,1680.0
24959.0,50248.95192823669,2100.0,11,9,1680.0
24960.0,50254.95192823669,2100.0,11,9,1680.0
24961.0,50260.946721873275,2100.0,11,9,1680.0
24962.0,50266.88798517808,2100.0,11,9,1680.0
24963.0,50272.736678790636,2100.0,11,9,1680.0
24964.0,50278.46839853093,2100.0,11,9,1680.0
24965.0,50284.08548387642,2100.0,11,9,1680.0
24966.0,50289.59022751499,2100.0,11,9,1680.0
24967.0,50294.98487628081,2100.0,11,9,1680.0
24968.0,50300.2716320713,2100.0,11,9,1680.0
24969.0,50305.45265274599,2100.0,11,9,1680.0
24970.0,50310.53005300718,2100.0,11,9,1680.0
24971.0,50315.50590526313,2100.0,11,9,1680.0
24972.0,50320.38224047399,2100.0,11,9,1680.0
24973.0,50325.16104898062,2100.0,11,9,1680.0
24974.0,50329.84428131711,2100.0,11,9,1680.0
24975.0,50334.43384900687,2100.0,11,9,1680.0
24976.0,50338.931625342855,2100.0,11,9,1680.0
24977.0,50343.339446152095,2100.0,11,9,1680.0
24978.0,50347.659110545166,2100.0,11,9,1680.0
24979.0,50351.892381650374,2100.0,11,9,1680.0
24980.0,50356.04098733348,2100.0,11,9,1680.0
24981.0,50360.10662090291,2100.0,11,9,1680.0
24982.0,50364.09094180097,2100.0,11,9,1680.0
24983.0,50367.99557628106,2100.0,11,9,1680.0
24984.0,50371.822118071555,2100.0,11,9,1680.0
24985.0,50375.57212902622,2100.0,11,9,1680.0
24986.0,50379.24713976181,2100.0,11,9,1680.0
24987.0,50382.84865028268,2100.0,11,9,1680.0
24988.0,50386.37813059313,2100.0,11,9,1680.0
24989.0,50389.837021297375,2100.0,11,9,1680.0
24990.0,50393.22673418754,2100.0,11,9,1680.0
24991.0,50396.5486528199,2100.0,11,9,1680.0
24992.0,50399.80413307961,2100.0,11,9,1680.0
24993.0,50402.99450373413,2100.0,11,9,1680.0
24994.0,50406.12106697556,2100.0,11,9,1680.0
24995.0,50409.185098952155,2100.0,11,9,1680.0
24996.0,50412.18785028923,2100.0,11,9,1680.0
24997.0,50415.13054659955,2100.0,11,9,1680.0
24998.0,50418.01438898367,2100.0,11,9,1680.0
24999.0,50420.8405545201,2100.0,11,9,1680.0
25000.0,50423.61019674581,2100.0,11,9,1680.0
25001.0,50426.32444612701,2100.0,11,9,1680.0
25002.0,50428.98441052058,2100.0,11,9,1680.0
25003.0,50431.591175626265,2100.0,11,9,1680.0
25004.0,50434.14580542985,2100.0,11,9,1680.0
25005.0,50436.64934263736,2100.0,11,9,1680.0
25006.0,50439.102809100725,2100.0,11,9,1680.0
25007.0,50441.507206234826,2100.0,11,9,1680.0
25008.0,50443.86351542624,2100.0,11,9,1680.0
25009.0,50446.17269843383,2100.0,11,9,1680.0
25010.0,50448.43569778126,2100.0,11,9,1680.0
25011.0,50450.653437141744,2100.0,11,9,1680.0
25012.0,50452.82682171501,2100.0,11,9,1680.0
25013.0,50454.95673859682,2100.0,11,9,1680.0
25014.0,50457.04405714099,2100.0,11,9,1680.0
25015.0,50459.08962931429,2100.0,11,9,1680.0
25016.0,50461.09429004411,2100.0,11,9,1680.0
25017.0,50463.05885755933,2100.0,11,9,1680.0
25018.0,50464.984133724254,2100.0,11,9,1680.0
25019.0,50466.87090436588,2100.0,11,9,1680.0
25020.0,50468.71993959467,2100.0,11,9,1680.0
25021.0,50470.53199411889,2100.0,11,9,1680.0
25022.0,50472.30780755262,2100.0,11,9,1680.0
25023.0,50474.04810471767,2100.0,11,9,1680.0
25024.0,50475.75359593943,2100.0,11,9,1680.0
25025.0,50477.424977336756,2100.0,11,9,1680.0
25026.0,50479.06293110613,2100.0,11,9,1680.0
25027.0,50480.66812580011,2100.0,11,9,1680.0
25028.0,50482.241216600225,2100.0,11,9,1680.0
25029.0,50483.78284558432,2100.0,11,9,1680.0
25030.0,50485.29364198875,2100.0,11,9,1680.0
25031.0,50486.77422246509,2100.0,11,9,1680.0
25032.0,50488.2251913319,2100.0,11,9,1680.0
25033.0,50489.64714082136,2100.0,11,9,1680.0
25034.0,50491.04065132105,2100.0,11,9,1680.0
25035.0,50492.40629161073,2100.0,11,9,1680.0
25036.0,50493.74461909463,2100.0,11,9,1680.0
25037.0,50495.05618002884,2100.0,11,9,1680.0
25038.0,50496.34150974439,2100.0,11,9,1680.0
25039.0,50497.6011328656,2100.0,11,9,1680.0
25040.0,50498.83556352439,2100.0,11,9,1680.0
25041.0,50500.04530557002,2100.0,11,9,1680.0
25042.0,50501.23085277473,2100.0,11,9,1680.0
25043.0,50502.39268903534,2100.0,11,9,1680.0
25044.0,50503.531288570746,2100.0,11,9,1680.0
25045.0,50504.64711611545,2100.0,11,9,1680.0
25046.0,50505.74062710925,2100.0,11,9,1680.0
25047.0,50506.81226788318,2100.0,11,9,1680.0
25048.0,50507.86247584161,2100.0,11,9,1680.0
25049.0,50508.89167964088,2100.0,11,9,1680.0
25050.0,50509.90029936419,2100.0,11,9,1680.0
25051.0,50510.88874669301,2100.0,11,9,1680.0
25052.0,50511.85742507525,2100.0,11,9,1680.0
25053.0,50512.80672988985,2100.0,11,9,1680.0
25054.0,50513.73704860816,2100.0,11,9,1680.0
25055.0,50514.64876095212,2100.0,11,9,1680.0
25056.0,50515.54223904919,2100.0,11,9,1680.0
25057.0,50516.41784758431,2100.0,11,9,1680.0
25058.0,50517.275943948734,2100.0,11,9,1680.0
25059.0,50518.11687838586,2100.0,11,9,1680.0
25060.0,50518.94099413426,2100.0,11,9,1680.0
25061.0,50519.74862756768,2100.0,11,9,1680.0
25062.0,50520.54010833244,2100.0,11,9,1680.0
25063.0,50521.3157594819,2100.0,11,9,1680.0
25064.0,50522.075897608374,2100.0,11,9,1680.0
25065.0,50522.82083297231,2100.0,11,9,1680.0
25066.0,50523.550869628976,2100.0,11,9,1680.0
25067.0,50524.266305552504,2100.0,11,9,1680.0
25068.0,50524.96743275756,2100.0,11,9,1680.0
25069.0,50525.654537418515,2100.0,11,9,1680.0
25070.0,50526.32789998626,2100.0,11,9,1680.0
25071.0,50526.987795302644,2100.0,11,9,1680.0
25072.0,50527.63449271269,2100.0,11,9,1680.0
25073.0,50528.26825617455,2100.0,11,9,1680.0
25074.0,50528.88934436718,2100.0,11,9,1680.0
25075.0,50529.49801079594,2100.0,11,9,1680.0
25076.0,50530.09450389613,2100.0,11,9,1680.0
25077.0,50530.67906713431,2100.0,11,9,1680.0
25078.0,50531.25193910774,2100.0,11,9,1680.0
25079.0,50531.8133536417,2100.0,11,9,1680.0
25080.0,50532.36353988497,2100.0,11,9,1680.0
25081.0,50532.90272240338,2100.0,11,9,1680.0
25082.0,50533.431121271424,2100.0,11,9,1680.0
25083.0,50533.94895216211,2100.0,11,9,1680.0
25084.0,50534.456426434976,2100.0,11,9,1680.0
25085.0,50534.953751222376,2100.0,11,9,1680.0
25086.0,50535.44112951404,2100.0,11,9,1680.0
25087.0,50535.91876023987,2100.0,11,9,1680.0
25088.0,50536.38683835118,2100.0,11,9,1680.0
25089.0,50536.84555490026,2100.0,11,9,1680.0
25090.0,50537.29509711836,2100.0,11,9,1680.0
25091.0,50537.73564849211,2100.0,11,9,1680.0
25092.0,50538.167388838374,2100.0,11,9,1680.0
25093.0,50538.59049437773,2100.0,11,9,1680.0
25094.0,50539.00513780628,2100.0,11,9,1680.0
25095.0,50539.41148836626,2100.0,11,9,1680.0
25096.0,50539.80971191504,2100.0,11,9,1680.0
25097.0,50540.19997099285,2100.0,11,9,1680.0
25098.0,50540.5824248891,2100.0,11,9,1680.0
25099.0,50540.957229707434,2100.0,11,9,1680.0
25100.0,50541.32453842939,2100.0,11,9,1680.0
25101.0,50541.68450097691,2100.0,11,9,1680.0
25102.0,50542.03726427349,2100.0,11,9,1680.0
25103.0,50542.38297230413,2100.0,11,9,1680.0
25104.0,50542.72176617415,2100.0,11,9,1680.0
25105.0,50543.05378416678,2100.0,11,9,1680.0
25106.0,50543.37916179955,2100.0,11,9,1680.0
25107.0,50543.69803187967,2100.0,11,9,1680.0
25108.0,50544.01052455818,2100.0,11,9,1680.0
25109.0,50544.31676738312,2100.0,11,9,1680.0
25110.0,50544.61688535158,2100.0,11,9,1680.0
25111.0,50544.91100096065,2100.0,11,9,1680.0
25112.0,50545.199234257554,2100.0,11,9,1680.0
25113.0,50545.481702888515,2100.0,11,9,1680.0
25114.0,50545.75852214685,2100.0,11,9,1680.0
25115.0,50546.02980502002,2100.0,11,9,1680.0
25116.0,50546.29566223572,2100.0,11,9,1680.0
25117.0,50546.55620230713,2100.0,11,9,1680.0
25118.0,50546.8115315771,2100.0,11,9,1680.0
25119.0,50547.06175426167,2100.0,11,9,1680.0
25120.0,50547.30697249253,2100.0,11,9,1680.0
25121.0,50547.54728635879,2100.0,11,9,1680.0
25122.0,50547.78279394773,2100.0,11,9,1680.0
25123.0,50548.013591384886,2100.0,11,9,1680.0
25124.0,50548.23977287329,2100.0,11,9,1680.0
25125.0,50548.46143073194,2100.0,11,9,1680.0
25126.0,50548.6786554334,2100.0,11,9,1680.0
25127.0,50548.89153564084,2100.0,11,9,1680.0
25128.0,50549.100158244146,2100.0,11,9,1680.0
25129.0,50549.30460839537,2100.0,11,9,1680.0
25130.0,50549.50496954357,2100.0,11,9,1680.0
25131.0,50549.701323468806,2100.0,11,9,1680.0
25132.0,50549.89375031554,2100.0,11,9,1680.0
25133.0,50550.082328625336,2100.0,11,9,1680.0
25134.0,50550.267135368944,2100.0,11,9,1680.0
25135.0,50550.44824597767,2100.0,11,9,1680.0
25136.0,50550.625734374225,2100.0,11,9,1680.0
25137.0,50550.799673002846,2100.0,11,9,1680.0
25138.0,50550.97013285891,2100.0,11,9,1680.0
25139.0,50551.13718351783,2100.0,11,9,1680.0
25140.0,50551.300893163585,2100.0,11,9,1680.0
25141.0,50551.461328616424,2100.0,11,9,1680.0
25142.0,50551.6185553602,2100.0,11,9,1680.0
25143.0,50551.77263756911,2100.0,11,9,1680.0
25144.0,50551.923638133834,2100.0,11,9,1680.0
25145.0,50552.07161868726,2100.0,11,9,1680.0
25146.0,50552.21663962964,2100.0,11,9,1680.0
25147.0,50552.35876015315,2100.0,11,9,1680.0
25148.0,50552.498038266196,2100.0,11,9,1680.0
25149.0,50552.634530816984,2100.0,11,9,1680.0
25150.0,50552.76829351676,2100.0,11,9,1680.0
25151.0,50552.899380962524,2100.0,11,9,1680.0
25152.0,50553.02784665939,2100.0,11,9,1680.0
25153.0,50553.15374304231,2100.0,11,9,1680.0
25154.0,50553.277121497566,2100.0,11,9,1680.0
25155.0,50553.35833331233,2102.0,11,9,1678.0
25156.0,50553.39857421717,2106.0,11,9,1674.0
25157.0,50553.39857421717,2112.0,11,9,1668.0
25158.0,50553.39857421717,2118.0,11,9,1662.0
25159.0,50553.39857421717,2124.0,11,9,1656.0
25160.0,50553.39857421717,2130.0,11,9,1650.0
25161.0,50553.39857421717,2136.0,11,9,1644.0
25162.0,50553.39857421717,2142.0,11,9,1638.0
25163.0,50553.39857421717,2148.0,11,9,1632.0
25164.0,50553.39857421717,2154.0,11,9,1626.0
25165.0,50553.39857421717,2160.0,11,9,1620.0
25166.0,50553.39857421717,2166.0,11,9,1614.0
25167.0,50553.39857421717,2172.0,11,9,1608.0
25168.0,50553.39857421717,2178.0,11,9,1602.0
25169.0,50553.39857421717,2184.0,11,9,1596.0
25170.0,50553.39857421717,2190.0,11,9,1590.0
25171.0,50553.39857421717,2196.0,11,9,1584.0
25172.0,50553.39857421717,2202.0,11,9,1578.0
25173.0,50553.39857421717,2208.0,11,9,1572.0
25174.0,50553.39857421717,2214.0,11,9,1566.0
25175.0,50553.39857421717,2220.0,11,9,1560.0
25176.0,50553.39857421717,2226.0,11,9,1554.0
25177.0,50553.39857421717,2232.0,11,9,1548.0
25178.0,50553.39857421717,2238.0,11,9,1542.0
25179.0,50553.39857421717,2244.0,11,9,1536.0
25180.0,50553.39857421717,2250.0,11,9,1530.0
25181.0,50553.39857421717,2256.0,11,9,1524.0
25182.0,50553.39857421717,2262.0,11,9,1518.0
25183.0,50553.39857421717,2268.0,11,9,1512.0
25184.0,50553.39857421717,2274.0,11,9,1506.0
25185.0,50553.39857421717,2280.0,11,9,1500.0
25186.0,50553.39857421717,2286.0,11,9,1494.0
25187.0,50553.39857421717,2292.0,11,9,1488.0
25188.0,50553.39857421717,2298.0,11,9,1482.0
25189.0,50553.39857421717,2304.0,11,9,1476.0
25190.0,50553.39857421717,2310.0,12,8,1470.0
25191.0,50553.39857421717,2310.0,12,8,1470.0
25192.0,50553.69857421718,2310.0,12,8,1470.0
25193.0,50554.02941399433,2310.0,12,8,1470.0
25194.0,50554.654192832,2310.0,12,8,1470.0
25195.0,50555.57625115387,2310.0,12,8,1470.0
25196.0,50556.796791382985,2310.0,12,8,1470.0
25197.0,50558.31636797244,2310.0,12,8,1470.0
25198.0,50560.13527971638,2310.0,12,8,1470.0
25199.0,50562.25370539493,2310.0,12,8,1470.0
25200.0,50564.67176026875,2310.0,12,8,1470.0
25201.0,50567.38952291192,2310.0,12,8,1470.0
25202.0,50570.4070492574,2310.0,12,8,1470.0
25203.0,50573.72438051893,2310.0,12,8,1470.0
25204.0,50577.341547931705,2310.0,12,8,1470.0
25205.0,50581.25857572905,2310.0,12,8,1470.0
25206.0,50585.47548308712,2310.0,12,8,1470.0
25207.0,50589.99228543908,2310.0,12,8,1470.0
25208.0,50594.80899538862,2310.0,12,8,1470.0
25209.0,50599.925623361036,2310.0,12,8,1470.0
25210.0,50605.34217807737,2310.0,12,8,1470.0
25211.0,50611.05866690616,2310.0,12,8,1470.0
25212.0,50617.05866690616,2310.0,12,8,1470.0
25213.0,50623.05866690616,2310.0,12,8,1470.0
25214.0,50629.05866690616,2310.0,12,8,1470.0
25215.0,50635.05866690616,2310.0,12,8,1470.0
25216.0,50641.05866690616,2310.0,12,8,1470.0
25217.0,50647.05866690616,2310.0,12,8,1470.0
25218.0,50653.05866690616,2310.0,12,8,1470.0
25219.0,50659.05866690616,2310.0,12,8,1470.0
25220.0,50665.05866690616,2310.0,12,8,1470.0
25221.0,50671.05866690616,2310.0,12,8,1470.0
25222.0,50677.05866690616,2310.0,12,8,1470.0
25223.0,50683.05866690616,2310.0,12,8,1470.0
25224.0,50689.05866690616,2310.0,12,8,1470.0
25225.0,50695.05866690616,2310.0,12,8,1470.0
25226.0,50701.05866690616,2310.0,12,8,1470.0
25227.0,50707.05866690616,2310.0,12,8,1470.0
25228.0,50713.05866690616,2310.0,12,8,1470.0
25229.0,50719.05866690616,2310.0,12,8,1470.0
25230.0,50725.05866690616,2310.0,12,8,1470.0
25231.0,50731.05866690616,2310.0,12,8,1470.0
25232.0,50737.05866690616,2310.0,12,8,1470.0
25233.0,50743.05866690616,2310.0,12,8,1470.0
25234.0,50749.05866690616,2310.0,12,8,1470.0
25235.0,50755.05866690616,2310.0,12,8,1470.0
25236.0,50761.05866690616,2310.0,12,8,1470.0
25237.0,50767.05866690616,2310.0,12,8,1470.0
25238.0,50773.05866690616,2310.0,12,8,1470.0
25239.0,50779.05866690616,2310.0,12,8,1470.0
25240.0,50785.05866690616,2310.0,12,8,1470.0
25241.0,50791.05866690616,2310.0,12,8,1470.0
25242.0,50797.05866690616,2310.0,12,8,1470.0
25243.0,50803.05866690616,2310.0,12,8,1470.0
25244.0,50809.05866690616,2310.0,12,8,1470.0
25245.0,50815.05866690616,2310.0,12,8,1470.0
25246.0,50821.05866690616,2310.0,12,8,1470.0
25247.0,50827.05866690616,2310.0,12,8,1470.0
25248.0,50833.05866690616,2310.0,12,8,1470.0
25249.0,50839.05866690616,2310.0,12,8,1470.0
25250.0,50845.05866690616,2310.0,12,8,1470.0
25251.0,50851.05866690616,2310.0,12,8,1470.0
25252.0,50857.05866690616,2310.0,12,8,1470.0
25253.0,50863.05866690616,2310.0,12,8,1470.0
25254.0,50869.05866690616,2310.0,12,8,1470.0
25255.0,50875.05866690616,2310.0,12,8,1470.0
25256.0,50881.05866690616,2310.0,12,8,1470.0
25257.0,50887.05866690616,2310.0,12,8,1470.0
25258.0,50893.05866690616,2310.0,12,8,1470.0
25259.0,50899.05866690616,2310.0,12,8,1470.0
25260.0,50905.05866690616,2310.0,12,8,1470.0
25261.0,50911.05866690616,2310.0,12,8,1470.0
25262.0,50917.05866690616,2310.0,12,8,1470.0
25263.0,50923.05866690616,2310.0,12,8,1470.0
25264.0,50929.05866690616,2310.0,12,8,1470.0
25265.0,50935.05866690616,2310.0,12,8,1470.0
25266.0,50941.05866690616,2310.0,12,8,1470.0
25267.0,50947.05866690616,2310.0,12,8,1470.0
25268.0,50953.05866690616,2310.0,12,8,1470.0
25269.0,50959.05866690616,2310.0,12,8,1470.0
25270.0,50965.05866690616,2310.0,12,8,1470.0
25271.0,50971.05866690616,2310.0,12,8,1470.0
25272.0,50977.05866690616,2310.0,12,8,1470.0
25273.0,50983.05866690616,2310.0,12,8,1470.0
25274.0,50989.05866690616,2310.0,12,8,1470.0
25275.0,50995.05866690616,2310.0,12,8,1470.0
25276.0,51001.05866690616,2310.0,12,8,1470.0
25277.0,51007.05866690616,2310.0,12,8,1470.0
25278.0,51013.05866690616,2310.0,12,8,1470.0
25279.0,51019.05866690616,2310.0,12,8,1470.0
25280.0,51025.05866690616,2310.0,12,8,1470.0
25281.0,51031.05866690616,2310.0,12,8,1470.0
25282.0,51037.05866690616,2310.0,12,8,1470.0
25283.0,51043.05866690616,2310.0,12,8,1470.0
25284.0,51049.05866690616,2310.0,12,8,1470.0
25285.0,51055.05866690616,2310.0,12,8,1470.0
25286.0,51061.05866690616,2310.0,12,8,1470.0
25287.0,51067.05866690616,2310.0,12,8,1470.0
25288.0,51073.05866690616,2310.0,12,8,1470.0
25289.0,51079.05866690616,2310.0,12,8,1470.0
25290.0,51085.05866690616,2310.0,12,8,1470.0
25291.0,51091.05866690616,2310.0,12,8,1470.0
25292.0,51097.05866690616,2310.0,12,8,1470.0
25293.0,51103.05866690616,2310.0,12,8,1470.0
25294.0,51109.05866690616,2310.0,12,8,1470.0
25295.0,51115.05866690616,2310.0,12,8,1470.0
25296.0,51121.05866690616,2310.0,12,8,1470.0
25297.0,51127.05866690616,2310.0,12,8,1470.0
25298.0,51133.05866690616,2310.0,12,8,1470.0
25299.0,51139.05866690616,2310.0,12,8,1470.0
25300.0,51145.05866690616,2310.0,12,8,1470.0
25301.0,51151.05866690616,2310.0,12,8,1470.0
25302.0,51157.05866690616,2310.0,12,8,1470.0
25303.0,51163.05866690616,2310.0,12,8,1470.0
25304.0,51169.05866690616,2310.0,12,8,1470.0
25305.0,51175.05866690616,2310.0,12,8,1470.0
25306.0,51181.05866690616,2310.0,12,8,1470.0
25307.0,51187.05866690616,2310.0,12,8,1470.0
25308.0,51193.05866690616,2310.0,12,8,1470.0
25309.0,51199.05866690616,2310.0,12,8,1470.0
25310.0,51205.05866690616,2310.0,12,8,1470.0
25311.0,51211.05866690616,2310.0,12,8,1470.0
25312.0,51217.05866690616,2310.0,12,8,1470.0
25313.0,51223.05866690616,2310.0,12,8,1470.0
25314.0,51229.05866690616,2310.0,12,8,1470.0
25315.0,51235.05866690616,2310.0,12,8,1470.0
25316.0,51241.05866690616,2310.0,12,8,1470.0
25317.0,51247.05866690616,2310.0,12,8,1470.0
25318.0,51253.05866690616,2310.0,12,8,1470.0
25319.0,51259.05866690616,2310.0,12,8,1470.0
25320.0,51265.05866690616,2310.0,12,8,1470.0
25321.0,51271.05866690616,2310.0,12,8,1470.0
25322.0,51277.05866690616,2310.0,12,8,1470.0
25323.0,51283.05866690616,2310.0,12,8,1470.0
25324.0,51289.05866690616,2310.0,12,8,1470.0
25325.0,51295.05866690616,2310.0,12,8,1470.0
25326.0,51301.05866690616,2310.0,12,8,1470.0
25327.0,51307.05866690616,2310.0,12,8,1470.0
25328.0,51313.05866690616,2310.0,12,8,1470.0
25329.0,51319.05866690616,2310.0,12,8,1470.0
25330.0,51325.05866690616,2310.0,12,8,1470.0
25331.0,51331.05866690616,2310.0,12,8,1470.0
25332.0,51337.05866690616,2310.0,12,8,1470.0
25333.0,51343.05866690616,2310.0,12,8,1470.0
25334.0,51349.05866690616,2310.0,12,8,1470.0
25335.0,51355.05866690616,2310.0,12,8,1470.0
25336.0,51361.05866690616,2310.0,12,8,1470.0
25337.0,51367.05866690616,2310.0,12,8,1470.0
25338.0,51373.05866690616,2310.0,12,8,1470.0
25339.0,51379.05866690616,2310.0,12,8,1470.0
25340.0,51385.05866690616,2310.0,12,8,1470.0
25341.0,51391.05866690616,2310.0,12,8,1470.0
25342.0,51397.05866690616,2310.0,12,8,1470.0
25343.0,51403.05866690616,2310.0,12,8,1470.0
25344.0,51409.05866690616,2310.0,12,8,1470.0
25345.0,51415.05866690616,2310.0,12,8,1470.0
25346.0,51421.05866690616,2310.0,12,8,1470.0
25347.0,51427.05866690616,2310.0,12,8,1470.0
25348.0,51433.05866690616,2310.0,12,8,1470.0
25349.0,51439.05866690616,2310.0,12,8,1470.0
25350.0,51445.05866690616,2310.0,12,8,1470.0
25351.0,51451.05866690616,2310.0,12,8,1470.0
25352.0,51457.05866690616,2310.0,12,8,1470.0
25353.0,51463.05866690616,2310.0,12,8,1470.0
25354.0,51469.05866690616,2310.0,12,8,1470.0
25355.0,51475.05866690616,2310.0,12,8,1470.0
25356.0,51481.05866690616,2310.0,12,8,1470.0
25357.0,51487.05866690616,2310.0,12,8,1470.0
25358.0,51493.05866690616,2310.0,12,8,1470.0
25359.0,51499.05866690616,2310.0,12,8,1470.0
25360.0,51505.05866690616,2310.0,12,8,1470.0
25361.0,51511.05866690616,2310.0,12,8,1470.0
25362.0,51517.05866690616,2310.0,12,8,1470.0
25363.0,51523.05866690616,2310.0,12,8,1470.0
25364.0,51529.05866690616,2310.0,12,8,1470.0
25365.0,51535.05866690616,2310.0,12,8,1470.0
25366.0,51541.05866690616,2310.0,12,8,1470.0
25367.0,51547.05866690616,2310.0,12,8,1470.0
25368.0,51553.05866690616,2310.0,12,8,1470.0
25369.0,51559.05866690616,2310.0,12,8,1470.0
25370.0,51565.05866690616,2310.0,12,8,1470.0
25371.0,51571.05866690616,2310.0,12,8,1470.0
25372.0,51577.05866690616,2310.0,12,8,1470.0
25373.0,51583.05866690616,2310.0,12,8,1470.0
25374.0,51589.05866690616,2310.0,12,8,1470.0
25375.0,51595.05866690616,2310.0,12,8,1470.0
25376.0,51601.05866690616,2310.0,12,8,1470.0
25377.0,51607.05866690616,2310.0,12,8,1470.0
25378.0,51613.05866690616,2310.0,12,8,1470.0
25379.0,51619.05866690616,2310.0,12,8,1470.0
25380.0,51625.05866690616,2310.0,12,8,1470.0
25381.0,51631.05866690616,2310.0,12,8,1470.0
25382.0,51637.05866690616,2310.0,12,8,1470.0
25383.0,51643.05866690616,2310.0,12,8,1470.0
25384.0,51649.05866690616,2310.0,12,8,1470.0
25385.0,51655.05866690616,2310.0,12,8,1470.0
25386.0,51661.05866690616,2310.0,12,8,1470.0
25387.0,51667.05866690616,2310.0,12,8,1470.0
25388.0,51673.05866690616,2310.0,12,8,1470.0
25389.0,51679.05866690616,2310.0,12,8,1470.0
25390.0,51685.05866690616,2310.0,12,8,1470.0
25391.0,51691.05866690616,2310.0,12,8,1470.0
25392.0,51697.05866690616,2310.0,12,8,1470.0
25393.0,51703.05866690616,2310.0,12,8,1470.0
25394.0,51709.05866690616,2310.0,12,8,1470.0
25395.0,51715.05866690616,2310.0,12,8,1470.0
25396.0,51721.05866690616,2310.0,12,8,1470.0
25397.0,51727.05866690616,2310.0,12,8,1470.0
25398.0,51733.05866690616,2310.0,12,8,1470.0
25399.0,51739.05866690616,2310.0,12,8,1470.0
25400.0,51745.05866690616,2310.0,12,8,1470.0
25401.0,51751.05866690616,2310.0,12,8,1470.0
25402.0,51757.05866690616,2310.0,12,8,1470.0
25403.0,51763.05866690616,2310.0,12,8,1470.0
25404.0,51769.05866690616,2310.0,12,8,1470.0
25405.0,51775.05866690616,2310.0,12,8,1470.0
25406.0,51781.05866690616,2310.0,12,8,1470.0
25407.0,51787.05866690616,2310.0,12,8,1470.0
25408.0,51793.05866690616,2310.0,12,8,1470.0
25409.0,51799.05866690616,2310.0,12,8,1470.0
25410.0,51805.05866690616,2310.0,12,8,1470.0
25411.0,51811.05866690616,2310.0,12,8,1470.0
25412.0,51817.05866690616,2310.0,12,8,1470.0
25413.0,51823.05866690616,2310.0,12,8,1470.0
25414.0,51829.05866690616,2310.0,12,8,1470.0
25415.0,51835.05866690616,2310.0,12,8,1470.0
25416.0,51841.05866690616,2310.0,12,8,1470.0
25417.0,51847.05866690616,2310.0,12,8,1470.0
25418.0,51853.05866690616,2310.0,12,8,1470.0
25419.0,51859.05866690616,2310.0,12,8,1470.0
25420.0,51865.05866690616,2310.0,12,8,1470.0
25421.0,51871.05866690616,2310.0,12,8,1470.0
25422.0,51877.05866690616,2310.0,12,8,1470.0
25423.0,51883.05866690616,2310.0,12,8,1470.0
25424.0,51889.05866690616,2310.0,12,8,1470.0
25425.0,51895.05866690616,2310.0,12,8,1470.0
25426.0,51901.05866690616,2310.0,12,8,1470.0
25427.0,51907.05866690616,2310.0,12,8,1470.0
25428.0,51913.05866690616,2310.0,12,8,1470.0
25429.0,51919.05866690616,2310.0,12,8,1470.0
25430.0,51925.05866690616,2310.0,12,8,1470.0
25431.0,51931.05866690616,2310.0,12,8,1470.0
25432.0,51937.05866690616,2310.0,12,8,1470.0
25433.0,51943.05866690616,2310.0,12,8,1470.0
25434.0,51949.05866690616,2310.0,12,8,1470.0
25435.0,51955.05866690616,2310.0,12,8,1470.0
25436.0,51961.05866690616,2310.0,12,8,1470.0
25437.0,51967.05866690616,2310.0,12,8,1470.0
25438.0,51973.05866690616,2310.0,12,8,1470.0
25439.0,51979.05866690616,2310.0,12,8,1470.0
25440.0,51985.05866690616,2310.0,12,8,1470.0
25441.0,51991.05866690616,2310.0,12,8,1470.0
25442.0,51997.05866690616,2310.0,12,8,1470.0
25443.0,52003.05866690616,2310.0,12,8,1470.0
25444.0,52009.05866690616,2310.0,12,8,1470.0
25445.0,52015.05866690616,2310.0,12,8,1470.0
25446.0,52021.05866690616,2310.0,12,8,1470.0
25447.0,52027.05866690616,2310.0,12,8,1470.0
25448.0,52033.05866690616,2310.0,12,8,1470.0
25449.0,52039.05866690616,2310.0,12,8,1470.0
25450.0,52045.05866690616,2310.0,12,8,1470.0
25451.0,52051.05866690616,2310.0,12,8,1470.0
25452.0,52057.05866690616,2310.0,12,8,1470.0
25453.0,52063.05866690616,2310.0,12,8,1470.0
25454.0,52069.05866690616,2310.0,12,8,1470.0
25455.0,52075.05866690616,2310.0,12,8,1470.0
25456.0,52081.05866690616,2310.0,12,8,1470.0
25457.0,52087.05866690616,2310.0,12,8,1470.0
25458.0,52093.05866690616,2310.0,12,8,1470.0
25459.0,52099.05866690616,2310.0,12,8,1470.0
25460.0,52105.05866690616,2310.0,12,8,1470.0
25461.0,52111.05866690616,2310.0,12,8,1470.0
25462.0,52117.05866690616,2310.0,12,8,1470.0
25463.0,52123.05866690616,2310.0,12,8,1470.0
25464.0,52129.05866690616,2310.0,12,8,1470.0
25465.0,52135.05866690616,2310.0,12,8,1470.0
25466.0,52141.05866690616,2310.0,12,8,1470.0
25467.0,52147.05866690616,2310.0,12,8,1470.0
25468.0,52153.05866690616,2310.0,12,8,1470.0
25469.0,52159.05866690616,2310.0,12,8,1470.0
25470.0,52165.05866690616,2310.0,12,8,1470.0
25471.0,52171.05866690616,2310.0,12,8,1470.0
25472.0,52177.05866690616,2310.0,12,8,1470.0
25473.0,52183.05866690616,2310.0,12,8,1470.0
25474.0,52189.05866690616,2310.0,12,8,1470.0
25475.0,52195.05866690616,2310.0,12,8,1470.0
25476.0,52201.05866690616,2310.0,12,8,1470.0
25477.0,52207.05866690616,2310.0,12,8,1470.0
25478.0,52213.05866690616,2310.0,12,8,1470.0
25479.0,52219.05866690616,2310.0,12,8,1470.0
25480.0,52225.05866690616,2310.0,12,8,1470.0
25481.0,52231.05866690616,2310.0,12,8,1470.0
25482.0,52237.05866690616,2310.0,12,8,1470.0
25483.0,52243.05866690616,2310.0,12,8,1470.0
25484.0,52249.05866690616,2310.0,12,8,1470.0
25485.0,52255.05866690616,2310.0,12,8,1470.0
25486.0,52261.05866690616,2310.0,12,8,1470.0
25487.0,52267.05866690616,2310.0,12,8,1470.0
25488.0,52273.05866690616,2310.0,12,8,1470.0
25489.0,52279.05866690616,2310.0,12,8,1470.0
25490.0,52285.05866690616,2310.0,12,8,1470.0
25491.0,52291.05866690616,2310.0,12,8,1470.0
25492.0,52297.05866690616,2310.0,12,8,1470.0
25493.0,52303.05866690616,2310.0,12,8,1470.0
25494.0,52309.05866690616,2310.0,12,8,1470.0
25495.0,52315.05866690616,2310.0,12,8,1470.0
25496.0,52321.05866690616,2310.0,12,8,1470.0
25497.0,52327.05866690616,2310.0,12,8,1470.0
25498.0,52333.05866690616,2310.0,12,8,1470.0
25499.0,52339.05866690616,2310.0,12,8,1470.0
25500.0,52345.05866690616,2310.0,12,8,1470.0
25501.0,52351.05866690616,2310.0,12,8,1470.0
25502.0,52357.05866690616,2310.0,12,8,1470.0
25503.0,52363.05866690616,2310.0,12,8,1470.0
25504.0,52369.05866690616,2310.0,12,8,1470.0
25505.0,52375.05866690616,2310.0,12,8,1470.0
25506.0,52381.05866690616,2310.0,12,8,1470.0
25507.0,52387.05866690616,2310.0,12,8,1470.0
25508.0,52393.05866690616,2310.0,12,8,1470.0
25509.0,52399.05866690616,2310.0,12,8,1470.0
25510.0,52405.05866690616,2310.0,12,8,1470.0
25511.0,52411.05866690616,2310.0,12,8,1470.0
25512.0,52417.05866690616,2310.0,12,8,1470.0
25513.0,52423.05866690616,2310.0,12,8,1470.0
25514.0,52429.05866690616,2310.0,12,8,1470.0
25515.0,52435.05866690616,2310.0,12,8,1470.0
25516.0,52441.05866690616,2310.0,12,8,1470.0
25517.0,52447.05866690616,2310.0,12,8,1470.0
25518.0,52453.05866690616,2310.0,12,8,1470.0
25519.0,52459.05866690616,2310.0,12,8,1470.0
25520.0,52465.05866690616,2310.0,12,8,1470.0
25521.0,52471.05866690616,2310.0,12,8,1470.0
25522.0,52477.05866690616,2310.0,12,8,1470.0
25523.0,52483.05866690616,2310.0,12,8,1470.0
25524.0,52489.05866690616,2310.0,12,8,1470.0
25525.0,52495.05866690616,2310.0,12,8,1470.0
25526.0,52501.05866690616,2310.0,12,8,1470.0
25527.0,52507.05866690616,2310.0,12,8,1470.0
25528.0,52513.05866690616,2310.0,12,8,1470.0
25529.0,52519.05866690616,2310.0,12,8,1470.0
25530.0,52525.05866690616,2310.0,12,8,1470.0
25531.0,52531.05866690616,2310.0,12,8,1470.0
25532.0,52537.05866690616,2310.0,12,8,1470.0
25533.0,52543.05866690616,2310.0,12,8,1470.0
25534.0,52549.05866690616,2310.0,12,8,1470.0
25535.0,52555.05866690616,2310.0,12,8,1470.0
25536.0,52561.05866690616,2310.0,12,8,1470.0
25537.0,52567.05866690616,2310.0,12,8,1470.0
25538.0,52573.05866690616,2310.0,12,8,1470.0
25539.0,52579.05866690616,2310.0,12,8,1470.0
25540.0,52585.05866690616,2310.0,12,8,1470.0
25541.0,52591.05866690616,2310.0,12,8,1470.0
25542.0,52597.05866690616,2310.0,12,8,1470.0
25543.0,52603.05866690616,2310.0,12,8,1470.0
25544.0,52609.05866690616,2310.0,12,8,1470.0
25545.0,52615.05866690616,2310.0,12,8,1470.0
25546.0,52621.05866690616,2310.0,12,8,1470.0
25547.0,52627.05866690616,2310.0,12,8,1470.0
25548.0,52633.05866690616,2310.0,12,8,1470.0
25549.0,52639.05866690616,2310.0,12,8,1470.0
25550.0,52645.05866690616,2310.0,12,8,1470.0
25551.0,52651.05866690616,2310.0,12,8,1470.0
25552.0,52657.05866690616,2310.0,12,8,1470.0
25553.0,52663.05866690616,2310.0,12,8,1470.0
25554.0,52669.05866690616,2310.0,12,8,1470.0
25555.0,52675.05866690616,2310.0,12,8,1470.0
25556.0,52681.05866690616,2310.0,12,8,1470.0
25557.0,52687.05866690616,2310.0,12,8,1470.0
25558.0,52693.05866690616,2310.0,12,8,1470.0
25559.0,52699.05866690616,2310.0,12,8,1470.0
25560.0,52705.05866690616,2310.0,12,8,1470.0
25561.0,52711.05866690616,2310.0,12,8,1470.0
25562.0,52717.05866690616,2310.0,12,8,1470.0
25563.0,52723.05866690616,2310.0,12,8,1470.0
25564.0,52729.05866690616,2310.0,12,8,1470.0
25565.0,52735.05866690616,2310.0,12,8,1470.0
25566.0,52741.05866690616,2310.0,12,8,1470.0
25567.0,52747.05866690616,2310.0,12,8,1470.0
25568.0,52753.05866690616,2310.0,12,8,1470.0
25569.0,52759.05866690616,2310.0,12,8,1470.0
25570.0,52765.05866690616,2310.0,12,8,1470.0
25571.0,52771.05866690616,2310.0,12,8,1470.0
25572.0,52777.05866690616,2310.0,12,8,1470.0
25573.0,52783.05866690616,2310.0,12,8,1470.0
25574.0,52789.05866690616,2310.0,12,8,1470.0
25575.0,52795.05866690616,2310.0,12,8,1470.0
25576.0,52801.05866690616,2310.0,12,8,1470.0
25577.0,52807.05866690616,2310.0,12,8,1470.0
25578.0,52813.05866690616,2310.0,12,8,1470.0
25579.0,52819.05866690616,2310.0,12,8,1470.0
25580.0,52825.05866690616,2310.0,12,8,1470.0
25581.0,52831.05866690616,2310.0,12,8,1470.0
25582.0,52837.05866690616,2310.0,12,8,1470.0
25583.0,52843.05866690616,2310.0,12,8,1470.0
25584.0,52849.05866690616,2310.0,12,8,1470.0
25585.0,52855.05866690616,2310.0,12,8,1470.0
25586.0,52861.05866690616,2310.0,12,8,1470.0
25587.0,52867.05866690616,2310.0,12,8,1470.0
25588.0,52873.05866690616,2310.0,12,8,1470.0
25589.0,52879.05866690616,2310.0,12,8,1470.0
25590.0,52885.05866690616,2310.0,12,8,1470.0
25591.0,52891.05866690616,2310.0,12,8,1470.0
25592.0,52897.05866690616,2310.0,12,8,1470.0
25593.0,52903.05866690616,2310.0,12,8,1470.0
25594.0,52909.05866690616,2310.0,12,8,1470.0
25595.0,52915.05866690616,2310.0,12,8,1470.0
25596.0,52921.05866690616,2310.0,12,8,1470.0
25597.0,52927.05866690616,2310.0,12,8,1470.0
25598.0,52933.05866690616,2310.0,12,8,1470.0
25599.0,52939.05866690616,2310.0,12,8,1470.0
25600.0,52945.05866690616,2310.0,12,8,1470.0
25601.0,52951.05866690616,2310.0,12,8,1470.0
25602.0,52957.05866690616,2310.0,12,8,1470.0
25603.0,52963.05866690616,2310.0,12,8,1470.0
25604.0,52969.05866690616,2310.0,12,8,1470.0
25605.0,52975.05866690616,2310.0,12,8,1470.0
25606.0,52981.05866690616,2310.0,12,8,1470.0
25607.0,52987.05866690616,2310.0,12,8,1470.0
25608.0,52993.05866690616,2310.0,12,8,1470.0
25609.0,52999.05866690616,2310.0,12,8,1470.0
25610.0,53005.05866690616,2310.0,12,8,1470.0
25611.0,53011.05866690616,2310.0,12,8,1470.0
25612.0,53017.05866690616,2310.0,12,8,1470.0
25613.0,53023.05866690616,2310.0,12,8,1470.0
25614.0,53029.05866690616,2310.0,12,8,1470.0
25615.0,53035.05866690616,2310.0,12,8,1470.0
25616.0,53041.05866690616,2310.0,12,8,1470.0
25617.0,53047.05866690616,2310.0,12,8,1470.0
25618.0,53053.05866690616,2310.0,12,8,1470.0
25619.0,53059.05866690616,2310.0,12,8,1470.0
25620.0,53065.05866690616,2310.0,12,8,1470.0
25621.0,53071.05866690616,2310.0,12,8,1470.0
25622.0,53077.05866690616,2310.0,12,8,1470.0
25623.0,53083.05866690616,2310.0,12,8,1470.0
25624.0,53089.05866690616,2310.0,12,8,1470.0
25625.0,53095.05866690616,2310.0,12,8,1470.0
25626.0,53101.05866690616,2310.0,12,8,1470.0
25627.0,53107.05866690616,2310.0,12,8,1470.0
25628.0,53113.05866690616,2310.0,12,8,1470.0
25629.0,53119.05866690616,2310.0,12,8,1470.0
25630.0,53125.05866690616,2310.0,12,8,1470.0
25631.0,53131.05866690616,2310.0,12,8,1470.0
25632.0,53137.05866690616,2310.0,12,8,1470.0
25633.0,53143.05866690616,2310.0,12,8,1470.0
25634.0,53149.05866690616,2310.0,12,8,1470.0
25635.0,53155.05866690616,2310.0,12,8,1470.0
25636.0,53161.05866690616,2310.0,12,8,1470.0
25637.0,53167.05866690616,2310.0,12,8,1470.0
25638.0,53173.05866690616,2310.0,12,8,1470.0
25639.0,53179.05866690616,2310.0,12,8,1470.0
25640.0,53185.05866690616,2310.0,12,8,1470.0
25641.0,53191.05866690616,2310.0,12,8,1470.0
25642.0,53197.05866690616,2310.0,12,8,1470.0
25643.0,53203.05866690616,2310.0,12,8,1470.0
25644.0,53209.05866690616,2310.0,12,8,1470.0
25645.0,53215.05866690616,2310.0,12,8,1470.0
25646.0,53221.05866690616,2310.0,12,8,1470.0
25647.0,53227.05866690616,2310.0,12,8,1470.0
25648.0,53233.05866690616,2310.0,12,8,1470.0
25649.0,53239.05866690616,2310.0,12,8,1470.0
25650.0,53245.05866690616,2310.0,12,8,1470.0
25651.0,53251.05866690616,2310.0,12,8,1470.0
25652.0,53257.05866690616,2310.0,12,8,1470.0
25653.0,53263.05866690616,2310.0,12,8,1470.0
25654.0,53269.05866690616,2310.0,12,8,1470.0
25655.0,53275.05866690616,2310.0,12,8,1470.0
25656.0,53281.05866690616,2310.0,12,8,1470.0
25657.0,53287.05866690616,2310.0,12,8,1470.0
25658.0,53293.05866690616,2310.0,12,8,1470.0
25659.0,53299.05866690616,2310.0,12,8,1470.0
25660.0,53305.05866690616,2310.0,12,8,1470.0
25661.0,53311.05866690616,2310.0,12,8,1470.0
25662.0,53317.05866690616,2310.0,12,8,1470.0
25663.0,53323.05866690616,2310.0,12,8,1470.0
25664.0,53329.05866690616,2310.0,12,8,1470.0
25665.0,53335.05866690616,2310.0,12,8,1470.0
25666.0,53341.05866690616,2310.0,12,8,1470.0
25667.0,53347.05866690616,2310.0,12,8,1470.0
25668.0,53353.05866690616,2310.0,12,8,1470.0
25669.0,53359.05866690616,2310.0,12,8,1470.0
25670.0,53365.05866690616,2310.0,12,8,1470.0
25671.0,53371.05866690616,2310.0,12,8,1470.0
25672.0,53377.05866690616,2310.0,12,8,1470.0
25673.0,53383.05866690616,2310.0,12,8,1470.0
25674.0,53389.05866690616,2310.0,12,8,1470.0
25675.0,53395.05866690616,2310.0,12,8,1470.0
25676.0,53401.05866690616,2310.0,12,8,1470.0
25677.0,53407.05866690616,2310.0,12,8,1470.0
25678.0,53413.05866690616,2310.0,12,8,1470.0
25679.0,53419.05866690616,2310.0,12,8,1470.0
25680.0,53425.05866690616,2310.0,12,8,1470.0
25681.0,53431.05866690616,2310.0,12,8,1470.0
25682.0,53437.05866690616,2310.0,12,8,1470.0
25683.0,53443.05866690616,2310.0,12,8,1470.0
25684.0,53449.05866690616,2310.0,12,8,1470.0
25685.0,53455.05866690616,2310.0,12,8,1470.0
25686.0,53461.05866690616,2310.0,12,8,1470.0
25687.0,53467.05866690616,2310.0,12,8,1470.0
25688.0,53473.05866690616,2310.0,12,8,1470.0
25689.0,53479.05866690616,2310.0,12,8,1470.0
25690.0,53485.05866690616,2310.0,12,8,1470.0
25691.0,53491.05866690616,2310.0,12,8,1470.0
25692.0,53497.05866690616,2310.0,12,8,1470.0
25693.0,53503.05866690616,2310.0,12,8,1470.0
25694.0,53509.05866690616,2310.0,12,8,1470.0
25695.0,53515.05866690616,2310.0,12,8,1470.0
25696.0,53521.05866690616,2310.0,12,8,1470.0
25697.0,53527.05866690616,2310.0,12,8,1470.0
25698.0,53533.05866690616,2310.0,12,8,1470.0
25699.0,53539.05866690616,2310.0,12,8,1470.0
25700.0,53545.05866690616,2310.0,12,8,1470.0
25701.0,53551.05866690616,2310.0,12,8,1470.0
25702.0,53557.05866690616,2310.0,12,8,1470.0
25703.0,53563.05866690616,2310.0,12,8,1470.0
25704.0,53569.05866690616,2310.0,12,8,1470.0
25705.0,53575.05866690616,2310.0,12,8,1470.0
25706.0,53581.05866690616,2310.0,12,8,1470.0
25707.0,53587.05866690616,2310.0,12,8,1470.0
25708.0,53593.05866690616,2310.0,12,8,1470.0
25709.0,53599.05866690616,2310.0,12,8,1470.0
25710.0,53605.05866690616,2310.0,12,8,1470.0
25711.0,53611.05866690616,2310.0,12,8,1470.0
25712.0,53617.05866690616,2310.0,12,8,1470.0
25713.0,53623.05866690616,2310.0,12,8,1470.0
25714.0,53629.05866690616,2310.0,12,8,1470.0
25715.0,53635.05866690616,2310.0,12,8,1470.0
25716.0,53641.05866690616,2310.0,12,8,1470.0
25717.0,53647.05866690616,2310.0,12,8,1470.0
25718.0,53653.05866690616,2310.0,12,8,1470.0
25719.0,53659.05866690616,2310.0,12,8,1470.0
25720.0,53665.05866690616,2310.0,12,8,1470.0
25721.0,53671.05866690616,2310.0,12,8,1470.0
25722.0,53677.05866690616,2310.0,12,8,1470.0
25723.0,53683.05866690616,2310.0,12,8,1470.0
25724.0,53689.05866690616,2310.0,12,8,1470.0
25725.0,53695.05866690616,2310.0,12,8,1470.0
25726.0,53701.05866690616,2310.0,12,8,1470.0
25727.0,53707.05866690616,2310.0,12,8,1470.0
25728.0,53713.05866690616,2310.0,12,8,1470.0
25729.0,53719.05866690616,2310.0,12,8,1470.0
25730.0,53725.05866690616,2310.0,12,8,1470.0
25731.0,53731.05866690616,2310.0,12,8,1470.0
25732.0,53737.05866690616,2310.0,12,8,1470.0
25733.0,53743.05866690616,2310.0,12,8,1470.0
25734.0,53749.05866690616,2310.0,12,8,1470.0
25735.0,53755.05866690616,2310.0,12,8,1470.0
25736.0,53761.05866690616,2310.0,12,8,1470.0
25737.0,53767.05866690616,2310.0,12,8,1470.0
25738.0,53773.05866690616,2310.0,12,8,1470.0
25739.0,53779.05866690616,2310.0,12,8,1470.0
25740.0,53785.05866690616,2310.0,12,8,1470.0
25741.0,53791.05866690616,2310.0,12,8,1470.0
25742.0,53797.05866690616,2310.0,12,8,1470.0
25743.0,53803.05866690616,2310.0,12,8,1470.0
25744.0,53809.05866690616,2310.0,12,8,1470.0
25745.0,53815.05866690616,2310.0,12,8,1470.0
25746.0,53821.05866690616,2310.0,12,8,1470.0
25747.0,53827.04324703387,2310.0,12,8,1470.0
25748.0,53833.00813555903,2310.0,12,8,1470.0
25749.0,53838.95372631369,2310.0,12,8,1470.0
25750.0,53844.88040525325,2310.0,12,8,1470.0
25751.0,53850.78855061402,2310.0,12,8,1470.0
25752.0,53855.78855061402,2310.0,12,8,1470.0
25753.0,53858.938550614024,2310.0,12,8,1470.0
25754.0,53859.377715566385,2310.0,12,8,1470.0
25755.0,53860.1133626596,2310.0,12,8,1470.0
25756.0,53861.14734427473,2310.0,12,8,1470.0
25757.0,53862.48036292198,2310.0,12,8,1470.0
25758.0,53864.112755376045,2310.0,12,8,1470.0
25759.0,53866.04470816964,2310.0,12,8,1470.0
25760.0,53868.27633516659,2310.0,12,8,1470.0
25761.0,53870.807710894056,2310.0,12,8,1470.0
25762.0,53873.638886760375,2310.0,12,8,1470.0
25763.0,53876.76989970699,2310.0,12,8,1470.0
25764.0,53880.20077716366,2310.0,12,8,1470.0
25765.0,53883.93154005138,2310.0,12,8,1470.0
25766.0,53887.96220468767,2310.0,12,8,1470.0
25767.0,53892.29278404275,2310.0,12,8,1470.0
25768.0,53896.923288594735,2310.0,12,8,1470.0
25769.0,53901.853726928115,2310.0,12,8,1470.0
25770.0,53907.08410616284,2310.0,12,8,1470.0
25771.0,53912.61443226831,2310.0,12,8,1470.0
25772.0,53918.42535024559,2310.0,12,8,1470.0
25773.0,53924.33737739477,2310.0,12,8,1470.0
25774.0,53929.328691818075,2310.0,12,8,1470.0
25775.0,53930.89563593678,2310.0,12,8,1470.0
25776.0,53932.747302987256,2310.0,12,8,1470.0
25777.0,53935.0362047319,2310.0,12,8,1470.0
25778.0,53937.7649623393,2310.0,12,8,1470.0
25779.0,53940.93628846827,2310.0,12,8,1470.0
25780.0,53944.55296549755,2310.0,12,8,1470.0
25781.0,53948.61782061391,2310.0,12,8,1470.0
25782.0,53953.1336987866,2310.0,12,8,1470.0
25783.0,53958.103434881494,2310.0,12,8,1470.0
25784.0,53963.52982626383,2310.0,12,8,1470.0
25785.0,53969.39530397572,2310.0,12,8,1470.0
25786.0,53975.66122569574,2310.0,12,8,1470.0
25787.0,53981.716805280405,2310.0,12,8,1470.0
25788.0,53986.393974070554,2310.0,12,8,1470.0
25789.0,53991.46356142577,2310.0,12,8,1470.0
25790.0,53996.89235155323,2310.0,12,8,1470.0
25791.0,54002.64656587813,2310.0,12,8,1470.0
25792.0,54008.726695916535,2310.0,12,8,1470.0
25793.0,54015.13262521223,2310.0,12,8,1470.0
25794.0,54021.695435921996,2310.0,12,8,1470.0
25795.0,54028.41599041758,2310.0,12,8,1470.0
25796.0,54035.29513382326,2310.0,12,8,1470.0
25797.0,54042.33369436081,2310.0,12,8,1470.0
25798.0,54049.53248368762,2310.0,12,8,1470.0
25799.0,54056.89229722788,2310.0,12,8,1470.0
25800.0,54063.76391449736,2310.0,12,8,1470.0
25801.0,54070.748099421435,2310.0,12,8,1470.0
25802.0,54077.84560064703,2310.0,12,8,1470.0
25803.0,54085.057151848116,2310.0,12,8,1470.0
25804.0,54092.383472025176,2310.0,12,8,1470.0
25805.0,54099.82526579869,2310.0,12,8,1470.0
25806.0,54107.37273564548,2310.0,12,8,1470.0
25807.0,54114.96725609534,2310.0,12,8,1470.0
25808.0,54122.5098861362,2310.0,12,8,1470.0
25809.0,54130.001663576244,2310.0,12,8,1470.0
25810.0,54137.443605467495,2310.0,12,8,1470.0
25811.0,54144.83670852091,2310.0,12,8,1470.0
25812.0,54152.18194951326,2310.0,12,8,1470.0
25813.0,54159.48028568576,2310.0,12,8,1470.0
25814.0,54166.732655134816,2310.0,12,8,1470.0
25815.0,54173.93997719489,2310.0,12,8,1470.0
25816.0,54181.103152813754,2310.0,12,8,1470.0
25817.0,54188.22306492025,2310.0,12,8,1470.0
25818.0,54195.30057878461,2310.0,12,8,1470.0
25819.0,54202.33654237169,2310.0,12,8,1470.0
25820.0,54209.33178668703,2310.0,12,8,1470.0
25821.0,54216.287126116054,2310.0,12,8,1470.0
25822.0,54223.20139220987,2310.0,12,8,1470.0
25823.0,54230.05737298182,2310.0,12,8,1470.0
25824.0,54236.85623413832,2310.0,12,8,1470.0
25825.0,54243.59911807169,2310.0,12,8,1470.0
25826.0,54250.287144326394,2310.0,12,8,1470.0
25827.0,54256.92141005601,2310.0,12,8,1470.0
25828.0,54263.50299047103,2310.0,12,8,1470.0
25829.0,54270.03293927774,2310.0,12,8,1470.0
25830.0,54276.51228910833,2310.0,12,8,1470.0
25831.0,54282.9420519423,2310.0,12,8,1470.0
25832.0,54289.323219519596,2310.0,12,8,1470.0
25833.0,54295.65676374534,2310.0,12,8,1470.0
25834.0,54301.94363708657,2310.0,12,8,1470.0
25835.0,54308.18477296099,2310.0,12,8,1470.0
25836.0,54314.3810861179,2310.0,12,8,1470.0
25837.0,54320.53347301168,2310.0,12,8,1470.0
25838.0,54326.642812167585,2310.0,12,8,1470.0
25839.0,54332.709964540365,2310.0,12,8,1470.0
25840.0,54338.73577386571,2310.0,12,8,1470.0
25841.0,54344.72106700453,2310.0,12,8,1470.0
25842.0,54350.66665428058,2310.0,12,8,1470.0
25843.0,54356.57332981111,2310.0,12,8,1470.0
25844.0,54362.441871831026,2310.0,12,8,1470.0
25845.0,54368.27304301055,2310.0,12,8,1470.0
25846.0,54374.06759076647,2310.0,12,8,1470.0
25847.0,54379.82624756728,2310.0,12,8,1470.0
25848.0,54385.54973123208,2310.0,12,8,1470.0
25849.0,54391.23874522358,2310.0,12,8,1470.0
25850.0,54396.893978935244,2310.0,12,8,1470.0
25851.0,54402.516107972675,2310.0,12,8,1470.0
25852.0,54408.105794429364,2310.0,12,8,1470.0
25853.0,54413.66368715691,2310.0,12,8,1470.0
25854.0,54419.19042202991,2310.0,12,8,1470.0
25855.0,54424.68662220545,2310.0,12,8,1470.0
25856.0,54430.152898377484,2310.0,12,8,1470.0
25857.0,54435.589849026066,2310.0,12,8,1470.0
25858.0,54440.99806066169,2310.0,12,8,1470.0
25859.0,54446.3781080646,2310.0,12,8,1470.0
25860.0,54451.73055451945,2310.0,12,8,1470.0
25861.0,54457.0559520452,2310.0,12,8,1470.0
25862.0,54462.35484162043,2310.0,12,8,1470.0
25863.0,54467.627753404166,2310.0,12,8,1470.0
25864.0,54472.875206952216,2310.0,12,8,1470.0
25865.0,54478.09771142931,2310.0,12,8,1470.0
25866.0,54483.29576581686,2310.0,12,8,1470.0
25867.0,54488.46985911667,2310.0,12,8,1470.0
25868.0,54493.62047055047,2310.0,12,8,1470.0
25869.0,54498.7480697556,2310.0,12,8,1470.0
25870.0,54503.85311697663,2310.0,12,8,1470.0
25871.0,54508.93606325323,2310.0,12,8,1470.0
25872.0,54513.99735060431,2310.0,12,8,1470.0
25873.0,54519.03741220837,2310.0,12,8,1470.0
25874.0,54524.05667258034,2310.0,12,8,1470.0
25875.0,54529.05554774487,2310.0,12,8,1470.0
25876.0,54534.03444540611,2310.0,12,8,1470.0
25877.0,54538.99376511412,2310.0,12,8,1470.0
25878.0,54543.93389842798,2310.0,12,8,1470.0
25879.0,54548.85522907556,2310.0,12,8,1470.0
25880.0,54553.7581331102,2310.0,12,8,1470.0
25881.0,54558.64297906413,2310.0,12,8,1470.0
25882.0,54563.510128098984,2310.0,12,8,1470.0
25883.0,54568.359934153144,2310.0,12,8,1470.0
25884.0,54573.19274408622,2310.0,12,8,1470.0
25885.0,54578.00889782063,2310.0,12,8,1470.0
25886.0,54582.80872848036,2310.0,12,8,1470.0
25887.0,54587.592562526894,2310.0,12,8,1470.0
25888.0,54592.3607198925,2310.0,12,8,1470.0
25889.0,54597.11351411079,2310.0,12,8,1470.0
25890.0,54601.851252444714,2310.0,12,8,1470.0
25891.0,54606.57423601196,2310.0,12,8,1470.0
25892.0,54611.28275990785,2310.0,12,8,1470.0
25893.0,54615.97711332584,2310.0,12,8,1470.0
25894.0,54620.65757967546,2310.0,12,8,1470.0
25895.0,54625.324436698094,2310.0,12,8,1470.0
25896.0,54629.97795658027,2310.0,12,8,1470.0
25897.0,54634.618406064794,2310.0,12,8,1470.0
25898.0,54639.246046559645,2310.0,12,8,1470.0
25899.0,54643.86113424459,2310.0,12,8,1470.0
25900.0,54648.46392017584,2310.0,12,8,1470.0
25901.0,54653.05465038846,2310.0,12,8,1470.0
25902.0,54657.63356599683,2310.0,12,8,1470.0
25903.0,54662.20090329304,2310.0,12,8,1470.0
25904.0,54666.75689384331,2310.0,12,8,1470.0
25905.0,54671.30176458258,2310.0,12,8,1470.0
25906.0,54675.83573790707,2310.0,12,8,1470.0
25907.0,54680.359031765074,2310.0,12,8,1470.0
25908.0,54684.87185974591,2310.0,12,8,1470.0
25909.0,54689.374431167125,2310.0,12,8,1470.0
25910.0,54693.86695115993,2310.0,12,8,1470.0
25911.0,54698.349620752866,2310.0,12,8,1470.0
25912.0,54702.822636953955,2310.0,12,8,1470.0
25913.0,54707.28619283101,2310.0,12,8,1470.0
25914.0,54711.74047759052,2310.0,12,8,1470.0
25915.0,54716.185676654866,2310.0,12,8,1470.0
25916.0,54720.6219717379,2310.0,12,8,1470.0
25917.0,54725.04954091928,2310.0,12,8,1470.0
25918.0,54729.46855871704,2310.0,12,8,1470.0
25919.0,54733.879196158836,2310.0,12,8,1470.0
25920.0,54738.28162085179,2310.0,12,8,1470.0
25921.0,54742.6759970509,2310.0,12,8,1470.0
25922.0,54747.062485726026,2310.0,12,8,1470.0
25923.0,54751.44124462764,2310.0,12,8,1470.0
25924.0,54755.81242835122,2310.0,12,8,1470.0
25925.0,54760.176188400335,2310.0,12,8,1470.0
25926.0,54764.532673248475,2310.0,12,8,1470.0
25927.0,54768.88202839965,2310.0,12,8,1470.0
25928.0,54773.22439644779,2310.0,12,8,1470.0
25929.0,54777.559917134975,2310.0,12,8,1470.0
25930.0,54781.88872740841,2310.0,12,8,1470.0
25931.0,54786.21096147638,2310.0,12,8,1470.0
25932.0,54790.526750863,2310.0,12,8,1470.0
25933.0,54794.83622446187,2310.0,12,8,1470.0
25934.0,54799.13950858878,2310.0,12,8,1470.0
25935.0,54803.436727033135,2310.0,12,8,1470.0
25936.0,54807.72800110861,2310.0,12,8,1470.0
25937.0,54812.01344970258,2310.0,12,8,1470.0
25938.0,54816.29318932468,2310.0,12,8,1470.0
25939.0,54820.56733415432,2310.0,12,8,1470.0
25940.0,54824.83599608737,2310.0,12,8,1470.0
25941.0,54829.09928478176,2310.0,12,8,1470.0
25942.0,54833.357307702274,2310.0,12,8,1470.0
25943.0,54837.610170164364,2310.0,12,8,1470.0
25944.0,54841.857975377214,2310.0,12,8,1470.0
25945.0,54846.10082448581,2310.0,12,8,1470.0
25946.0,54850.338816612224,2310.0,12,8,1470.0
25947.0,54854.57204889612,2310.0,12,8,1470.0
25948.0,54858.80061653435,2310.0,12,8,1470.0
25949.0,54863.02461281979,2310.0,12,8,1470.0
25950.0,54867.24412917954,2310.0,12,8,1470.0
25951.0,54871.45925521209,2310.0,12,8,1470.0
25952.0,54875.65021980805,2310.0,12,8,1470.0
25953.0,54879.83736511209,2310.0,12,8,1470.0
25954.0,54884.020767510054,2310.0,12,8,1470.0
25955.0,54888.200501860054,2310.0,12,8,1470.0
25956.0,54892.37664152306,2310.0,12,8,1470.0
25957.0,54896.5492583928,2310.0,12,8,1470.0
25958.0,54900.71842292515,2310.0,12,8,1470.0
25959.0,54904.88420416685,2310.0,12,8,1470.0
25960.0,54909.04666978371,2310.0,12,8,1470.0
25961.0,54913.20588608824,2310.0,12,8,1470.0
25962.0,54917.36191806669,2310.0,12,8,1470.0
25963.0,54921.51482940555,2310.0,12,8,1470.0
25964.0,54925.66468251764,2310.0,12,8,1470.0
25965.0,54929.8115385675,2310.0,12,8,1470.0
25966.0,54933.95545749635,2310.0,12,8,1470.0
25967.0,54938.076770402804,2310.0,12,8,1470.0
25968.0,54942.195657051125,2310.0,12,8,1470.0
25969.0,54946.31216596649,2310.0,12,8,1470.0
25970.0,54950.42634470354,2310.0,12,8,1470.0
25971.0,54954.53823986585,2310.0,12,8,1470.0
25972.0,54958.64789712491,2310.0,12,8,1470.0
25973.0,54962.755361238786,2310.0,12,8,1470.0
25974.0,54966.8606760704,2310.0,12,8,1470.0
25975.0,54970.963884605364,2310.0,12,8,1470.0
25976.0,54975.06502896964,2310.0,12,8,1470.0
25977.0,54979.16415044663,2310.0,12,8,1470.0
25978.0,54983.26128949408,2310.0,12,8,1470.0
25979.0,54987.35648576058,2310.0,12,8,1470.0
25980.0,54991.44977810174,2310.0,12,8,1470.0
25981.0,54995.54120459609,2310.0,12,8,1470.0
25982.0,54999.630802560554,2310.0,12,8,1470.0
25983.0,55003.71860856572,2310.0,12,8,1470.0
25984.0,55007.80465845079,2310.0,12,8,1470.0
25985.0,55011.888987338156,2310.0,12,8,1470.0
25986.0,55015.97162964777,2310.0,12,8,1470.0
25987.0,55020.032776499356,2310.0,12,8,1470.0
25988.0,55024.09270041391,2310.0,12,8,1470.0
25989.0,55028.15142585017,2310.0,12,8,1470.0
25990.0,55032.2089767777,2310.0,12,8,1470.0
25991.0,55036.265376686686,2310.0,12,8,1470.0
25992.0,55040.32064859749,2310.0,12,8,1470.0
25993.0,55044.37481507008,2310.0,12,8,1470.0
25994.0,55048.42789821322,2310.0,12,8,1470.0
25995.0,55052.47991969349,2310.0,12,8,1470.0
25996.0,55056.530900744154,2310.0,12,8,1470.0
25997.0,55060.58086217381,2310.0,12,8,1470.0
25998.0,55064.629824374875,2310.0,12,8,1470.0
25999.0,55068.677807331915,2310.0,12,8,1470.0
26000.0,55072.70518437705,2310.0,12,8,1470.0
26001.0,55076.732013881294,2310.0,12,8,1470.0
26002.0,55080.75830679545,2310.0,12,8,1470.0
26003.0,55084.78407385131,2310.0,12,8,1470.0
26004.0,55088.809325566064,2310.0,12,8,1470.0
26005.0,55092.83407224652,2310.0,12,8,1470.0
26006.0,55096.85832399337,2310.0,12,8,1470.0
26007.0,55100.88209070528,2310.0,12,8,1470.0
26008.0,55104.90538208295,2310.0,12,8,1470.0
26009.0,55108.92820763307,2310.0,12,8,1470.0
26010.0,55112.95057667219,2310.0,12,8,1470.0
26011.0,55116.97249833052,2310.0,12,8,1470.0
26012.0,55120.99398155569,2310.0,12,8,1470.0
26013.0,55125.015035116354,2310.0,12,8,1470.0
26014.0,55129.03566760581,2310.0,12,8,1470.0
26015.0,55133.055887445465,2310.0,12,8,1470.0
26016.0,55137.055887445465,2313.0,12,8,1467.0
26017.0,55141.055887445465,2318.0,12,8,1462.0
26018.0,55145.055887445465,2323.0,12,8,1457.0
26019.0,55149.055887445465,2328.0,12,8,1452.0
26020.0,55153.055887445465,2333.0,12,8,1447.0
26021.0,55157.055887445465,2338.0,12,8,1442.0
26022.0,55161.055887445465,2343.0,12,8,1437.0
26023.0,55165.055887445465,2348.0,12,8,1432.0
26024.0,55169.055887445465,2353.0,12,8,1427.0
26025.0,55173.055887445465,2358.0,12,8,1422.0
26026.0,55177.055887445465,2363.0,12,8,1417.0
26027.0,55181.055887445465,2368.0,12,8,1412.0
26028.0,55185.055887445465,2373.0,12,8,1407.0
26029.0,55189.055887445465,2378.0,12,8,1402.0
26030.0,55193.055887445465,2383.0,12,8,1397.0
26031.0,55197.055887445465,2388.0,12,8,1392.0
26032.0,55201.055887445465,2393.0,12,8,1387.0
26033.0,55205.055887445465,2398.0,12,8,1382.0
26034.0,55209.055887445465,2403.0,12,8,1377.0
26035.0,55213.055887445465,2408.0,12,8,1372.0
26036.0,55217.055887445465,2413.0,12,8,1367.0
26037.0,55221.055887445465,2418.0,12,8,1362.0
26038.0,55225.055887445465,2423.0,12,8,1357.0
26039.0,55229.055887445465,2428.0,12,8,1352.0
26040.0,55233.055887445465,2433.0,12,8,1347.0
26041.0,55237.055887445465,2438.0,12,8,1342.0
26042.0,55241.055887445465,2443.0,12,8,1337.0
26043.0,55245.055887445465,2448.0,12,8,1332.0
26044.0,55249.055887445465,2453.0,12,8,1327.0
26045.0,55253.055887445465,2458.0,12,8,1322.0
26046.0,55257.055887445465,2463.0,12,8,1317.0
26047.0,55261.055887445465,2468.0,12,8,1312.0
26048.0,55265.055887445465,2473.0,12,8,1307.0
26049.0,55269.055887445465,2478.0,12,8,1302.0
26050.0,55273.055887445465,2483.0,12,8,1297.0
26051.0,55277.20588744547,2485.0,13,7,1295.0
26052.0,55281.60588744546,2485.0,13,7,1295.0
26053.0,55286.25588744547,2485.0,13,7,1295.0
26054.0,55291.15588744547,2485.0,13,7,1295.0
26055.0,55296.305887445465,2485.0,13,7,1295.0
26056.0,55301.70588744547,2485.0,13,7,1295.0
26057.0,55307.35588744546,2485.0,13,7,1295.0
26058.0,55313.25588744547,2485.0,13,7,1295.0
26059.0,55319.40588744547,2485.0,13,7,1295.0
26060.0,55325.805887445465,2485.0,13,7,1295.0
26061.0,55332.45588744547,2485.0,13,7,1295.0
26062.0,55339.35588744546,2485.0,13,7,1295.0
26063.0,55346.50588744547,2485.0,13,7,1295.0
26064.0,55353.90588744547,2485.0,13,7,1295.0
26065.0,55361.555887445465,2485.0,13,7,1295.0
26066.0,55369.45588744547,2485.0,13,7,1295.0
26067.0,55377.60588744546,2485.0,13,7,1295.0
26068.0,55386.00588744547,2485.0,13,7,1295.0
26069.0,55394.65588744547,2485.0,13,7,1295.0
26070.0,55403.555887445465,2485.0,13,7,1295.0
26071.0,55412.555887445465,2485.0,13,7,1295.0
26072.0,55421.555887445465,2485.0,13,7,1295.0
26073.0,55430.555887445465,2485.0,13,7,1295.0
26074.0,55439.555887445465,2485.0,13,7,1295.0
26075.0,55448.55588744547,2485.0,13,7,1295.0
26076.0,55457.55588744547,2485.0,13,7,1295.0
26077.0,55466.55588744547,2485.0,13,7,1295.0
26078.0,55475.55588744547,2485.0,13,7,1295.0
26079.0,55484.55588744547,2485.0,13,7,1295.0
26080.0,55493.55588744547,2485.0,13,7,1295.0
26081.0,55502.55588744547,2485.0,13,7,1295.0
26082.0,55511.55588744547,2485.0,13,7,1295.0
26083.0,55520.55588744547,2485.0,13,7,1295.0
26084.0,55529.55588744547,2485.0,13,7,1295.0
26085.0,55538.55588744547,2485.0,13,7,1295.0
26086.0,55547.55588744547,2485.0,13,7,1295.0
26087.0,55555.55588744547,2485.0,13,7,1295.0
26088.0,55563.55588744547,2485.0,13,7,1295.0
26089.0,55571.55588744547,2485.0,13,7,1295.0
26090.0,55579.55588744547,2485.0,13,7,1295.0
26091.0,55587.55588744547,2485.0,13,7,1295.0
26092.0,55595.55588744547,2485.0,13,7,1295.0
26093.0,55603.55588744547,2485.0,13,7,1295.0
26094.0,55611.55588744547,2485.0,13,7,1295.0
26095.0,55619.55588744547,2485.0,13,7,1295.0
26096.0,55627.55588744547,2485.0,13,7,1295.0
26097.0,55635.55588744547,2485.0,13,7,1295.0
26098.0,55643.55588744547,2485.0,13,7,1295.0
26099.0,55651.55588744547,2485.0,13,7,1295.0
26100.0,55658.55588744547,2485.0,13,7,1295.0
26101.0,55665.55588744547,2485.0,13,7,1295.0
26102.0,55672.55588744547,2485.0,13,7,1295.0
26103.0,55679.55588744547,2485.0,13,7,1295.0
26104.0,55686.55588744547,2485.0,13,7,1295.0
26105.0,55693.55588744547,2485.0,13,7,1295.0
26106.0,55700.55588744547,2485.0,13,7,1295.0
26107.0,55707.55588744547,2485.0,13,7,1295.0
26108.0,55714.55588744547,2485.0,13,7,1295.0
26109.0,55721.55588744547,2485.0,13,7,1295.0
26110.0,55728.55588744547,2485.0,13,7,1295.0
26111.0,55734.55588744547,2485.0,13,7,1295.0
26112.0,55740.516163285756,2485.0,13,7,1295.0
26113.0,55746.45449869926,2485.0,13,7,1295.0
26114.0,55752.37290592013,2485.0,13,7,1295.0
26115.0,55758.27352962477,2485.0,13,7,1295.0
26116.0,55764.15864259346,2485.0,13,7,1295.0
26117.0,55770.03063768252,2485.0,13,7,1295.0
26118.0,55775.892015822516,2485.0,13,7,1295.0
26119.0,55781.7453699981,2485.0,13,7,1295.0
26120.0,55787.59336546462,2485.0,13,7,1295.0
26121.0,55793.43871678297,2485.0,13,7,1295.0
26122.0,55799.284162561176,2485.0,13,7,1295.0
26123.0,55805.13243903032,2485.0,13,7,1295.0
26124.0,55810.98625370854,2485.0,13,7,1295.0
26125.0,55816.84826039815,2485.0,13,7,1295.0
26126.0,55822.72103661697,2485.0,13,7,1295.0
26127.0,55828.607064315045,2485.0,13,7,1295.0
26128.0,55834.50871441428,2485.0,13,7,1295.0
26129.0,55840.428235383755,2485.0,13,7,1295.0
26130.0,55846.36774576977,2485.0,13,7,1295.0
26131.0,55852.32923036841,2485.0,13,7,1295.0
26132.0,55858.31453957271,2485.0,13,7,1295.0
26133.0,55864.31453957271,2485.0,13,7,1295.0
26134.0,55870.31453957271,2485.0,13,7,1295.0
26135.0,55876.31453957271,2485.0,13,7,1295.0
26136.0,55882.31453957271,2485.0,13,7,1295.0
26137.0,55888.31453957271,2485.0,13,7,1295.0
26138.0,55894.31453957271,2485.0,13,7,1295.0
26139.0,55900.31453957271,2485.0,13,7,1295.0
26140.0,55906.31453957271,2485.0,13,7,1295.0
26141.0,55912.31453957271,2485.0,13,7,1295.0
26142.0,55918.31453957271,2485.0,13,7,1295.0
26143.0,55924.31453957271,2485.0,13,7,1295.0
26144.0,55930.31453957271,2485.0,13,7,1295.0
26145.0,55936.31453957271,2485.0,13,7,1295.0
26146.0,55942.31453957271,2485.0,13,7,1295.0
26147.0,55948.31453957271,2485.0,13,7,1295.0
26148.0,55954.31453957271,2485.0,13,7,1295.0
26149.0,55960.31453957271,2485.0,13,7,1295.0
26150.0,55966.31453957271,2485.0,13,7,1295.0
26151.0,55972.31453957271,2485.0,13,7,1295.0
26152.0,55978.31453957271,2485.0,13,7,1295.0
26153.0,55984.31453957271,2485.0,13,7,1295.0
26154.0,55990.31453957271,2485.0,13,7,1295.0
26155.0,55996.31453957271,2485.0,13,7,1295.0
26156.0,56002.31453957271,2485.0,13,7,1295.0
26157.0,56008.31453957271,2485.0,13,7,1295.0
26158.0,56014.31453957271,2485.0,13,7,1295.0
26159.0,56020.31453957271,2485.0,13,7,1295.0
26160.0,56026.31453957271,2485.0,13,7,1295.0
26161.0,56032.31453957271,2485.0,13,7,1295.0
26162.0,56038.31453957271,2485.0,13,7,1295.0
26163.0,56044.31453957271,2485.0,13,7,1295.0
26164.0,56050.31453957271,2485.0,13,7,1295.0
26165.0,56056.31453957271,2485.0,13,7,1295.0
26166.0,56062.31453957271,2485.0,13,7,1295.0
26167.0,56068.31453957271,2485.0,13,7,1295.0
26168.0,56074.31453957271,2485.0,13,7,1295.0
26169.0,56080.31453957271,2485.0,13,7,1295.0
26170.0,56086.31453957271,2485.0,13,7,1295.0
26171.0,56092.31453957271,2485.0,13,7,1295.0
26172.0,56098.31453957271,2485.0,13,7,1295.0
26173.0,56104.31453957271,2485.0,13,7,1295.0
26174.0,56110.31453957271,2485.0,13,7,1295.0
26175.0,56116.31453957271,2485.0,13,7,1295.0
26176.0,56122.31453957271,2485.0,13,7,1295.0
26177.0,56128.31453957271,2485.0,13,7,1295.0
26178.0,56133.31453957271,2485.0,13,7,1295.0
26179.0,56138.31453957271,2485.0,13,7,1295.0
26180.0,56143.31453957271,2485.0,13,7,1295.0
26181.0,56148.31453957271,2485.0,13,7,1295.0
26182.0,56153.31453957271,2485.0,13,7,1295.0
26183.0,56158.31453957271,2485.0,13,7,1295.0
26184.0,56163.31453957271,2485.0,13,7,1295.0
26185.0,56168.31453957271,2485.0,13,7,1295.0
26186.0,56173.31453957271,2485.0,13,7,1295.0
26187.0,56178.31453957271,2485.0,13,7,1295.0
26188.0,56183.31453957271,2485.0,13,7,1295.0
26189.0,56188.31453957271,2485.0,13,7,1295.0
26190.0,56193.31453957271,2485.0,13,7,1295.0
26191.0,56198.31453957271,2485.0,13,7,1295.0
26192.0,56203.31453957271,2485.0,13,7,1295.0
26193.0,56208.31453957271,2485.0,13,7,1295.0
26194.0,56213.31453957271,2485.0,13,7,1295.0
26195.0,56218.31453957271,2485.0,13,7,1295.0
26196.0,56223.31453957271,2485.0,13,7,1295.0
26197.0,56228.31453957271,2485.0,13,7,1295.0
26198.0,56233.31453957271,2485.0,13,7,1295.0
26199.0,56238.31453957271,2485.0,13,7,1295.0
26200.0,56243.31453957271,2485.0,13,7,1295.0
26201.0,56248.31453957271,2485.0,13,7,1295.0
26202.0,56253.31453957271,2485.0,13,7,1295.0
26203.0,56258.31453957271,2485.0,13,7,1295.0
26204.0,56263.31453957271,2485.0,13,7,1295.0
26205.0,56268.31453957271,2485.0,13,7,1295.0
26206.0,56273.31453957271,2485.0,13,7,1295.0
26207.0,56278.31453957271,2485.0,13,7,1295.0
26208.0,56283.31453957271,2485.0,13,7,1295.0
26209.0,56288.31453957271,2485.0,13,7,1295.0
26210.0,56293.31453957271,2485.0,13,7,1295.0
26211.0,56298.31453957271,2485.0,13,7,1295.0
26212.0,56303.31453957271,2485.0,13,7,1295.0
26213.0,56308.31453957271,2485.0,13,7,1295.0
26214.0,56313.31453957271,2485.0,13,7,1295.0
26215.0,56318.31453957271,2485.0,13,7,1295.0
26216.0,56323.31453957271,2485.0,13,7,1295.0
26217.0,56328.31453957271,2485.0,13,7,1295.0
26218.0,56333.31453957271,2485.0,13,7,1295.0
26219.0,56338.31453957271,2485.0,13,7,1295.0
26220.0,56343.31453957271,2485.0,13,7,1295.0
26221.0,56348.31453957271,2485.0,13,7,1295.0
26222.0,56353.31453957271,2485.0,13,7,1295.0
26223.0,56358.31453957271,2485.0,13,7,1295.0
26224.0,56363.31453957271,2485.0,13,7,1295.0
26225.0,56368.31453957271,2485.0,13,7,1295.0
26226.0,56373.31453957271,2485.0,13,7,1295.0
26227.0,56378.31453957271,2485.0,13,7,1295.0
26228.0,56383.31453957271,2485.0,13,7,1295.0
26229.0,56388.31453957271,2485.0,13,7,1295.0
26230.0,56393.31453957271,2485.0,13,7,1295.0
26231.0,56398.31453957271,2485.0,13,7,1295.0
26232.0,56403.31453957271,2485.0,13,7,1295.0
26233.0,56408.31453957271,2485.0,13,7,1295.0
26234.0,56413.31453957271,2485.0,13,7,1295.0
26235.0,56418.31453957271,2485.0,13,7,1295.0
26236.0,56423.31453957271,2485.0,13,7,1295.0
26237.0,56428.31453957271,2485.0,13,7,1295.0
26238.0,56433.31453957271,2485.0,13,7,1295.0
26239.0,56438.31453957271,2485.0,13,7,1295.0
26240.0,56443.31453957271,2485.0,13,7,1295.0
26241.0,56448.314539572704,2485.0,13,7,1295.0
26242.0,56453.314539572704,2485.0,13,7,1295.0
26243.0,56458.314539572704,2485.0,13,7,1295.0
26244.0,56463.314539572704,2485.0,13,7,1295.0
26245.0,56468.314539572704,2485.0,13,7,1295.0
26246.0,56473.314539572704,2485.0,13,7,1295.0
26247.0,56478.314539572704,2485.0,13,7,1295.0
26248.0,56483.314539572704,2485.0,13,7,1295.0
26249.0,56488.314539572704,2485.0,13,7,1295.0
26250.0,56493.314539572704,2485.0,13,7,1295.0
26251.0,56498.314539572704,2485.0,13,7,1295.0
26252.0,56503.314539572704,2485.0,13,7,1295.0
26253.0,56508.314539572704,2485.0,13,7,1295.0
26254.0,56513.314539572704,2485.0,13,7,1295.0
26255.0,56518.314539572704,2485.0,13,7,1295.0
26256.0,56523.314539572704,2485.0,13,7,1295.0
26257.0,56528.314539572704,2485.0,13,7,1295.0
26258.0,56533.314539572704,2485.0,13,7,1295.0
26259.0,56538.314539572704,2485.0,13,7,1295.0
26260.0,56543.314539572704,2485.0,13,7,1295.0
26261.0,56548.314539572704,2485.0,13,7,1295.0
26262.0,56553.314539572704,2485.0,13,7,1295.0
26263.0,56558.314539572704,2485.0,13,7,1295.0
26264.0,56563.314539572704,2485.0,13,7,1295.0
26265.0,56568.314539572704,2485.0,13,7,1295.0
26266.0,56573.314539572704,2485.0,13,7,1295.0
26267.0,56578.314539572704,2485.0,13,7,1295.0
26268.0,56583.314539572704,2485.0,13,7,1295.0
26269.0,56588.314539572704,2485.0,13,7,1295.0
26270.0,56593.314539572704,2485.0,13,7,1295.0
26271.0,56598.314539572704,2485.0,13,7,1295.0
26272.0,56603.314539572704,2485.0,13,7,1295.0
26273.0,56608.314539572704,2485.0,13,7,1295.0
26274.0,56613.314539572704,2485.0,13,7,1295.0
26275.0,56618.314539572704,2485.0,13,7,1295.0
26276.0,56623.314539572704,2485.0,13,7,1295.0
26277.0,56628.314539572704,2485.0,13,7,1295.0
26278.0,56633.314539572704,2485.0,13,7,1295.0
26279.0,56638.314539572704,2485.0,13,7,1295.0
26280.0,56643.314539572704,2485.0,13,7,1295.0
26281.0,56648.314539572704,2485.0,13,7,1295.0
26282.0,56653.314539572704,2485.0,13,7,1295.0
26283.0,56658.314539572704,2485.0,13,7,1295.0
26284.0,56663.314539572704,2485.0,13,7,1295.0
26285.0,56668.314539572704,2485.0,13,7,1295.0
26286.0,56673.314539572704,2485.0,13,7,1295.0
26287.0,56678.314539572704,2485.0,13,7,1295.0
26288.0,56683.314539572704,2485.0,13,7,1295.0
26289.0,56688.314539572704,2485.0,13,7,1295.0
26290.0,56693.314539572704,2485.0,13,7,1295.0
26291.0,56698.314539572704,2485.0,13,7,1295.0
26292.0,56703.314539572704,2485.0,13,7,1295.0
26293.0,56708.314539572704,2485.0,13,7,1295.0
26294.0,56713.314539572704,2485.0,13,7,1295.0
26295.0,56718.314539572704,2485.0,13,7,1295.0
26296.0,56723.314539572704,2485.0,13,7,1295.0
26297.0,56728.314539572704,2485.0,13,7,1295.0
26298.0,56733.314539572704,2485.0,13,7,1295.0
26299.0,56738.314539572704,2485.0,13,7,1295.0
26300.0,56743.314539572704,2485.0,13,7,1295.0
26301.0,56748.314539572704,2485.0,13,7,1295.0
26302.0,56753.314539572704,2485.0,13,7,1295.0
26303.0,56758.314539572704,2485.0,13,7,1295.0
26304.0,56763.314539572704,2485.0,13,7,1295.0
26305.0,56768.314539572704,2485.0,13,7,1295.0
26306.0,56773.314539572704,2485.0,13,7,1295.0
26307.0,56778.314539572704,2485.0,13,7,1295.0
26308.0,56783.314539572704,2485.0,13,7,1295.0
26309.0,56788.314539572704,2485.0,13,7,1295.0
26310.0,56793.314539572704,2485.0,13,7,1295.0
26311.0,56798.314539572704,2485.0,13,7,1295.0
26312.0,56803.314539572704,2485.0,13,7,1295.0
26313.0,56808.314539572704,2485.0,13,7,1295.0
26314.0,56813.314539572704,2485.0,13,7,1295.0
26315.0,56818.314539572704,2485.0,13,7,1295.0
26316.0,56823.314539572704,2485.0,13,7,1295.0
26317.0,56828.314539572704,2485.0,13,7,1295.0
26318.0,56833.314539572704,2485.0,13,7,1295.0
26319.0,56838.314539572704,2485.0,13,7,1295.0
26320.0,56843.314539572704,2485.0,13,7,1295.0
26321.0,56848.314539572704,2485.0,13,7,1295.0
26322.0,56853.314539572704,2485.0,13,7,1295.0
26323.0,56858.314539572704,2485.0,13,7,1295.0
26324.0,56863.314539572704,2485.0,13,7,1295.0
26325.0,56868.314539572704,2485.0,13,7,1295.0
26326.0,56873.314539572704,2485.0,13,7,1295.0
26327.0,56878.314539572704,2485.0,13,7,1295.0
26328.0,56883.314539572704,2485.0,13,7,1295.0
26329.0,56888.314539572704,2485.0,13,7,1295.0
26330.0,56893.314539572704,2485.0,13,7,1295.0
26331.0,56898.314539572704,2485.0,13,7,1295.0
26332.0,56903.314539572704,2485.0,13,7,1295.0
26333.0,56908.314539572704,2485.0,13,7,1295.0
26334.0,56913.314539572704,2485.0,13,7,1295.0
26335.0,56918.314539572704,2485.0,13,7,1295.0
26336.0,56923.314539572704,2485.0,13,7,1295.0
26337.0,56928.314539572704,2485.0,13,7,1295.0
26338.0,56933.314539572704,2485.0,13,7,1295.0
26339.0,56938.314539572704,2485.0,13,7,1295.0
26340.0,56943.314539572704,2485.0,13,7,1295.0
26341.0,56948.314539572704,2485.0,13,7,1295.0
26342.0,56953.314539572704,2485.0,13,7,1295.0
26343.0,56958.314539572704,2485.0,13,7,1295.0
26344.0,56963.314539572704,2485.0,13,7,1295.0
26345.0,56968.314539572704,2485.0,13,7,1295.0
26346.0,56973.314539572704,2485.0,13,7,1295.0
26347.0,56978.314539572704,2485.0,13,7,1295.0
26348.0,56983.314539572704,2485.0,13,7,1295.0
26349.0,56988.314539572704,2485.0,13,7,1295.0
26350.0,56993.314539572704,2485.0,13,7,1295.0
26351.0,56998.314539572704,2485.0,13,7,1295.0
26352.0,57003.314539572704,2485.0,13,7,1295.0
26353.0,57008.314539572704,2485.0,13,7,1295.0
26354.0,57013.314539572704,2485.0,13,7,1295.0
26355.0,57018.314539572704,2485.0,13,7,1295.0
26356.0,57023.314539572704,2485.0,13,7,1295.0
26357.0,57028.314539572704,2485.0,13,7,1295.0
26358.0,57033.314539572704,2485.0,13,7,1295.0
26359.0,57038.314539572704,2485.0,13,7,1295.0
26360.0,57043.314539572704,2485.0,13,7,1295.0
26361.0,57048.314539572704,2485.0,13,7,1295.0
26362.0,57053.314539572704,2485.0,13,7,1295.0
26363.0,57058.314539572704,2485.0,13,7,1295.0
26364.0,57063.314539572704,2485.0,13,7,1295.0
26365.0,57068.314539572704,2485.0,13,7,1295.0
26366.0,57073.314539572704,2485.0,13,7,1295.0
26367.0,57078.274169140015,2485.0,13,7,1295.0
26368.0,57083.14096868721,2485.0,13,7,1295.0
26369.0,57087.91043224347,2485.0,13,7,1295.0
26370.0,57092.584506528605,2485.0,13,7,1295.0
26371.0,57097.165099328035,2485.0,13,7,1295.0
26372.0,57101.65408027149,2485.0,13,7,1295.0
26373.0,57106.053281596054,2485.0,13,7,1295.0
26374.0,57110.36449889413,2485.0,13,7,1295.0
26375.0,57114.58949184625,2485.0,13,7,1295.0
26376.0,57118.72998493933,2485.0,13,7,1295.0
26377.0,57122.78766817055,2485.0,13,7,1295.0
26378.0,57126.764197737146,2485.0,13,7,1295.0
26379.0,57130.661196712404,2485.0,13,7,1295.0
26380.0,57134.48025570816,2485.0,13,7,1295.0
26381.0,57138.222933524,2485.0,13,7,1295.0
26382.0,57141.89075778352,2485.0,13,7,1295.0
26383.0,57145.48522555785,2485.0,13,7,1295.0
26384.0,57149.007803976696,2485.0,13,7,1295.0
26385.0,57152.459930827164,2485.0,13,7,1295.0
26386.0,57155.84301514063,2485.0,13,7,1295.0
26387.0,57159.15843776782,2485.0,13,7,1295.0
26388.0,57162.407551942466,2485.0,13,7,1295.0
26389.0,57165.59168383362,2485.0,13,7,1295.0
26390.0,57168.712133086956,2485.0,13,7,1295.0
26391.0,57171.77017335521,2485.0,13,7,1295.0
26392.0,57174.76705281812,2485.0,13,7,1295.0
26393.0,57177.703994691765,2485.0,13,7,1295.0
26394.0,57180.58219772792,2485.0,13,7,1295.0
26395.0,57183.402836703375,2485.0,13,7,1295.0
26396.0,57186.1670628993,2485.0,13,7,1295.0
26397.0,57188.87600457132,2485.0,13,7,1295.0
26398.0,57191.530767409895,2485.0,13,7,1295.0
26399.0,57194.132434991705,2485.0,13,7,1295.0
26400.0,57196.682069221875,2485.0,13,7,1295.0
26401.0,57199.18071076744,2485.0,13,7,1295.0
26402.0,57201.629379482096,2485.0,13,7,1295.0
26403.0,57204.02907482245,2485.0,13,7,1295.0
26404.0,57206.38077625601,2485.0,13,7,1295.0
26405.0,57208.6854436609,2485.0,13,7,1295.0
26406.0,57210.94401771768,2485.0,13,7,1295.0
26407.0,57213.15742029333,2485.0,13,7,1295.0
26408.0,57215.32655481747,2485.0,13,7,1295.0
26409.0,57217.45230665112,2485.0,13,7,1295.0
26410.0,57219.5355434481,2485.0,13,7,1295.0
26411.0,57221.57711550914,2485.0,13,7,1295.0
26412.0,57223.57785612896,2485.0,13,7,1295.0
26413.0,57225.53858193639,2485.0,13,7,1295.0
26414.0,57227.460093227666,2485.0,13,7,1295.0
26415.0,57229.34317429311,2485.0,13,7,1295.0
26416.0,57231.18859373725,2485.0,13,7,1295.0
26417.0,57232.997104792514,2485.0,13,7,1295.0
26418.0,57234.76944562666,2485.0,13,7,1295.0
26419.0,57236.50633964413,2485.0,13,7,1295.0
26420.0,57238.208495781255,2485.0,13,7,1295.0
26421.0,57239.87660879563,2485.0,13,7,1295.0
26422.0,57241.511359549724,2485.0,13,7,1295.0
26423.0,57243.11341528873,2485.0,13,7,1295.0
26424.0,57244.68342991296,2485.0,13,7,1295.0
26425.0,57246.2220442447,2485.0,13,7,1295.0
26426.0,57247.72988628981,2485.0,13,7,1295.0
26427.0,57249.20757149402,2485.0,13,7,1295.0
26428.0,57250.65570299414,2485.0,13,7,1295.0
26429.0,57252.07487186426,2485.0,13,7,1295.0
26430.0,57253.46565735698,2485.0,13,7,1295.0
26431.0,57254.82862713984,2485.0,13,7,1295.0
26432.0,57256.16433752705,2485.0,13,7,1295.0
26433.0,57257.473333706504,2485.0,13,7,1295.0
26434.0,57258.756149962384,2485.0,13,7,1295.0
26435.0,57260.01330989314,2485.0,13,7,1295.0
26436.0,57261.245326625285,2485.0,13,7,1295.0
26437.0,57262.45270302278,2485.0,13,7,1295.0
26438.0,57263.63593189233,2485.0,13,7,1295.0
26439.0,57264.79549618447,2485.0,13,7,1295.0
26440.0,57265.93186919079,2485.0,13,7,1295.0
26441.0,57267.04551473698,2485.0,13,7,1295.0
26442.0,57268.136887372246,2485.0,13,7,1295.0
26443.0,57269.2064325548,2485.0,13,7,1295.0
26444.0,57270.25458683371,2485.0,13,7,1295.0
26445.0,57271.28177802704,2485.0,13,7,1295.0
26446.0,57272.2884253965,2485.0,13,7,1295.0
26447.0,57273.274939818584,2485.0,13,7,1295.0
26448.0,57274.241723952204,2485.0,13,7,1295.0
26449.0,57275.18917240317,2485.0,13,7,1295.0
26450.0,57276.117671885106,2485.0,13,7,1295.0
26451.0,57277.027601377406,2485.0,13,7,1295.0
26452.0,57277.91933227987,2485.0,13,7,1295.0
26453.0,57278.793228564275,2485.0,13,7,1295.0
26454.0,57279.64964692299,2485.0,13,7,1295.0
26455.0,57280.48893691454,2485.0,13,7,1295.0
26456.0,57281.31144110625,2485.0,13,7,1295.0
26457.0,57282.11749521412,2485.0,13,7,1295.0
26458.0,57282.90742823984,2485.0,13,7,1295.0
26459.0,57283.68156260505,2485.0,13,7,1295.0
26460.0,57284.440214282964,2485.0,13,7,1295.0
26461.0,57285.1836929273,2485.0,13,7,1295.0
26462.0,57285.91230199875,2485.0,13,7,1295.0
26463.0,57286.62633888878,2485.0,13,7,1295.0
26464.0,57287.32609504102,2485.0,13,7,1295.0
26465.0,57288.011856070196,2485.0,13,7,1295.0
26466.0,57288.683901878794,2485.0,13,7,1295.0
26467.0,57289.34250677122,2485.0,13,7,1295.0
26468.0,57289.9879395658,2485.0,13,7,1295.0
26469.0,57290.62046370449,2485.0,13,7,1295.0
26470.0,57291.240337360396,2485.0,13,7,1295.0
26471.0,57291.847813543194,2485.0,13,7,1295.0
26472.0,57292.443140202326,2485.0,13,7,1295.0
26473.0,57293.02656032829,2485.0,13,7,1295.0
26474.0,57293.598312051734,2485.0,13,7,1295.0
26475.0,57294.1586287407,2485.0,13,7,1295.0
26476.0,57294.70773909589,2485.0,13,7,1295.0
26477.0,57295.24586724397,2485.0,13,7,1295.0
26478.0,57295.773232829095,2485.0,13,7,1295.0
26479.0,57296.29005110252,2485.0,13,7,1295.0
26480.0,57296.79653301047,2485.0,13,7,1295.0
26481.0,57297.29288528026,2485.0,13,7,1295.0
26482.0,57297.77931050466,2485.0,13,7,1295.0
26483.0,57298.256007224576,2485.0,13,7,1295.0
26484.0,57298.72317001008,2485.0,13,7,1295.0
26485.0,57299.180989539884,2485.0,13,7,1295.0
26486.0,57299.62965267909,2485.0,13,7,1295.0
26487.0,57300.06934255551,2485.0,13,7,1295.0
26488.0,57300.500238634406,2485.0,13,7,1295.0
26489.0,57300.92251679172,2485.0,13,7,1295.0
26490.0,57301.33634938589,2485.0,13,7,1295.0
26491.0,57301.74190532818,2485.0,13,7,1295.0
26492.0,57302.139350151614,2485.0,13,7,1295.0
26493.0,57302.52884607858,2485.0,13,7,1295.0
26494.0,57302.910552087014,2485.0,13,7,1295.0
26495.0,57303.284623975276,2485.0,13,7,1295.0
26496.0,57303.65121442578,2485.0,13,7,1295.0
26497.0,57304.01047306727,2485.0,13,7,1295.0
26498.0,57304.36254653592,2485.0,13,7,1295.0
26499.0,57304.70757853521,2485.0,13,7,1295.0
26500.0,57305.045709894504,2485.0,13,7,1295.0
26501.0,57305.377078626625,2485.0,13,7,1295.0
26502.0,57305.70181998409,2485.0,13,7,1295.0
26503.0,57306.020066514415,2485.0,13,7,1295.0
26504.0,57306.33194811413,2485.0,13,7,1295.0
26505.0,57306.63759208185,2485.0,13,7,1295.0
26506.0,57306.93712317022,2485.0,13,7,1295.0
26507.0,57307.23066363681,2485.0,13,7,1295.0
26508.0,57307.51833329408,2485.0,13,7,1295.0
26509.0,57307.8002495582,2485.0,13,7,1295.0
26510.0,57308.07652749704,2485.0,13,7,1295.0
26511.0,57308.3472798771,2485.0,13,7,1295.0
26512.0,57308.61261720957,2485.0,13,7,1295.0
26513.0,57308.872647795375,2485.0,13,7,1295.0
26514.0,57309.12747776948,2485.0,13,7,1295.0
26515.0,57309.37721114409,2485.0,13,7,1295.0
26516.0,57309.62194985121,2485.0,13,7,1295.0
26517.0,57309.861793784185,2485.0,13,7,1295.0
26518.0,57310.09684083851,2485.0,13,7,1295.0
26519.0,57310.32718695174,2485.0,13,7,1295.0
26520.0,57310.552926142715,2485.0,13,7,1295.0
26521.0,57310.774150549856,2485.0,13,7,1295.0
26522.0,57310.99095046886,2485.0,13,7,1295.0
26523.0,57311.2034143895,2485.0,13,7,1295.0
26524.0,57311.4116290317,2485.0,13,7,1295.0
26525.0,57311.61567938107,2485.0,13,7,1295.0
26526.0,57311.81564872345,2485.0,13,7,1295.0
26527.0,57312.011618679,2485.0,13,7,1295.0
26528.0,57312.20366923541,2485.0,13,7,1295.0
26529.0,57312.3918787807,2485.0,13,7,1295.0
26530.0,57312.576324135094,2485.0,13,7,1295.0
26531.0,57312.7570805824,2485.0,13,7,1295.0
26532.0,57312.93422190076,2485.0,13,7,1295.0
26533.0,57313.10782039274,2485.0,13,7,1295.0
26534.0,57313.27794691489,2485.0,13,7,1295.0
26535.0,57313.44467090659,2485.0,13,7,1295.0
26536.0,57313.60806041846,2485.0,13,7,1295.0
26537.0,57313.76818214009,2485.0,13,7,1295.0
26538.0,57313.925101427296,2485.0,13,7,1295.0
26539.0,57314.07888232876,2485.0,13,7,1295.0
26540.0,57314.229587612186,2485.0,13,7,1295.0
26541.0,57314.37727878994,2485.0,13,7,1295.0
26542.0,57314.522016144154,2485.0,13,7,1295.0
26543.0,57314.66385875127,2485.0,13,7,1295.0
26544.0,57314.802864506244,2485.0,13,7,1295.0
26545.0,57314.93909014613,2485.0,13,7,1295.0
26546.0,57315.07259127321,2485.0,13,7,1295.0
26547.0,57315.203422377745,2485.0,13,7,1295.0
26548.0,57315.331636860195,2485.0,13,7,1295.0
26549.0,57315.457287052996,2485.0,13,7,1295.0
26550.0,57315.58042424193,2485.0,13,7,1295.0
26551.0,57315.7010986871,2485.0,13,7,1295.0
26552.0,57315.81935964336,2485.0,13,7,1295.0
26553.0,57315.9352553805,2485.0,13,7,1295.0
26554.0,57316.0488332029,2485.0,13,7,1295.0
26555.0,57316.16013946884,2485.0,13,7,1295.0
26556.0,57316.269219609465,2485.0,13,7,1295.0
26557.0,57316.37611814728,2485.0,13,7,1295.0
26558.0,57316.480878714334,2485.0,13,7,1295.0
26559.0,57316.583544070054,2485.0,13,7,1295.0
26560.0,57316.66424251271,2486.0,13,7,1294.0
26561.0,57316.66424251271,2491.0,13,7,1289.0
26562.0,57316.66424251271,2496.0,13,7,1284.0
26563.0,57316.66424251271,2501.0,13,7,1279.0
26564.0,57316.66424251271,2506.0,13,7,1274.0
26565.0,57316.66424251271,2511.0,13,7,1269.0
26566.0,57316.66424251271,2516.0,13,7,1264.0
26567.0,57316.66424251271,2521.0,13,7,1259.0
26568.0,57316.66424251271,2526.0,13,7,1254.0
26569.0,57316.66424251271,2531.0,13,7,1249.0
26570.0,57316.66424251271,2536.0,13,7,1244.0
26571.0,57316.66424251271,2541.0,13,7,1239.0
26572.0,57316.66424251271,2546.0,13,7,1234.0
26573.0,57316.66424251271,2551.0,13,7,1229.0
26574.0,57316.66424251271,2556.0,13,7,1224.0
26575.0,57316.66424251271,2561.0,13,7,1219.0
26576.0,57316.66424251271,2566.0,13,7,1214.0
26577.0,57316.66424251271,2571.0,13,7,1209.0
26578.0,57316.66424251271,2576.0,13,7,1204.0
26579.0,57316.66424251271,2581.0,13,7,1199.0
26580.0,57316.66424251271,2586.0,13,7,1194.0
26581.0,57316.66424251271,2591.0,13,7,1189.0
26582.0,57316.66424251271,2596.0,13,7,1184.0
26583.0,57316.66424251271,2601.0,13,7,1179.0
26584.0,57316.66424251271,2606.0,13,7,1174.0
26585.0,57316.66424251271,2611.0,13,7,1169.0
26586.0,57316.66424251271,2616.0,13,7,1164.0
26587.0,57316.66424251271,2621.0,13,7,1159.0
26588.0,57316.66424251271,2626.0,13,7,1154.0
26589.0,57316.66424251271,2631.0,13,7,1149.0
26590.0,57316.66424251271,2636.0,13,7,1144.0
26591.0,57316.66424251271,2641.0,13,7,1139.0
26592.0,57316.66424251271,2646.0,13,7,1134.0
26593.0,57316.66424251271,2651.0,13,7,1129.0
26594.0,57316.66424251271,2656.0,13,7,1124.0
26595.0,57316.66424251271,2660.0,14,6,1120.0
26596.0,57316.71424251271,2660.0,14,6,1120.0
26597.0,57316.964242512695,2660.0,14,6,1120.0
26598.0,57317.23144909827,2660.0,14,6,1120.0
26599.0,57317.73705512631,2660.0,14,6,1120.0
26600.0,57318.49140018502,2660.0,14,6,1120.0
26601.0,57319.4952951143,2660.0,14,6,1120.0
26602.0,57320.748959799916,2660.0,14,6,1120.0
26603.0,57322.252484662225,2660.0,14,6,1120.0
26604.0,57324.00591555041,2660.0,14,6,1120.0
26605.0,57326.00927888776,2660.0,14,6,1120.0
26606.0,57328.2625912831,2660.0,14,6,1120.0
26607.0,57330.765863854154,2660.0,14,6,1120.0
26608.0,57333.519104406965,2660.0,14,6,1120.0
26609.0,57336.52231863186,2660.0,14,6,1120.0
26610.0,57339.775510804415,2660.0,14,6,1120.0
26611.0,57343.278684218174,2660.0,14,6,1120.0
26612.0,57347.031841463904,2660.0,14,6,1120.0
26613.0,57351.034984615995,2660.0,14,6,1120.0
26614.0,57355.28811536095,2660.0,14,6,1120.0
26615.0,57359.79123508829,2660.0,14,6,1120.0
26616.0,57364.54434495621,2660.0,14,6,1120.0
26617.0,57369.49744594015,2660.0,14,6,1120.0
26618.0,57374.49744594015,2660.0,14,6,1120.0
26619.0,57379.49744594015,2660.0,14,6,1120.0
26620.0,57384.49744594015,2660.0,14,6,1120.0
26621.0,57389.49744594015,2660.0,14,6,1120.0
26622.0,57394.49744594015,2660.0,14,6,1120.0
26623.0,57399.49744594015,2660.0,14,6,1120.0
26624.0,57404.49744594015,2660.0,14,6,1120.0
26625.0,57409.49744594015,2660.0,14,6,1120.0
26626.0,57414.49744594015,2660.0,14,6,1120.0
26627.0,57419.49744594015,2660.0,14,6,1120.0
26628.0,57424.49744594015,2660.0,14,6,1120.0
26629.0,57429.49744594015,2660.0,14,6,1120.0
26630.0,57434.49744594015,2660.0,14,6,1120.0
26631.0,57439.49744594015,2660.0,14,6,1120.0
26632.0,57444.49744594015,2660.0,14,6,1120.0
26633.0,57449.49744594015,2660.0,14,6,1120.0
26634.0,57454.49744594015,2660.0,14,6,1120.0
26635.0,57459.49744594015,2660.0,14,6,1120.0
26636.0,57464.49744594015,2660.0,14,6,1120.0
26637.0,57469.49744594015,2660.0,14,6,1120.0
26638.0,57474.49744594015,2660.0,14,6,1120.0
26639.0,57479.49744594015,2660.0,14,6,1120.0
26640.0,57484.49744594015,2660.0,14,6,1120.0
26641.0,57489.49744594015,2660.0,14,6,1120.0
26642.0,57494.49744594015,2660.0,14,6,1120.0
26643.0,57499.49744594015,2660.0,14,6,1120.0
26644.0,57504.49744594015,2660.0,14,6,1120.0
26645.0,57509.49744594015,2660.0,14,6,1120.0
26646.0,57514.49744594015,2660.0,14,6,1120.0
26647.0,57519.49744594015,2660.0,14,6,1120.0
26648.0,57524.49744594015,2660.0,14,6,1120.0
26649.0,57529.49744594015,2660.0,14,6,1120.0
26650.0,57534.49744594015,2660.0,14,6,1120.0
26651.0,57539.49744594015,2660.0,14,6,1120.0
26652.0,57544.49744594015,2660.0,14,6,1120.0
26653.0,57549.49744594015,2660.0,14,6,1120.0
26654.0,57554.49744594015,2660.0,14,6,1120.0
26655.0,57559.49744594015,2660.0,14,6,1120.0
26656.0,57564.49744594015,2660.0,14,6,1120.0
26657.0,57569.49744594015,2660.0,14,6,1120.0
26658.0,57574.49744594015,2660.0,14,6,1120.0
26659.0,57579.49744594015,2660.0,14,6,1120.0
26660.0,57584.49744594015,2660.0,14,6,1120.0
26661.0,57589.49744594015,2660.0,14,6,1120.0
26662.0,57594.49744594015,2660.0,14,6,1120.0
26663.0,57599.49744594015,2660.0,14,6,1120.0
26664.0,57604.49744594015,2660.0,14,6,1120.0
26665.0,57609.49744594015,2660.0,14,6,1120.0
26666.0,57614.49744594015,2660.0,14,6,1120.0
26667.0,57619.49744594015,2660.0,14,6,1120.0
26668.0,57624.49744594015,2660.0,14,6,1120.0
26669.0,57629.49744594015,2660.0,14,6,1120.0
26670.0,57634.49744594015,2660.0,14,6,1120.0
26671.0,57639.49744594015,2660.0,14,6,1120.0
26672.0,57644.49744594015,2660.0,14,6,1120.0
26673.0,57649.49744594015,2660.0,14,6,1120.0
26674.0,57654.49744594015,2660.0,14,6,1120.0
26675.0,57659.49744594015,2660.0,14,6,1120.0
26676.0,57664.49744594015,2660.0,14,6,1120.0
26677.0,57669.49744594015,2660.0,14,6,1120.0
26678.0,57674.49744594015,2660.0,14,6,1120.0
26679.0,57679.49744594015,2660.0,14,6,1120.0
26680.0,57684.49744594015,2660.0,14,6,1120.0
26681.0,57689.49744594015,2660.0,14,6,1120.0
26682.0,57694.49744594015,2660.0,14,6,1120.0
26683.0,57699.49744594015,2660.0,14,6,1120.0
26684.0,57704.49744594015,2660.0,14,6,1120.0
26685.0,57709.49744594015,2660.0,14,6,1120.0
26686.0,57714.49744594015,2660.0,14,6,1120.0
26687.0,57719.49744594015,2660.0,14,6,1120.0
26688.0,57724.49744594015,2660.0,14,6,1120.0
26689.0,57729.49744594015,2660.0,14,6,1120.0
26690.0,57734.49744594015,2660.0,14,6,1120.0
26691.0,57739.49744594015,2660.0,14,6,1120.0
26692.0,57744.49744594015,2660.0,14,6,1120.0
26693.0,57749.49744594015,2660.0,14,6,1120.0
26694.0,57754.49744594015,2660.0,14,6,1120.0
26695.0,57759.49744594015,2660.0,14,6,1120.0
26696.0,57764.49744594015,2660.0,14,6,1120.0
26697.0,57769.49744594015,2660.0,14,6,1120.0
26698.0,57774.49744594015,2660.0,14,6,1120.0
26699.0,57779.49744594015,2660.0,14,6,1120.0
26700.0,57784.49744594015,2660.0,14,6,1120.0
26701.0,57789.49744594015,2660.0,14,6,1120.0
26702.0,57794.49744594015,2660.0,14,6,1120.0
26703.0,57799.49744594015,2660.0,14,6,1120.0
26704.0,57804.49744594015,2660.0,14,6,1120.0
26705.0,57809.49744594015,2660.0,14,6,1120.0
26706.0,57814.49744594015,2660.0,14,6,1120.0
26707.0,57819.49744594015,2660.0,14,6,1120.0
26708.0,57824.49744594015,2660.0,14,6,1120.0
26709.0,57829.49744594015,2660.0,14,6,1120.0
26710.0,57834.49744594015,2660.0,14,6,1120.0
26711.0,57839.49744594015,2660.0,14,6,1120.0
26712.0,57844.49744594015,2660.0,14,6,1120.0
26713.0,57849.49744594015,2660.0,14,6,1120.0
26714.0,57854.49744594015,2660.0,14,6,1120.0
26715.0,57859.49744594015,2660.0,14,6,1120.0
26716.0,57864.49744594015,2660.0,14,6,1120.0
26717.0,57869.49744594015,2660.0,14,6,1120.0
26718.0,57874.49744594015,2660.0,14,6,1120.0
26719.0,57879.49744594015,2660.0,14,6,1120.0
26720.0,57884.49744594015,2660.0,14,6,1120.0
26721.0,57889.49744594015,2660.0,14,6,1120.0
26722.0,57894.49744594015,2660.0,14,6,1120.0
26723.0,57899.49744594015,2660.0,14,6,1120.0
26724.0,57904.49744594015,2660.0,14,6,1120.0
26725.0,57909.49744594015,2660.0,14,6,1120.0
26726.0,57914.49744594015,2660.0,14,6,1120.0
26727.0,57919.49744594015,2660.0,14,6,1120.0
26728.0,57924.49744594015,2660.0,14,6,1120.0
26729.0,57929.49744594015,2660.0,14,6,1120.0
26730.0,57934.49744594015,2660.0,14,6,1120.0
26731.0,57939.49744594015,2660.0,14,6,1120.0
26732.0,57944.49744594015,2660.0,14,6,1120.0
26733.0,57949.49744594015,2660.0,14,6,1120.0
26734.0,57954.49744594015,2660.0,14,6,1120.0
26735.0,57959.49744594015,2660.0,14,6,1120.0
26736.0,57964.49744594015,2660.0,14,6,1120.0
26737.0,57969.49744594015,2660.0,14,6,1120.0
26738.0,57974.49744594015,2660.0,14,6,1120.0
26739.0,57979.49744594015,2660.0,14,6,1120.0
26740.0,57984.49744594015,2660.0,14,6,1120.0
26741.0,57989.49744594015,2660.0,14,6,1120.0
26742.0,57994.49744594015,2660.0,14,6,1120.0
26743.0,57999.49744594015,2660.0,14,6,1120.0
26744.0,58004.49744594015,2660.0,14,6,1120.0
26745.0,58009.49744594015,2660.0,14,6,1120.0
26746.0,58014.49744594015,2660.0,14,6,1120.0
26747.0,58019.49744594015,2660.0,14,6,1120.0
26748.0,58024.49744594015,2660.0,14,6,1120.0
26749.0,58029.49744594015,2660.0,14,6,1120.0
26750.0,58034.49744594015,2660.0,14,6,1120.0
26751.0,58039.49744594015,2660.0,14,6,1120.0
26752.0,58044.49744594015,2660.0,14,6,1120.0
26753.0,58049.49744594015,2660.0,14,6,1120.0
26754.0,58054.49744594015,2660.0,14,6,1120.0
26755.0,58059.49744594015,2660.0,14,6,1120.0
26756.0,58064.49744594015,2660.0,14,6,1120.0
26757.0,58069.49744594015,2660.0,14,6,1120.0
26758.0,58074.49744594015,2660.0,14,6,1120.0
26759.0,58079.49744594015,2660.0,14,6,1120.0
26760.0,58084.49744594015,2660.0,14,6,1120.0
26761.0,58089.49744594015,2660.0,14,6,1120.0
26762.0,58094.49744594015,2660.0,14,6,1120.0
26763.0,58099.49744594015,2660.0,14,6,1120.0
26764.0,58104.49744594015,2660.0,14,6,1120.0
26765.0,58109.49744594015,2660.0,14,6,1120.0
26766.0,58114.49744594015,2660.0,14,6,1120.0
26767.0,58119.49744594015,2660.0,14,6,1120.0
26768.0,58124.49744594015,2660.0,14,6,1120.0
26769.0,58129.49744594015,2660.0,14,6,1120.0
26770.0,58134.49744594015,2660.0,14,6,1120.0
26771.0,58139.49744594015,2660.0,14,6,1120.0
26772.0,58144.49744594015,2660.0,14,6,1120.0
26773.0,58149.49744594015,2660.0,14,6,1120.0
26774.0,58154.49744594015,2660.0,14,6,1120.0
26775.0,58159.49744594015,2660.0,14,6,1120.0
26776.0,58164.49744594015,2660.0,14,6,1120.0
26777.0,58169.49744594015,2660.0,14,6,1120.0
26778.0,58174.49744594015,2660.0,14,6,1120.0
26779.0,58179.49744594015,2660.0,14,6,1120.0
26780.0,58184.49744594015,2660.0,14,6,1120.0
26781.0,58189.49744594015,2660.0,14,6,1120.0
26782.0,58194.49744594015,2660.0,14,6,1120.0
26783.0,58199.49744594015,2660.0,14,6,1120.0
26784.0,58203.69500128003,2660.0,14,6,1120.0
26785.0,58206.25149912192,2660.0,14,6,1120.0
26786.0,58208.269823278286,2660.0,14,6,1120.0
26787.0,58210.70107853461,2660.0,14,6,1120.0
26788.0,58213.54179997635,2660.0,14,6,1120.0
26789.0,58216.74392808321,2660.0,14,6,1120.0
26790.0,58220.30898041361,2660.0,14,6,1120.0
26791.0,58224.238667578364,2660.0,14,6,1120.0
26792.0,58228.53491701424,2660.0,14,6,1120.0
26793.0,58233.199896641985,2660.0,14,6,1120.0
26794.0,58238.23603658092,2660.0,14,6,1120.0
26795.0,58243.64604633588,2660.0,14,6,1120.0
26796.0,58249.43292413646,2660.0,14,6,1120.0
26797.0,58255.59995462773,2660.0,14,6,1120.0
26798.0,58262.15069121052,2660.0,14,6,1120.0
26799.0,58269.07301827277,2660.0,14,6,1120.0
26800.0,58276.321121117115,2660.0,14,6,1120.0
26801.0,58283.89938671689,2660.0,14,6,1120.0
26802.0,58291.812222585606,2660.0,14,6,1120.0
26803.0,58300.02318828362,2660.0,14,6,1120.0
26804.0,58307.41805446868,2660.0,14,6,1120.0
26805.0,58314.860030914126,2660.0,14,6,1120.0
26806.0,58322.30285578856,2660.0,14,6,1120.0
26807.0,58329.74998172902,2660.0,14,6,1120.0
26808.0,58337.20456364759,2660.0,14,6,1120.0
26809.0,58344.669460748795,2660.0,14,6,1120.0
26810.0,58352.14724893477,2660.0,14,6,1120.0
26811.0,58359.64023990292,2660.0,14,6,1120.0
26812.0,58367.15050383752,2660.0,14,6,1120.0
26813.0,58374.67989335912,2660.0,14,6,1120.0
26814.0,58382.23006712946,2660.0,14,6,1120.0
26815.0,58389.802512117014,2660.0,14,6,1120.0
26816.0,58397.39856398417,2660.0,14,6,1120.0
26817.0,58405.019425372666,2660.0,14,6,1120.0
26818.0,58412.660176247846,2660.0,14,6,1120.0
26819.0,58420.28811210553,2660.0,14,6,1120.0
26820.0,58427.903489246055,2660.0,14,6,1120.0
26821.0,58435.50655884378,2660.0,14,6,1120.0
26822.0,58443.097567049546,2660.0,14,6,1120.0
26823.0,58450.67675509119,2660.0,14,6,1120.0
26824.0,58458.24435937201,2660.0,14,6,1120.0
26825.0,58465.80061156721,2660.0,14,6,1120.0
26826.0,58473.345738718504,2660.0,14,6,1120.0
26827.0,58480.87996332678,2660.0,14,6,1120.0
26828.0,58488.38489400133,2660.0,14,6,1120.0
26829.0,58495.85972606239,2660.0,14,6,1120.0
26830.0,58503.30506148222,2660.0,14,6,1120.0
26831.0,58510.717787742884,2660.0,14,6,1120.0
26832.0,58518.08225947833,2660.0,14,6,1120.0
26833.0,58525.399441779075,2660.0,14,6,1120.0
26834.0,58532.6702804338,2660.0,14,6,1120.0
26835.0,58539.895702315436,2660.0,14,6,1120.0
26836.0,58546.15728123039,2660.0,14,6,1120.0
26837.0,58552.37362856705,2660.0,14,6,1120.0
26838.0,58558.54564895698,2660.0,14,6,1120.0
26839.0,58564.674228939104,2660.0,14,6,1120.0
26840.0,58570.76023732159,2660.0,14,6,1120.0
26841.0,58575.9175627046,2660.0,14,6,1120.0
26842.0,58581.03824307842,2660.0,14,6,1120.0
26843.0,58586.09650984477,2660.0,14,6,1120.0
26844.0,58591.09361127579,2660.0,14,6,1120.0
26845.0,58596.03077067818,2660.0,14,6,1120.0
26846.0,58600.897634383386,2660.0,14,6,1120.0
26847.0,58605.68716081448,2660.0,14,6,1120.0
26848.0,58610.40089671694,2660.0,14,6,1120.0
26849.0,58615.04035790136,2660.0,14,6,1120.0
26850.0,58619.60702986209,2660.0,14,6,1120.0
26851.0,58624.10236838362,2660.0,14,6,1120.0
26852.0,58628.52780013471,2660.0,14,6,1120.0
26853.0,58632.884723250776,2660.0,14,6,1120.0
26854.0,58637.174507904514,2660.0,14,6,1120.0
26855.0,58641.39849686519,2660.0,14,6,1120.0
26856.0,58645.55800604664,2660.0,14,6,1120.0
26857.0,58649.654325044474,2660.0,14,6,1120.0
26858.0,58653.68871766234,2660.0,14,6,1120.0
26859.0,58657.662422427864,2660.0,14,6,1120.0
26860.0,58661.57665309807,2660.0,14,6,1120.0
26861.0,58665.43259915486,2660.0,14,6,1120.0
26862.0,58669.23142629053,2660.0,14,6,1120.0
26863.0,58672.97427688347,2660.0,14,6,1120.0
26864.0,58676.66227046457,2660.0,14,6,1120.0
26865.0,58680.29650417403,2660.0,14,6,1120.0
26866.0,58683.878053209315,2660.0,14,6,1120.0
26867.0,58687.4079712639,2660.0,14,6,1120.0
26868.0,58690.88729095737,2660.0,14,6,1120.0
26869.0,58694.31702425699,2660.0,14,6,1120.0
26870.0,58697.698162890614,2660.0,14,6,1120.0
26871.0,58701.03167875156,2660.0,14,6,1120.0
26872.0,58704.3185242953,2660.0,14,6,1120.0
26873.0,58707.55963292815,2660.0,14,6,1120.0
26874.0,58710.755919388335,2660.0,14,6,1120.0
26875.0,58713.908280119336,2660.0,14,6,1120.0
26876.0,58717.017593635705,2660.0,14,6,1120.0
26877.0,58720.08472088176,2660.0,14,6,1120.0
26878.0,58723.11050558289,2660.0,14,6,1120.0
26879.0,58726.09577458998,2660.0,14,6,1120.0
26880.0,58729.04133821694,2660.0,14,6,1120.0
26881.0,58731.94799057136,2660.0,14,6,1120.0
26882.0,58734.8165098787,2660.0,14,6,1120.0
26883.0,58737.647658799884,2660.0,14,6,1120.0
26884.0,58740.44218474265,2660.0,14,6,1120.0
26885.0,58743.20082016656,2660.0,14,6,1120.0
26886.0,58745.92428288199,2660.0,14,6,1120.0
26887.0,58748.613276343116,2660.0,14,6,1120.0
26888.0,58751.268489935006,2660.0,14,6,1120.0
26889.0,58753.89059925507,2660.0,14,6,1120.0
26890.0,58756.48026638873,2660.0,14,6,1120.0
26891.0,58759.03814017972,2660.0,14,6,1120.0
26892.0,58761.56485649488,2660.0,14,6,1120.0
26893.0,58764.06103848375,2660.0,14,6,1120.0
26894.0,58766.527296832835,2660.0,14,6,1120.0
26895.0,58768.95961803453,2660.0,14,6,1120.0
26896.0,58771.3432928122,2660.0,14,6,1120.0
26897.0,58773.67929409432,2660.0,14,6,1120.0
26898.0,58775.968575350795,2660.0,14,6,1120.0
26899.0,58778.21207098213,2660.0,14,6,1120.0
26900.0,58779.510944769056,2660.0,14,6,1120.0
26901.0,58780.76391084314,2660.0,14,6,1120.0
26902.0,58781.99181759574,2660.0,14,6,1120.0
26903.0,58783.19516621329,2660.0,14,6,1120.0
26904.0,58784.3744478585,2660.0,14,6,1120.0
26905.0,58785.53014387078,2660.0,14,6,1120.0
26906.0,58786.662725962844,2660.0,14,6,1120.0
26907.0,58787.77265641304,2660.0,14,6,1120.0
26908.0,58788.86038825425,2660.0,14,6,1120.0
26909.0,58789.92636545863,2660.0,14,6,1120.0
26910.0,58790.971023118924,2660.0,14,6,1120.0
26911.0,58791.99478762601,2660.0,14,6,1120.0
26912.0,58792.99807684295,2660.0,14,6,1120.0
26913.0,58793.98130027557,2660.0,14,6,1120.0
26914.0,58794.94485923951,2660.0,14,6,1120.0
26915.0,58795.889147024194,2660.0,14,6,1120.0
26916.0,58796.81454905318,2660.0,14,6,1120.0
26917.0,58797.72144304158,2660.0,14,6,1120.0
26918.0,58798.610199150215,2660.0,14,6,1120.0
26919.0,58799.481180136674,2660.0,14,6,1120.0
26920.0,58800.33474150341,2660.0,14,6,1120.0
26921.0,58801.1712316428,2660.0,14,6,1120.0
26922.0,58801.990991979415,2660.0,14,6,1120.0
26923.0,58802.79435710929,2660.0,14,6,1120.0
26924.0,58803.58165493657,2660.0,14,6,1120.0
26925.0,58804.353206807304,2660.0,14,6,1120.0
26926.0,58805.109327640625,2660.0,14,6,1120.0
26927.0,58805.850326057276,2660.0,14,6,1120.0
26928.0,58806.576504505596,2660.0,14,6,1120.0
26929.0,58807.288159384945,2660.0,14,6,1120.0
26930.0,58807.985581166715,2660.0,14,6,1120.0
26931.0,58808.66905451285,2660.0,14,6,1120.0
26932.0,58809.33885839205,2660.0,14,6,1120.0
26933.0,58809.995266193684,2660.0,14,6,1120.0
26934.0,58810.638545839276,2660.0,14,6,1120.0
26935.0,58811.26895989195,2660.0,14,6,1120.0
26936.0,58811.886765663585,2660.0,14,6,1120.0
26937.0,58812.492215319784,2660.0,14,6,1120.0
26938.0,58813.08555598285,2660.0,14,6,1120.0
26939.0,58813.667029832664,2660.0,14,6,1120.0
26940.0,58814.236874205475,2660.0,14,6,1120.0
26941.0,58814.79532169082,2660.0,14,6,1120.0
26942.0,58815.34260022647,2660.0,14,6,1120.0
26943.0,58815.878933191416,2660.0,14,6,1120.0
26944.0,58816.40453949705,2660.0,14,6,1120.0
26945.0,58816.919633676574,2660.0,14,6,1120.0
26946.0,58817.4244259725,2660.0,14,6,1120.0
26947.0,58817.91912242252,2660.0,14,6,1120.0
26948.0,58818.40392494354,2660.0,14,6,1120.0
26949.0,58818.87903141413,2660.0,14,6,1120.0
26950.0,58819.344635755326,2660.0,14,6,1120.0
26951.0,58819.800928009674,2660.0,14,6,1120.0
26952.0,58820.24809441895,2660.0,14,6,1120.0
26953.0,58820.68631750003,2660.0,14,6,1120.0
26954.0,58821.11577611949,2660.0,14,6,1120.0
26955.0,58821.53664556657,2660.0,14,6,1120.0
26956.0,58821.9490976247,2660.0,14,6,1120.0
26957.0,58822.35330064168,2660.0,14,6,1120.0
26958.0,58822.749419598316,2660.0,14,6,1120.0
26959.0,58823.13761617581,2660.0,14,6,1120.0
26960.0,58823.51804882176,2660.0,14,6,1120.0
26961.0,58823.89087281478,2660.0,14,6,1120.0
26962.0,58824.256240327966,2660.0,14,6,1120.0
26963.0,58824.61430049086,2660.0,14,6,1120.0
26964.0,58824.96519945052,2660.0,14,6,1120.0
26965.0,58825.30908043097,2660.0,14,6,1120.0
26966.0,58825.64608379181,2660.0,14,6,1120.0
26967.0,58825.97634708545,2660.0,14,6,1120.0
26968.0,58826.300005113204,2660.0,14,6,1120.0
26969.0,58826.61718998041,2660.0,14,6,1120.0
26970.0,58826.92803115026,2660.0,14,6,1120.0
26971.0,58827.23265549672,2660.0,14,6,1120.0
26972.0,58827.53118735626,2660.0,14,6,1120.0
26973.0,58827.823748578594,2660.0,14,6,1120.0
26974.0,58828.110458576484,2660.0,14,6,1120.0
26975.0,58828.39143437442,2660.0,14,6,1120.0
26976.0,58828.666790656396,2660.0,14,6,1120.0
26977.0,58828.93663981273,2660.0,14,6,1120.0
26978.0,58829.20109198595,2660.0,14,6,1120.0
26979.0,58829.4602551157,2660.0,14,6,1120.0
26980.0,58829.71423498284,2660.0,14,6,1120.0
26981.0,58829.94329642143,2660.0,14,6,1120.0
26982.0,58830.16777663125,2660.0,14,6,1120.0
26983.0,58830.387767236876,2660.0,14,6,1120.0
26984.0,58830.60335803037,2660.0,14,6,1120.0
26985.0,58830.814637008014,2660.0,14,6,1120.0
26986.0,58831.0216904061,2660.0,14,6,1120.0
26987.0,58831.22460273622,2660.0,14,6,1120.0
26988.0,58831.42345681974,2660.0,14,6,1120.0
26989.0,58831.618333821585,2660.0,14,6,1120.0
26990.0,58831.809313283404,2660.0,14,6,1120.0
26991.0,58831.99647315598,2660.0,14,6,1120.0
26992.0,58832.17988983111,2660.0,14,6,1120.0
26993.0,58832.35963817273,2660.0,14,6,1120.0
26994.0,58832.53579154752,2660.0,14,6,1120.0
26995.0,58832.70842185481,2660.0,14,6,1120.0
26996.0,58832.87759955596,2660.0,14,6,1120.0
26997.0,58833.04339370309,2660.0,14,6,1120.0
26998.0,58833.20587196727,2660.0,14,6,1120.0
26999.0,58833.36510066617,2660.0,14,6,1120.0
27000.0,58833.52114479109,2660.0,14,6,1120.0
27001.0,58833.67406803351,2660.0,14,6,1120.0
27002.0,58833.82393281109,2660.0,14,6,1120.0
27003.0,58833.97080029311,2660.0,14,6,1120.0
27004.0,58834.11473042549,2660.0,14,6,1120.0
27005.0,58834.25578195523,2660.0,14,6,1120.0
27006.0,58834.39401245437,2660.0,14,6,1120.0
27007.0,58834.529478343524,2660.0,14,6,1120.0
27008.0,58834.662234914904,2660.0,14,6,1120.0
27009.0,58834.79233635484,2660.0,14,6,1120.0
27010.0,58834.91983576599,2660.0,14,6,1120.0
27011.0,58835.04478518892,2660.0,14,6,1120.0
27012.0,58835.16723562338,2660.0,14,6,1120.0
27013.0,58835.28723704916,2660.0,14,6,1120.0
27014.0,58835.404838446426,2660.0,14,6,1120.0
27015.0,58835.52008781574,2660.0,14,6,1120.0
27016.0,58835.63303219767,2660.0,14,6,1120.0
27017.0,58835.74371769196,2660.0,14,6,1120.0
27018.0,58835.85218947636,2660.0,14,6,1120.0
27019.0,58835.958491825084,2660.0,14,6,1120.0
27020.0,58836.062668126826,2660.0,14,6,1120.0
27021.0,58836.14487824262,2660.0,14,6,1120.0
27022.0,58836.2254441561,2660.0,14,6,1120.0
27023.0,58836.30439875131,2660.0,14,6,1120.0
27024.0,58836.38177425461,2660.0,14,6,1120.0
27025.0,58836.45760224785,2660.0,14,6,1120.0
27026.0,58836.53191368122,2660.0,14,6,1120.0
27027.0,58836.60473888592,2660.0,14,6,1120.0
27028.0,58836.676107586536,2660.0,14,6,1120.0
27029.0,58836.74604891313,2660.0,14,6,1120.0
27030.0,58836.8145914132,2660.0,14,6,1120.0
27031.0,58836.88176306326,2660.0,14,6,1120.0
27032.0,58836.94759128033,2660.0,14,6,1120.0
27033.0,58837.01210293305,2660.0,14,6,1120.0
27034.0,58837.07532435272,2660.0,14,6,1120.0
27035.0,58837.137281343996,2660.0,14,6,1120.0
27036.0,58837.15855822599,2660.0,14,6,1120.0
27037.0,58837.17940957034,2660.0,14,6,1120.0
27038.0,58837.19984388781,2660.0,14,6,1120.0
27039.0,58837.21986951892,2660.0,14,6,1120.0
27040.0,58837.21986951892,2664.0,14,6,1116.0
27041.0,58837.21986951892,2670.0,14,6,1110.0
27042.0,58837.21986951892,2676.0,14,6,1104.0
27043.0,58837.21986951892,2682.0,14,6,1098.0
27044.0,58837.21986951892,2688.0,14,6,1092.0
27045.0,58837.21986951892,2694.0,14,6,1086.0
27046.0,58837.21986951892,2700.0,14,6,1080.0
27047.0,58837.21986951892,2706.0,14,6,1074.0
27048.0,58837.21986951892,2712.0,14,6,1068.0
27049.0,58837.21986951892,2718.0,14,6,1062.0
27050.0,58837.21986951892,2724.0,14,6,1056.0
27051.0,58837.21986951892,2730.0,14,6,1050.0
27052.0,58837.21986951892,2736.0,14,6,1044.0
27053.0,58837.21986951892,2742.0,14,6,1038.0
27054.0,58837.21986951892,2748.0,14,6,1032.0
27055.0,58837.21986951892,2754.0,14,6,1026.0
27056.0,58837.21986951892,2760.0,14,6,1020.0
27057.0,58837.21986951892,2766.0,14,6,1014.0
27058.0,58837.21986951892,2772.0,14,6,1008.0
27059.0,58837.21986951892,2778.0,14,6,1002.0
27060.0,58837.21986951892,2784.0,14,6,996.0
27061.0,58837.21986951892,2790.0,14,6,990.0
27062.0,58837.21986951892,2796.0,14,6,984.0
27063.0,58837.21986951892,2802.0,14,6,978.0
27064.0,58837.21986951892,2808.0,14,6,972.0
27065.0,58837.21986951892,2814.0,14,6,966.0
27066.0,58837.21986951892,2820.0,14,6,960.0
27067.0,58837.21986951892,2826.0,14,6,954.0
27068.0,58837.21986951892,2832.0,14,6,948.0
27069.0,58837.21986951892,2838.0,14,6,942.0
27070.0,58837.21986951892,2844.0,14,6,936.0
27071.0,58837.21986951892,2850.0,14,6,930.0
27072.0,58837.21986951892,2856.0,14,6,924.0
27073.0,58837.21986951892,2862.0,14,6,918.0
27074.0,58837.21986951892,2868.0,14,6,912.0
27075.0,58837.419869518926,2870.0,15,5,910.0
27076.0,58837.919869518926,2870.0,15,5,910.0
27077.0,58838.71986951892,2870.0,15,5,910.0
27078.0,58839.81986951892,2870.0,15,5,910.0
27079.0,58841.21986951892,2870.0,15,5,910.0
27080.0,58842.919869518926,2870.0,15,5,910.0
27081.0,58844.919869518926,2870.0,15,5,910.0
27082.0,58847.21986951892,2870.0,15,5,910.0
27083.0,58849.81986951892,2870.0,15,5,910.0
27084.0,58852.71986951892,2870.0,15,5,910.0
27085.0,58855.919869518926,2870.0,15,5,910.0
27086.0,58859.419869518926,2870.0,15,5,910.0
27087.0,58863.21986951892,2870.0,15,5,910.0
27088.0,58867.31986951892,2870.0,15,5,910.0
27089.0,58871.71986951892,2870.0,15,5,910.0
27090.0,58876.419869518926,2870.0,15,5,910.0
27091.0,58881.419869518926,2870.0,15,5,910.0
27092.0,58886.71986951892,2870.0,15,5,910.0
27093.0,58892.31986951892,2870.0,15,5,910.0
27094.0,58898.21986951892,2870.0,15,5,910.0
27095.0,58904.21986951892,2870.0,15,5,910.0
27096.0,58910.21986951892,2870.0,15,5,910.0
27097.0,58916.21986951892,2870.0,15,5,910.0
27098.0,58922.21986951892,2870.0,15,5,910.0
27099.0,58928.21986951892,2870.0,15,5,910.0
27100.0,58934.21986951892,2870.0,15,5,910.0
27101.0,58940.21986951892,2870.0,15,5,910.0
27102.0,58946.21986951892,2870.0,15,5,910.0
27103.0,58952.21986951892,2870.0,15,5,910.0
27104.0,58958.21986951892,2870.0,15,5,910.0
27105.0,58964.21986951892,2870.0,15,5,910.0
27106.0,58970.21986951892,2870.0,15,5,910.0
27107.0,58976.21986951892,2870.0,15,5,910.0
27108.0,58982.21986951892,2870.0,15,5,910.0
27109.0,58988.21986951892,2870.0,15,5,910.0
27110.0,58994.21986951892,2870.0,15,5,910.0
27111.0,59000.21986951892,2870.0,15,5,910.0
27112.0,59006.21986951892,2870.0,15,5,910.0
27113.0,59012.21986951892,2870.0,15,5,910.0
27114.0,59018.21986951892,2870.0,15,5,910.0
27115.0,59024.21986951892,2870.0,15,5,910.0
27116.0,59030.21986951892,2870.0,15,5,910.0
27117.0,59036.21986951892,2870.0,15,5,910.0
27118.0,59042.21986951892,2870.0,15,5,910.0
27119.0,59048.21986951892,2870.0,15,5,910.0
27120.0,59054.21986951892,2870.0,15,5,910.0
27121.0,59060.21986951892,2870.0,15,5,910.0
27122.0,59066.21986951892,2870.0,15,5,910.0
27123.0,59072.21986951892,2870.0,15,5,910.0
27124.0,59078.21986951892,2870.0,15,5,910.0
27125.0,59084.21986951892,2870.0,15,5,910.0
27126.0,59090.21986951892,2870.0,15,5,910.0
27127.0,59096.21986951892,2870.0,15,5,910.0
27128.0,59102.21986951892,2870.0,15,5,910.0
27129.0,59108.21986951892,2870.0,15,5,910.0
27130.0,59114.21986951892,2870.0,15,5,910.0
27131.0,59120.21986951892,2870.0,15,5,910.0
27132.0,59126.21986951892,2870.0,15,5,910.0
27133.0,59132.21986951892,2870.0,15,5,910.0
27134.0,59138.21986951892,2870.0,15,5,910.0
27135.0,59144.21986951892,2870.0,15,5,910.0
27136.0,59150.21986951892,2870.0,15,5,910.0
27137.0,59156.21986951892,2870.0,15,5,910.0
27138.0,59162.21986951892,2870.0,15,5,910.0
27139.0,59168.21986951892,2870.0,15,5,910.0
27140.0,59174.21986951892,2870.0,15,5,910.0
27141.0,59180.21986951892,2870.0,15,5,910.0
27142.0,59186.21986951892,2870.0,15,5,910.0
27143.0,59192.21986951892,2870.0,15,5,910.0
27144.0,59198.21986951892,2870.0,15,5,910.0
27145.0,59204.21986951892,2870.0,15,5,910.0
27146.0,59210.21986951892,2870.0,15,5,910.0
27147.0,59216.21986951892,2870.0,15,5,910.0
27148.0,59222.21986951892,2870.0,15,5,910.0
27149.0,59228.21986951892,2870.0,15,5,910.0
27150.0,59234.21986951892,2870.0,15,5,910.0
27151.0,59240.21986951892,2870.0,15,5,910.0
27152.0,59246.21986951892,2870.0,15,5,910.0
27153.0,59252.21986951892,2870.0,15,5,910.0
27154.0,59258.21986951892,2870.0,15,5,910.0
27155.0,59264.21986951892,2870.0,15,5,910.0
27156.0,59270.21986951892,2870.0,15,5,910.0
27157.0,59276.21986951892,2870.0,15,5,910.0
27158.0,59282.21986951892,2870.0,15,5,910.0
27159.0,59288.21986951892,2870.0,15,5,910.0
27160.0,59294.21986951892,2870.0,15,5,910.0
27161.0,59300.21986951892,2870.0,15,5,910.0
27162.0,59306.21986951892,2870.0,15,5,910.0
27163.0,59312.21986951892,2870.0,15,5,910.0
27164.0,59318.21986951892,2870.0,15,5,910.0
27165.0,59324.21986951892,2870.0,15,5,910.0
27166.0,59330.21986951892,2870.0,15,5,910.0
27167.0,59336.21986951892,2870.0,15,5,910.0
27168.0,59342.21986951892,2870.0,15,5,910.0
27169.0,59348.21986951892,2870.0,15,5,910.0
27170.0,59354.21986951892,2870.0,15,5,910.0
27171.0,59360.21986951892,2870.0,15,5,910.0
27172.0,59366.21986951892,2870.0,15,5,910.0
27173.0,59372.21986951892,2870.0,15,5,910.0
27174.0,59378.21986951892,2870.0,15,5,910.0
27175.0,59384.21986951892,2870.0,15,5,910.0
27176.0,59390.21986951892,2870.0,15,5,910.0
27177.0,59396.21986951892,2870.0,15,5,910.0
27178.0,59402.21986951892,2870.0,15,5,910.0
27179.0,59408.21986951892,2870.0,15,5,910.0
27180.0,59414.21986951892,2870.0,15,5,910.0
27181.0,59420.21986951892,2870.0,15,5,910.0
27182.0,59426.21986951892,2870.0,15,5,910.0
27183.0,59432.21986951892,2870.0,15,5,910.0
27184.0,59438.21986951892,2870.0,15,5,910.0
27185.0,59444.21986951892,2870.0,15,5,910.0
27186.0,59450.21986951892,2870.0,15,5,910.0
27187.0,59456.21986951892,2870.0,15,5,910.0
27188.0,59462.21986951892,2870.0,15,5,910.0
27189.0,59468.21986951892,2870.0,15,5,910.0
27190.0,59474.21986951892,2870.0,15,5,910.0
27191.0,59480.21986951892,2870.0,15,5,910.0
27192.0,59486.21986951892,2870.0,15,5,910.0
27193.0,59492.21986951892,2870.0,15,5,910.0
27194.0,59498.21986951892,2870.0,15,5,910.0
27195.0,59504.21986951892,2870.0,15,5,910.0
27196.0,59510.21986951892,2870.0,15,5,910.0
27197.0,59516.21986951892,2870.0,15,5,910.0
27198.0,59522.21986951892,2870.0,15,5,910.0
27199.0,59528.21986951892,2870.0,15,5,910.0
27200.0,59534.21986951892,2870.0,15,5,910.0
27201.0,59540.21986951892,2870.0,15,5,910.0
27202.0,59546.21986951892,2870.0,15,5,910.0
27203.0,59552.21986951892,2870.0,15,5,910.0
27204.0,59558.21986951892,2870.0,15,5,910.0
27205.0,59564.21986951892,2870.0,15,5,910.0
27206.0,59570.21986951892,2870.0,15,5,910.0
27207.0,59576.21986951892,2870.0,15,5,910.0
27208.0,59582.21986951892,2870.0,15,5,910.0
27209.0,59588.21986951892,2870.0,15,5,910.0
27210.0,59594.21986951892,2870.0,15,5,910.0
27211.0,59600.21986951892,2870.0,15,5,910.0
27212.0,59606.21986951892,2870.0,15,5,910.0
27213.0,59612.21986951892,2870.0,15,5,910.0
27214.0,59618.21986951892,2870.0,15,5,910.0
27215.0,59624.21986951892,2870.0,15,5,910.0
27216.0,59630.21986951892,2870.0,15,5,910.0
27217.0,59636.21986951892,2870.0,15,5,910.0
27218.0,59642.21986951892,2870.0,15,5,910.0
27219.0,59648.21986951892,2870.0,15,5,910.0
27220.0,59654.21986951892,2870.0,15,5,910.0
27221.0,59660.21986951892,2870.0,15,5,910.0
27222.0,59666.21986951892,2870.0,15,5,910.0
27223.0,59672.21986951892,2870.0,15,5,910.0
27224.0,59678.21986951892,2870.0,15,5,910.0
27225.0,59684.21986951892,2870.0,15,5,910.0
27226.0,59690.21986951892,2870.0,15,5,910.0
27227.0,59696.21986951892,2870.0,15,5,910.0
27228.0,59702.21986951892,2870.0,15,5,910.0
27229.0,59708.21986951892,2870.0,15,5,910.0
27230.0,59714.21986951892,2870.0,15,5,910.0
27231.0,59720.21986951892,2870.0,15,5,910.0
27232.0,59726.21986951892,2870.0,15,5,910.0
27233.0,59732.21986951892,2870.0,15,5,910.0
27234.0,59738.21986951892,2870.0,15,5,910.0
27235.0,59744.21986951892,2870.0,15,5,910.0
27236.0,59750.21986951892,2870.0,15,5,910.0
27237.0,59756.21986951892,2870.0,15,5,910.0
27238.0,59762.21986951892,2870.0,15,5,910.0
27239.0,59768.21986951892,2870.0,15,5,910.0
27240.0,59774.21986951892,2870.0,15,5,910.0
27241.0,59780.21986951892,2870.0,15,5,910.0
27242.0,59786.21986951892,2870.0,15,5,910.0
27243.0,59792.21986951892,2870.0,15,5,910.0
27244.0,59798.21986951892,2870.0,15,5,910.0
27245.0,59804.21986951892,2870.0,15,5,910.0
27246.0,59810.21986951892,2870.0,15,5,910.0
27247.0,59816.21986951892,2870.0,15,5,910.0
27248.0,59822.21986951892,2870.0,15,5,910.0
27249.0,59828.21986951892,2870.0,15,5,910.0
27250.0,59834.21986951892,2870.0,15,5,910.0
27251.0,59840.21986951892,2870.0,15,5,910.0
27252.0,59846.21986951892,2870.0,15,5,910.0
27253.0,59852.21986951892,2870.0,15,5,910.0
27254.0,59858.21986951892,2870.0,15,5,910.0
27255.0,59864.21986951892,2870.0,15,5,910.0
27256.0,59870.21986951892,2870.0,15,5,910.0
27257.0,59876.21986951892,2870.0,15,5,910.0
27258.0,59882.21986951892,2870.0,15,5,910.0
27259.0,59888.21986951892,2870.0,15,5,910.0
27260.0,59894.21986951892,2870.0,15,5,910.0
27261.0,59900.21986951892,2870.0,15,5,910.0
27262.0,59906.21986951892,2870.0,15,5,910.0
27263.0,59912.21986951892,2870.0,15,5,910.0
27264.0,59918.21986951892,2870.0,15,5,910.0
27265.0,59924.21986951892,2870.0,15,5,910.0
27266.0,59930.21986951892,2870.0,15,5,910.0
27267.0,59936.21986951892,2870.0,15,5,910.0
27268.0,59942.21986951892,2870.0,15,5,910.0
27269.0,59948.21986951892,2870.0,15,5,910.0
27270.0,59954.21986951892,2870.0,15,5,910.0
27271.0,59960.21986951892,2870.0,15,5,910.0
27272.0,59966.21986951892,2870.0,15,5,910.0
27273.0,59972.21986951892,2870.0,15,5,910.0
27274.0,59978.21986951892,2870.0,15,5,910.0
27275.0,59984.21986951892,2870.0,15,5,910.0
27276.0,59990.21986951892,2870.0,15,5,910.0
27277.0,59996.21986951892,2870.0,15,5,910.0
27278.0,60002.21986951892,2870.0,15,5,910.0
27279.0,60008.21986951892,2870.0,15,5,910.0
27280.0,60014.21986951892,2870.0,15,5,910.0
27281.0,60020.21986951892,2870.0,15,5,910.0
27282.0,60026.21986951892,2870.0,15,5,910.0
27283.0,60032.21986951892,2870.0,15,5,910.0
27284.0,60038.21986951892,2870.0,15,5,910.0
27285.0,60044.21986951892,2870.0,15,5,910.0
27286.0,60050.21986951892,2870.0,15,5,910.0
27287.0,60056.21986951892,2870.0,15,5,910.0
27288.0,60062.21986951892,2870.0,15,5,910.0
27289.0,60068.21986951892,2870.0,15,5,910.0
27290.0,60074.21986951892,2870.0,15,5,910.0
27291.0,60080.21986951892,2870.0,15,5,910.0
27292.0,60086.21986951892,2870.0,15,5,910.0
27293.0,60092.21986951892,2870.0,15,5,910.0
27294.0,60098.21986951892,2870.0,15,5,910.0
27295.0,60104.21986951892,2870.0,15,5,910.0
27296.0,60110.21986951892,2870.0,15,5,910.0
27297.0,60116.21986951892,2870.0,15,5,910.0
27298.0,60122.21986951892,2870.0,15,5,910.0
27299.0,60128.21986951892,2870.0,15,5,910.0
27300.0,60134.21986951892,2870.0,15,5,910.0
27301.0,60140.21986951892,2870.0,15,5,910.0
27302.0,60146.21986951892,2870.0,15,5,910.0
27303.0,60152.21986951892,2870.0,15,5,910.0
27304.0,60158.21986951892,2870.0,15,5,910.0
27305.0,60164.21986951892,2870.0,15,5,910.0
27306.0,60170.21986951892,2870.0,15,5,910.0
27307.0,60176.21986951892,2870.0,15,5,910.0
27308.0,60182.21986951892,2870.0,15,5,910.0
27309.0,60188.21986951892,2870.0,15,5,910.0
27310.0,60194.21986951892,2870.0,15,5,910.0
27311.0,60200.21986951892,2870.0,15,5,910.0
27312.0,60206.21986951892,2870.0,15,5,910.0
27313.0,60212.21986951892,2870.0,15,5,910.0
27314.0,60218.21986951892,2870.0,15,5,910.0
27315.0,60224.21986951892,2870.0,15,5,910.0
27316.0,60230.21986951892,2870.0,15,5,910.0
27317.0,60236.21986951892,2870.0,15,5,910.0
27318.0,60242.21986951892,2870.0,15,5,910.0
27319.0,60248.21986951892,2870.0,15,5,910.0
27320.0,60254.21986951892,2870.0,15,5,910.0
27321.0,60260.21986951892,2870.0,15,5,910.0
27322.0,60266.21986951892,2870.0,15,5,910.0
27323.0,60272.21986951892,2870.0,15,5,910.0
27324.0,60278.21986951892,2870.0,15,5,910.0
27325.0,60284.21986951892,2870.0,15,5,910.0
27326.0,60290.21986951892,2870.0,15,5,910.0
27327.0,60296.21986951892,2870.0,15,5,910.0
27328.0,60302.21986951892,2870.0,15,5,910.0
27329.0,60308.21986951892,2870.0,15,5,910.0
27330.0,60314.21986951892,2870.0,15,5,910.0
27331.0,60320.21986951892,2870.0,15,5,910.0
27332.0,60326.21986951892,2870.0,15,5,910.0
27333.0,60332.21986951892,2870.0,15,5,910.0
27334.0,60338.21986951892,2870.0,15,5,910.0
27335.0,60344.21986951892,2870.0,15,5,910.0
27336.0,60350.21986951892,2870.0,15,5,910.0
27337.0,60356.21986951892,2870.0,15,5,910.0
27338.0,60362.21986951892,2870.0,15,5,910.0
27339.0,60368.21986951892,2870.0,15,5,910.0
27340.0,60374.21986951892,2870.0,15,5,910.0
27341.0,60380.21986951892,2870.0,15,5,910.0
27342.0,60386.21986951892,2870.0,15,5,910.0
27343.0,60392.21986951892,2870.0,15,5,910.0
27344.0,60398.21986951892,2870.0,15,5,910.0
27345.0,60404.21986951892,2870.0,15,5,910.0
27346.0,60410.21986951892,2870.0,15,5,910.0
27347.0,60416.21986951892,2870.0,15,5,910.0
27348.0,60422.21986951892,2870.0,15,5,910.0
27349.0,60428.21986951892,2870.0,15,5,910.0
27350.0,60434.21986951892,2870.0,15,5,910.0
27351.0,60440.21986951892,2870.0,15,5,910.0
27352.0,60446.21986951892,2870.0,15,5,910.0
27353.0,60452.21986951892,2870.0,15,5,910.0
27354.0,60458.21986951892,2870.0,15,5,910.0
27355.0,60464.21986951892,2870.0,15,5,910.0
27356.0,60470.21986951892,2870.0,15,5,910.0
27357.0,60476.21986951892,2870.0,15,5,910.0
27358.0,60482.21986951892,2870.0,15,5,910.0
27359.0,60488.21986951892,2870.0,15,5,910.0
27360.0,60494.21986951892,2870.0,15,5,910.0
27361.0,60500.21986951892,2870.0,15,5,910.0
27362.0,60506.21986951892,2870.0,15,5,910.0
27363.0,60512.21986951892,2870.0,15,5,910.0
27364.0,60518.21986951892,2870.0,15,5,910.0
27365.0,60524.21986951892,2870.0,15,5,910.0
27366.0,60530.21986951892,2870.0,15,5,910.0
27367.0,60536.21986951892,2870.0,15,5,910.0
27368.0,60542.21986951892,2870.0,15,5,910.0
27369.0,60548.21986951892,2870.0,15,5,910.0
27370.0,60554.21986951892,2870.0,15,5,910.0
27371.0,60560.21986951892,2870.0,15,5,910.0
27372.0,60566.21986951892,2870.0,15,5,910.0
27373.0,60572.21986951892,2870.0,15,5,910.0
27374.0,60578.21986951892,2870.0,15,5,910.0
27375.0,60584.21986951892,2870.0,15,5,910.0
27376.0,60590.21986951892,2870.0,15,5,910.0
27377.0,60596.21986951892,2870.0,15,5,910.0
27378.0,60602.21986951892,2870.0,15,5,910.0
27379.0,60608.21986951892,2870.0,15,5,910.0
27380.0,60614.21986951892,2870.0,15,5,910.0
27381.0,60620.21986951892,2870.0,15,5,910.0
27382.0,60626.21986951892,2870.0,15,5,910.0
27383.0,60632.21986951892,2870.0,15,5,910.0
27384.0,60638.21986951892,2870.0,15,5,910.0
27385.0,60644.21986951892,2870.0,15,5,910.0
27386.0,60650.21986951892,2870.0,15,5,910.0
27387.0,60656.21986951892,2870.0,15,5,910.0
27388.0,60662.21986951892,2870.0,15,5,910.0
27389.0,60668.21986951892,2870.0,15,5,910.0
27390.0,60674.21986951892,2870.0,15,5,910.0
27391.0,60680.21986951892,2870.0,15,5,910.0
27392.0,60686.21986951892,2870.0,15,5,910.0
27393.0,60692.21986951892,2870.0,15,5,910.0
27394.0,60698.21986951892,2870.0,15,5,910.0
27395.0,60704.21986951892,2870.0,15,5,910.0
27396.0,60710.21986951892,2870.0,15,5,910.0
27397.0,60716.21986951892,2870.0,15,5,910.0
27398.0,60722.21986951892,2870.0,15,5,910.0
27399.0,60728.21986951892,2870.0,15,5,910.0
27400.0,60734.21986951892,2870.0,15,5,910.0
27401.0,60740.21986951892,2870.0,15,5,910.0
27402.0,60746.21986951892,2870.0,15,5,910.0
27403.0,60752.21986951892,2870.0,15,5,910.0
27404.0,60758.21986951892,2870.0,15,5,910.0
27405.0,60764.21986951892,2870.0,15,5,910.0
27406.0,60770.21986951892,2870.0,15,5,910.0
27407.0,60776.21986951892,2870.0,15,5,910.0
27408.0,60782.21986951892,2870.0,15,5,910.0
27409.0,60788.21986951892,2870.0,15,5,910.0
27410.0,60794.21986951892,2870.0,15,5,910.0
27411.0,60800.21986951892,2870.0,15,5,910.0
27412.0,60806.21986951892,2870.0,15,5,910.0
27413.0,60812.21986951892,2870.0,15,5,910.0
27414.0,60818.21986951892,2870.0,15,5,910.0
27415.0,60824.21986951892,2870.0,15,5,910.0
27416.0,60830.21986951892,2870.0,15,5,910.0
27417.0,60836.21986951892,2870.0,15,5,910.0
27418.0,60842.21986951892,2870.0,15,5,910.0
27419.0,60848.21986951892,2870.0,15,5,910.0
27420.0,60854.21986951892,2870.0,15,5,910.0
27421.0,60860.21986951892,2870.0,15,5,910.0
27422.0,60866.21986951892,2870.0,15,5,910.0
27423.0,60872.21986951892,2870.0,15,5,910.0
27424.0,60878.21986951892,2870.0,15,5,910.0
27425.0,60884.2032115164,2870.0,15,5,910.0
27426.0,60890.10789812243,2870.0,15,5,910.0
27427.0,60895.92339935729,2870.0,15,5,910.0
27428.0,60901.62259056747,2870.0,15,5,910.0
27429.0,60907.20779795345,2870.0,15,5,910.0
27430.0,60912.681301191704,2870.0,15,5,910.0
27431.0,60918.04533436519,2870.0,15,5,910.0
27432.0,60923.30208687522,2870.0,15,5,910.0
27433.0,60928.453704335036,2870.0,15,5,910.0
27434.0,60933.50228944566,2870.0,15,5,910.0
27435.0,60938.44990285406,2870.0,15,5,910.0
27436.0,60943.29856399431,2870.0,15,5,910.0
27437.0,60948.05025191175,2870.0,15,5,910.0
27438.0,60952.70690607084,2870.0,15,5,910.0
27439.0,60957.270427146745,2870.0,15,5,910.0
27440.0,60961.742677801136,2870.0,15,5,910.0
27441.0,60966.12548344243,2870.0,15,5,910.0
27442.0,60970.42063297091,2870.0,15,5,910.0
27443.0,60974.62987950881,2870.0,15,5,910.0
27444.0,60978.75494111596,2870.0,15,5,910.0
27445.0,60982.79750149096,2870.0,15,5,910.0
27446.0,60986.75921065848,2870.0,15,5,910.0
27447.0,60990.64168564263,2870.0,15,5,910.0
27448.0,60994.4465111271,2870.0,15,5,910.0
27449.0,60998.17524010188,2870.0,15,5,910.0
27450.0,61001.829394497174,2870.0,15,5,910.0
27451.0,61005.41046580455,2870.0,15,5,910.0
27452.0,61008.91991568579,2870.0,15,5,910.0
27453.0,61012.359176569385,2870.0,15,5,910.0
27454.0,61015.72965223532,2870.0,15,5,910.0
27455.0,61019.03271838794,2870.0,15,5,910.0
27456.0,61022.26972321751,2870.0,15,5,910.0
27457.0,61025.44198795048,2870.0,15,5,910.0
27458.0,61028.55080738879,2870.0,15,5,910.0
27459.0,61031.59745043835,2870.0,15,5,910.0
27460.0,61034.5831606269,2870.0,15,5,910.0
27461.0,61037.50915661169,2870.0,15,5,910.0
27462.0,61040.37663267677,2870.0,15,5,910.0
27463.0,61043.186759220574,2870.0,15,5,910.0
27464.0,61045.94068323348,2870.0,15,5,910.0
27465.0,61048.639528766136,2870.0,15,5,910.0
27466.0,61051.28439738813,2870.0,15,5,910.0
27467.0,61053.8763686377,2870.0,15,5,910.0
27468.0,61056.41650046226,2870.0,15,5,910.0
27469.0,61058.90582965034,2870.0,15,5,910.0
27470.0,61061.34537225466,2870.0,15,5,910.0
27471.0,61063.73612400689,2870.0,15,5,910.0
27472.0,61066.07906072408,2870.0,15,5,910.0
27473.0,61068.37513870692,2870.0,15,5,910.0
27474.0,61070.62529513011,2870.0,15,5,910.0
27475.0,61072.83044842483,2870.0,15,5,910.0
27476.0,61074.99149865366,2870.0,15,5,910.0
27477.0,61077.10932787791,2870.0,15,5,910.0
27478.0,61079.18480051767,2870.0,15,5,910.0
27479.0,61081.21876370464,2870.0,15,5,910.0
27480.0,61083.21204762788,2870.0,15,5,910.0
27481.0,61085.16546587263,2870.0,15,5,910.0
27482.0,61087.07981575251,2870.0,15,5,910.0
27483.0,61088.95587863479,2870.0,15,5,910.0
27484.0,61090.79442025941,2870.0,15,5,910.0
27485.0,61092.59619105155,2870.0,15,5,910.0
27486.0,61094.36192642784,2870.0,15,5,910.0
27487.0,61096.0923470966,2870.0,15,5,910.0
27488.0,61097.788159352,2870.0,15,5,910.0
27489.0,61099.45005536228,2870.0,15,5,910.0
27490.0,61101.078713452356,2870.0,15,5,910.0
27491.0,61102.674798380634,2870.0,15,5,910.0
27492.0,61104.23896161034,2870.0,15,5,910.0
27493.0,61105.771841575464,2870.0,15,5,910.0
27494.0,61107.27406394128,2870.0,15,5,910.0
27495.0,61108.74624185978,2870.0,15,5,910.0
27496.0,61110.188976219906,2870.0,15,5,910.0
27497.0,61111.60285589282,2870.0,15,5,910.0
27498.0,61112.98845797229,2870.0,15,5,910.0
27499.0,61114.34634801018,2870.0,15,5,910.0
27500.0,61115.6770802473,2870.0,15,5,910.0
27501.0,61116.98119783967,2870.0,15,5,910.0
27502.0,61118.25923308021,2870.0,15,5,910.0
27503.0,61119.51170761593,2870.0,15,5,910.0
27504.0,61120.739132660936,2870.0,15,5,910.0
27505.0,61121.942009205035,2870.0,15,5,910.0
27506.0,61123.12082821826,2870.0,15,5,910.0
27507.0,61124.27607085121,2870.0,15,5,910.0
27508.0,61125.40820863151,2870.0,15,5,910.0
27509.0,61126.51770365621,2870.0,15,5,910.0
27510.0,61127.60500878041,2870.0,15,5,910.0
27511.0,61128.670567802124,2870.0,15,5,910.0
27512.0,61129.7148156434,2870.0,15,5,910.0
27513.0,61130.738178527856,2870.0,15,5,910.0
27514.0,61131.74107415462,2870.0,15,5,910.0
27515.0,61132.72391186885,2870.0,15,5,910.0
27516.0,61133.6870928288,2870.0,15,5,910.0
27517.0,61134.631010169556,2870.0,15,5,910.0
27518.0,61135.55604916348,2870.0,15,5,910.0
27519.0,61136.46258737754,2870.0,15,5,910.0
27520.0,61137.35099482731,2870.0,15,5,910.0
27521.0,61138.22163412809,2870.0,15,5,910.0
27522.0,61139.07486064285,2870.0,15,5,910.0
27523.0,61139.911022627326,2870.0,15,5,910.0
27524.0,61140.7304613721,2870.0,15,5,910.0
27525.0,61141.53351134198,2870.0,15,5,910.0
27526.0,61142.32050031246,2870.0,15,5,910.0
27527.0,61143.09174950354,2870.0,15,5,910.0
27528.0,61143.84757371079,2870.0,15,5,910.0
27529.0,61144.5882814339,2870.0,15,5,910.0
27530.0,61145.314175002546,2870.0,15,5,910.0
27531.0,61146.025550699815,2870.0,15,5,910.0
27532.0,61146.722698883146,2870.0,15,5,910.0
27533.0,61147.4059041028,2870.0,15,5,910.0
27534.0,61148.07544521807,2870.0,15,5,910.0
27535.0,61148.73159551103,2870.0,15,5,910.0
27536.0,61149.37462279813,2870.0,15,5,910.0
27537.0,61150.00478953949,2870.0,15,5,910.0
27538.0,61150.62235294603,2870.0,15,5,910.0
27539.0,61151.22756508443,2870.0,15,5,910.0
27540.0,61151.82067298007,2870.0,15,5,910.0
27541.0,61152.40191871779,2870.0,15,5,910.0
27542.0,61152.971539540755,2870.0,15,5,910.0
27543.0,61153.52976794727,2870.0,15,5,910.0
27544.0,61154.076831785635,2870.0,15,5,910.0
27545.0,61154.612954347256,2870.0,15,5,910.0
27546.0,61155.13835445764,2870.0,15,5,910.0
27547.0,61155.6532465658,2870.0,15,5,910.0
27548.0,61156.15784083181,2870.0,15,5,910.0
27549.0,61156.652343212496,2870.0,15,5,910.0
27550.0,61157.13695554556,2870.0,15,5,910.0
27551.0,61157.61187563198,2870.0,15,5,910.0
27552.0,61158.07729731667,2870.0,15,5,910.0
27553.0,61158.53341056766,2870.0,15,5,910.0
27554.0,61158.98040155363,2870.0,15,5,910.0
27555.0,61159.41845271988,2870.0,15,5,910.0
27556.0,61159.8477428628,2870.0,15,5,910.0
27557.0,61160.26844720288,2870.0,15,5,910.0
27558.0,61160.68073745614,2870.0,15,5,910.0
27559.0,61161.08478190434,2870.0,15,5,910.0
27560.0,61161.48074546358,2870.0,15,5,910.0
27561.0,61161.868789751636,2870.0,15,5,910.0
27562.0,61162.24907315392,2870.0,15,5,910.0
27563.0,61162.62175088817,2870.0,15,5,910.0
27564.0,61162.986975067724,2870.0,15,5,910.0
27565.0,61163.3448947637,2870.0,15,5,910.0
27566.0,61163.69565606574,2870.0,15,5,910.0
27567.0,61164.03940214175,2870.0,15,5,910.0
27568.0,61164.37627329624,2870.0,15,5,910.0
27569.0,61164.706407027654,2870.0,15,5,910.0
27570.0,61165.02993808442,2870.0,15,5,910.0
27571.0,61165.34699852006,2870.0,15,5,910.0
27572.0,61165.65771774697,2870.0,15,5,910.0
27573.0,61165.96222258936,2870.0,15,5,910.0
27574.0,61166.260637334904,2870.0,15,5,910.0
27575.0,61166.55308378553,2870.0,15,5,910.0
27576.0,61166.83968130714,2870.0,15,5,910.0
27577.0,61167.120546878316,2870.0,15,5,910.0
27578.0,61167.39579513808,2870.0,15,5,910.0
27579.0,61167.66553843263,2870.0,15,5,910.0
27580.0,61167.929886861304,2870.0,15,5,910.0
27581.0,61168.18894832141,2870.0,15,5,910.0
27582.0,61168.4428285523,2870.0,15,5,910.0
27583.0,61168.69163117858,2870.0,15,5,910.0
27584.0,61168.935457752326,2870.0,15,5,910.0
27585.0,61169.17440779461,2870.0,15,5,910.0
27586.0,61169.40857883604,2870.0,15,5,910.0
27587.0,61169.63806645664,2870.0,15,5,910.0
27588.0,61169.862964324835,2870.0,15,5,910.0
27589.0,61170.08336423567,2870.0,15,5,910.0
27590.0,61170.29935614827,2870.0,15,5,910.0
27591.0,61170.51102822262,2870.0,15,5,910.0
27592.0,61170.7184668555,2870.0,15,5,910.0
27593.0,61170.92175671572,2870.0,15,5,910.0
27594.0,61171.120980778716,2870.0,15,5,910.0
27595.0,61171.31622036047,2870.0,15,5,910.0
27596.0,61171.50755515059,2870.0,15,5,910.0
27597.0,61171.6950632449,2870.0,15,5,910.0
27598.0,61171.87882117733,2870.0,15,5,910.0
27599.0,61172.0589039511,2870.0,15,5,910.0
27600.0,61172.23538506941,2870.0,15,5,910.0
27601.0,61172.408336565335,2870.0,15,5,910.0
27602.0,61172.57782903135,2870.0,15,5,910.0
27603.0,61172.74393164806,2870.0,15,5,910.0
27604.0,61172.90671221242,2870.0,15,5,910.0
27605.0,61173.0662371655,2870.0,15,5,910.0
27606.0,61173.2225716195,2870.0,15,5,910.0
27607.0,61173.37577938444,2870.0,15,5,910.0
27608.0,61173.52592299407,2870.0,15,5,910.0
27609.0,61173.67306373152,2870.0,15,5,910.0
27610.0,61173.81726165421,2870.0,15,5,910.0
27611.0,61173.958575618446,2870.0,15,5,910.0
27612.0,61174.097063303394,2870.0,15,5,910.0
27613.0,61174.23278123466,2870.0,15,5,910.0
27614.0,61174.36578480729,2870.0,15,5,910.0
27615.0,61174.49612830846,2870.0,15,5,910.0
27616.0,61174.623864939625,2870.0,15,5,910.0
27617.0,61174.749046838144,2870.0,15,5,910.0
27618.0,61174.87172509871,2870.0,15,5,910.0
27619.0,61174.912842087964,2874.0,15,5,906.0
27620.0,61174.95313673743,2878.0,15,5,902.0
27621.0,61174.95313673743,2884.0,15,5,896.0
27622.0,61174.95313673743,2890.0,15,5,890.0
27623.0,61174.95313673743,2896.0,15,5,884.0
27624.0,61174.95313673743,2902.0,15,5,878.0
27625.0,61174.95313673743,2908.0,15,5,872.0
27626.0,61174.95313673743,2914.0,15,5,866.0
27627.0,61174.95313673743,2920.0,15,5,860.0
27628.0,61174.95313673743,2926.0,15,5,854.0
27629.0,61174.95313673743,2932.0,15,5,848.0
27630.0,61174.95313673743,2938.0,15,5,842.0
27631.0,61174.95313673743,2944.0,15,5,836.0
27632.0,61174.95313673743,2950.0,15,5,830.0
27633.0,61174.95313673743,2956.0,15,5,824.0
27634.0,61174.95313673743,2962.0,15,5,818.0
27635.0,61174.95313673743,2968.0,15,5,812.0
27636.0,61174.95313673743,2974.0,15,5,806.0
27637.0,61174.95313673743,2980.0,15,5,800.0
27638.0,61174.95313673743,2986.0,15,5,794.0
27639.0,61174.95313673743,2992.0,15,5,788.0
27640.0,61174.95313673743,2998.0,15,5,782.0
27641.0,61174.95313673743,3004.0,15,5,776.0
27642.0,61174.95313673743,3010.0,15,5,770.0
27643.0,61174.95313673743,3016.0,15,5,764.0
27644.0,61174.95313673743,3022.0,15,5,758.0
27645.0,61174.95313673743,3028.0,15,5,752.0
27646.0,61174.95313673743,3034.0,15,5,746.0
27647.0,61174.95313673743,3040.0,15,5,740.0
27648.0,61174.95313673743,3046.0,15,5,734.0
27649.0,61174.95313673743,3052.0,15,5,728.0
27650.0,61174.95313673743,3058.0,15,5,722.0
27651.0,61174.95313673743,3064.0,15,5,716.0
27652.0,61174.95313673743,3070.0,15,5,710.0
27653.0,61174.95313673743,3076.0,15,5,704.0
27654.0,61174.95313673743,3080.0,16,4,700.0
27655.0,61175.05313673743,3080.0,16,4,700.0
27656.0,61175.35313673744,3080.0,16,4,700.0
27657.0,61175.79170839274,3080.0,16,4,700.0
27658.0,61176.52657668342,3080.0,16,4,700.0
27659.0,61177.559698371886,3080.0,16,4,700.0
27660.0,61178.89181306018,3080.0,16,4,700.0
27661.0,61180.52327439392,3080.0,16,4,700.0
27662.0,61182.454277888726,3080.0,16,4,700.0
27663.0,61184.684942729684,3080.0,16,4,700.0
27664.0,61187.215346846686,3080.0,16,4,700.0
27665.0,61190.04554395279,3080.0,16,4,700.0
27666.0,61193.17557262181,3080.0,16,4,700.0
27667.0,61196.605461481966,3080.0,16,4,700.0
27668.0,61200.33523236047,3080.0,16,4,700.0
27669.0,61204.36490227725,3080.0,16,4,700.0
27670.0,61208.69448475867,3080.0,16,4,700.0
27671.0,61213.323990731245,3080.0,16,4,700.0
27672.0,61218.25342914699,3080.0,16,4,700.0
27673.0,61223.48280743152,3080.0,16,4,700.0
27674.0,61229.012131811716,3080.0,16,4,700.0
27675.0,61234.841407560205,3080.0,16,4,700.0
27676.0,61240.841407560205,3080.0,16,4,700.0
27677.0,61246.841407560205,3080.0,16,4,700.0
27678.0,61252.841407560205,3080.0,16,4,700.0
27679.0,61258.841407560205,3080.0,16,4,700.0
27680.0,61264.841407560205,3080.0,16,4,700.0
27681.0,61270.841407560205,3080.0,16,4,700.0
27682.0,61276.841407560205,3080.0,16,4,700.0
27683.0,61282.841407560205,3080.0,16,4,700.0
27684.0,61288.841407560205,3080.0,16,4,700.0
27685.0,61294.841407560205,3080.0,16,4,700.0
27686.0,61300.841407560205,3080.0,16,4,700.0
27687.0,61306.841407560205,3080.0,16,4,700.0
27688.0,61312.841407560205,3080.0,16,4,700.0
27689.0,61318.841407560205,3080.0,16,4,700.0
27690.0,61324.841407560205,3080.0,16,4,700.0
27691.0,61330.841407560205,3080.0,16,4,700.0
27692.0,61336.841407560205,3080.0,16,4,700.0
27693.0,61342.841407560205,3080.0,16,4,700.0
27694.0,61348.841407560205,3080.0,16,4,700.0
27695.0,61354.841407560205,3080.0,16,4,700.0
27696.0,61360.841407560205,3080.0,16,4,700.0
27697.0,61366.841407560205,3080.0,16,4,700.0
27698.0,61372.841407560205,3080.0,16,4,700.0
27699.0,61378.841407560205,3080.0,16,4,700.0
27700.0,61384.841407560205,3080.0,16,4,700.0
27701.0,61390.841407560205,3080.0,16,4,700.0
27702.0,61396.841407560205,3080.0,16,4,700.0
27703.0,61402.841407560205,3080.0,16,4,700.0
27704.0,61408.841407560205,3080.0,16,4,700.0
27705.0,61414.841407560205,3080.0,16,4,700.0
27706.0,61420.841407560205,3080.0,16,4,700.0
27707.0,61426.841407560205,3080.0,16,4,700.0
27708.0,61432.841407560205,3080.0,16,4,700.0
27709.0,61438.841407560205,3080.0,16,4,700.0
27710.0,61444.841407560205,3080.0,16,4,700.0
27711.0,61450.841407560205,3080.0,16,4,700.0
27712.0,61456.841407560205,3080.0,16,4,700.0
27713.0,61462.841407560205,3080.0,16,4,700.0
27714.0,61468.841407560205,3080.0,16,4,700.0
27715.0,61474.841407560205,3080.0,16,4,700.0
27716.0,61480.841407560205,3080.0,16,4,700.0
27717.0,61486.841407560205,3080.0,16,4,700.0
27718.0,61492.841407560205,3080.0,16,4,700.0
27719.0,61498.841407560205,3080.0,16,4,700.0
27720.0,61504.841407560205,3080.0,16,4,700.0
27721.0,61510.841407560205,3080.0,16,4,700.0
27722.0,61516.841407560205,3080.0,16,4,700.0
27723.0,61522.841407560205,3080.0,16,4,700.0
27724.0,61528.841407560205,3080.0,16,4,700.0
27725.0,61534.841407560205,3080.0,16,4,700.0
27726.0,61540.841407560205,3080.0,16,4,700.0
27727.0,61546.841407560205,3080.0,16,4,700.0
27728.0,61552.841407560205,3080.0,16,4,700.0
27729.0,61558.841407560205,3080.0,16,4,700.0
27730.0,61564.841407560205,3080.0,16,4,700.0
27731.0,61570.841407560205,3080.0,16,4,700.0
27732.0,61576.841407560205,3080.0,16,4,700.0
27733.0,61582.841407560205,3080.0,16,4,700.0
27734.0,61588.841407560205,3080.0,16,4,700.0
27735.0,61594.841407560205,3080.0,16,4,700.0
27736.0,61600.841407560205,3080.0,16,4,700.0
27737.0,61606.841407560205,3080.0,16,4,700.0
27738.0,61612.841407560205,3080.0,16,4,700.0
27739.0,61618.841407560205,3080.0,16,4,700.0
27740.0,61624.841407560205,3080.0,16,4,700.0
27741.0,61630.841407560205,3080.0,16,4,700.0
27742.0,61636.841407560205,3080.0,16,4,700.0
27743.0,61642.841407560205,3080.0,16,4,700.0
27744.0,61648.841407560205,3080.0,16,4,700.0
27745.0,61654.841407560205,3080.0,16,4,700.0
27746.0,61660.841407560205,3080.0,16,4,700.0
27747.0,61666.841407560205,3080.0,16,4,700.0
27748.0,61672.841407560205,3080.0,16,4,700.0
27749.0,61678.841407560205,3080.0,16,4,700.0
27750.0,61684.841407560205,3080.0,16,4,700.0
27751.0,61690.841407560205,3080.0,16,4,700.0
27752.0,61696.841407560205,3080.0,16,4,700.0
27753.0,61702.841407560205,3080.0,16,4,700.0
27754.0,61708.841407560205,3080.0,16,4,700.0
27755.0,61714.841407560205,3080.0,16,4,700.0
27756.0,61720.841407560205,3080.0,16,4,700.0
27757.0,61726.841407560205,3080.0,16,4,700.0
27758.0,61732.841407560205,3080.0,16,4,700.0
27759.0,61738.841407560205,3080.0,16,4,700.0
27760.0,61744.841407560205,3080.0,16,4,700.0
27761.0,61750.841407560205,3080.0,16,4,700.0
27762.0,61756.841407560205,3080.0,16,4,700.0
27763.0,61762.841407560205,3080.0,16,4,700.0
27764.0,61768.841407560205,3080.0,16,4,700.0
27765.0,61774.841407560205,3080.0,16,4,700.0
27766.0,61780.841407560205,3080.0,16,4,700.0
27767.0,61786.841407560205,3080.0,16,4,700.0
27768.0,61792.841407560205,3080.0,16,4,700.0
27769.0,61798.841407560205,3080.0,16,4,700.0
27770.0,61804.841407560205,3080.0,16,4,700.0
27771.0,61810.841407560205,3080.0,16,4,700.0
27772.0,61816.841407560205,3080.0,16,4,700.0
27773.0,61822.841407560205,3080.0,16,4,700.0
27774.0,61828.841407560205,3080.0,16,4,700.0
27775.0,61834.841407560205,3080.0,16,4,700.0
27776.0,61840.841407560205,3080.0,16,4,700.0
27777.0,61846.841407560205,3080.0,16,4,700.0
27778.0,61852.841407560205,3080.0,16,4,700.0
27779.0,61858.841407560205,3080.0,16,4,700.0
27780.0,61864.841407560205,3080.0,16,4,700.0
27781.0,61870.841407560205,3080.0,16,4,700.0
27782.0,61876.841407560205,3080.0,16,4,700.0
27783.0,61882.841407560205,3080.0,16,4,700.0
27784.0,61888.841407560205,3080.0,16,4,700.0
27785.0,61894.841407560205,3080.0,16,4,700.0
27786.0,61900.841407560205,3080.0,16,4,700.0
27787.0,61906.841407560205,3080.0,16,4,700.0
27788.0,61912.841407560205,3080.0,16,4,700.0
27789.0,61918.841407560205,3080.0,16,4,700.0
27790.0,61924.841407560205,3080.0,16,4,700.0
27791.0,61930.841407560205,3080.0,16,4,700.0
27792.0,61936.841407560205,3080.0,16,4,700.0
27793.0,61942.841407560205,3080.0,16,4,700.0
27794.0,61948.841407560205,3080.0,16,4,700.0
27795.0,61954.841407560205,3080.0,16,4,700.0
27796.0,61960.841407560205,3080.0,16,4,700.0
27797.0,61966.841407560205,3080.0,16,4,700.0
27798.0,61972.841407560205,3080.0,16,4,700.0
27799.0,61978.841407560205,3080.0,16,4,700.0
27800.0,61984.841407560205,3080.0,16,4,700.0
27801.0,61990.841407560205,3080.0,16,4,700.0
27802.0,61996.841407560205,3080.0,16,4,700.0
27803.0,62002.841407560205,3080.0,16,4,700.0
27804.0,62008.841407560205,3080.0,16,4,700.0
27805.0,62014.841407560205,3080.0,16,4,700.0
27806.0,62020.841407560205,3080.0,16,4,700.0
27807.0,62026.841407560205,3080.0,16,4,700.0
27808.0,62032.841407560205,3080.0,16,4,700.0
27809.0,62038.841407560205,3080.0,16,4,700.0
27810.0,62044.841407560205,3080.0,16,4,700.0
27811.0,62050.841407560205,3080.0,16,4,700.0
27812.0,62056.841407560205,3080.0,16,4,700.0
27813.0,62062.841407560205,3080.0,16,4,700.0
27814.0,62068.841407560205,3080.0,16,4,700.0
27815.0,62074.841407560205,3080.0,16,4,700.0
27816.0,62080.841407560205,3080.0,16,4,700.0
27817.0,62086.841407560205,3080.0,16,4,700.0
27818.0,62092.841407560205,3080.0,16,4,700.0
27819.0,62098.841407560205,3080.0,16,4,700.0
27820.0,62104.841407560205,3080.0,16,4,700.0
27821.0,62110.841407560205,3080.0,16,4,700.0
27822.0,62116.841407560205,3080.0,16,4,700.0
27823.0,62122.841407560205,3080.0,16,4,700.0
27824.0,62128.841407560205,3080.0,16,4,700.0
27825.0,62134.841407560205,3080.0,16,4,700.0
27826.0,62140.841407560205,3080.0,16,4,700.0
27827.0,62146.841407560205,3080.0,16,4,700.0
27828.0,62152.841407560205,3080.0,16,4,700.0
27829.0,62158.841407560205,3080.0,16,4,700.0
27830.0,62164.841407560205,3080.0,16,4,700.0
27831.0,62170.841407560205,3080.0,16,4,700.0
27832.0,62176.841407560205,3080.0,16,4,700.0
27833.0,62182.841407560205,3080.0,16,4,700.0
27834.0,62188.841407560205,3080.0,16,4,700.0
27835.0,62194.841407560205,3080.0,16,4,700.0
27836.0,62200.841407560205,3080.0,16,4,700.0
27837.0,62206.841407560205,3080.0,16,4,700.0
27838.0,62212.841407560205,3080.0,16,4,700.0
27839.0,62218.841407560205,3080.0,16,4,700.0
27840.0,62224.841407560205,3080.0,16,4,700.0
27841.0,62230.841407560205,3080.0,16,4,700.0
27842.0,62236.841407560205,3080.0,16,4,700.0
27843.0,62242.841407560205,3080.0,16,4,700.0
27844.0,62248.841407560205,3080.0,16,4,700.0
27845.0,62254.841407560205,3080.0,16,4,700.0
27846.0,62260.841407560205,3080.0,16,4,700.0
27847.0,62266.841407560205,3080.0,16,4,700.0
27848.0,62272.841407560205,3080.0,16,4,700.0
27849.0,62278.841407560205,3080.0,16,4,700.0
27850.0,62284.841407560205,3080.0,16,4,700.0
27851.0,62290.841407560205,3080.0,16,4,700.0
27852.0,62296.841407560205,3080.0,16,4,700.0
27853.0,62302.841407560205,3080.0,16,4,700.0
27854.0,62308.841407560205,3080.0,16,4,700.0
27855.0,62314.841407560205,3080.0,16,4,700.0
27856.0,62320.841407560205,3080.0,16,4,700.0
27857.0,62326.841407560205,3080.0,16,4,700.0
27858.0,62332.841407560205,3080.0,16,4,700.0
27859.0,62338.841407560205,3080.0,16,4,700.0
27860.0,62344.841407560205,3080.0,16,4,700.0
27861.0,62350.841407560205,3080.0,16,4,700.0
27862.0,62356.841407560205,3080.0,16,4,700.0
27863.0,62362.841407560205,3080.0,16,4,700.0
27864.0,62368.841407560205,3080.0,16,4,700.0
27865.0,62374.841407560205,3080.0,16,4,700.0
27866.0,62380.841407560205,3080.0,16,4,700.0
27867.0,62386.841407560205,3080.0,16,4,700.0
27868.0,62392.841407560205,3080.0,16,4,700.0
27869.0,62398.841407560205,3080.0,16,4,700.0
27870.0,62404.841407560205,3080.0,16,4,700.0
27871.0,62410.841407560205,3080.0,16,4,700.0
27872.0,62416.841407560205,3080.0,16,4,700.0
27873.0,62422.841407560205,3080.0,16,4,700.0
27874.0,62428.841407560205,3080.0,16,4,700.0
27875.0,62434.841407560205,3080.0,16,4,700.0
27876.0,62440.841407560205,3080.0,16,4,700.0
27877.0,62446.841407560205,3080.0,16,4,700.0
27878.0,62452.841407560205,3080.0,16,4,700.0
27879.0,62458.841407560205,3080.0,16,4,700.0
27880.0,62464.841407560205,3080.0,16,4,700.0
27881.0,62470.841407560205,3080.0,16,4,700.0
27882.0,62476.841407560205,3080.0,16,4,700.0
27883.0,62482.841407560205,3080.0,16,4,700.0
27884.0,62488.841407560205,3080.0,16,4,700.0
27885.0,62494.841407560205,3080.0,16,4,700.0
27886.0,62500.841407560205,3080.0,16,4,700.0
27887.0,62506.841407560205,3080.0,16,4,700.0
27888.0,62512.841407560205,3080.0,16,4,700.0
27889.0,62518.841407560205,3080.0,16,4,700.0
27890.0,62524.841407560205,3080.0,16,4,700.0
27891.0,62530.841407560205,3080.0,16,4,700.0
27892.0,62536.841407560205,3080.0,16,4,700.0
27893.0,62542.841407560205,3080.0,16,4,700.0
27894.0,62548.841407560205,3080.0,16,4,700.0
27895.0,62554.841407560205,3080.0,16,4,700.0
27896.0,62560.841407560205,3080.0,16,4,700.0
27897.0,62566.841407560205,3080.0,16,4,700.0
27898.0,62572.841407560205,3080.0,16,4,700.0
27899.0,62578.841407560205,3080.0,16,4,700.0
27900.0,62584.841407560205,3080.0,16,4,700.0
27901.0,62590.841407560205,3080.0,16,4,700.0
27902.0,62596.841407560205,3080.0,16,4,700.0
27903.0,62602.841407560205,3080.0,16,4,700.0
27904.0,62608.841407560205,3080.0,16,4,700.0
27905.0,62614.841407560205,3080.0,16,4,700.0
27906.0,62620.841407560205,3080.0,16,4,700.0
27907.0,62626.841407560205,3080.0,16,4,700.0
27908.0,62632.841407560205,3080.0,16,4,700.0
27909.0,62638.841407560205,3080.0,16,4,700.0
27910.0,62644.841407560205,3080.0,16,4,700.0
27911.0,62650.841407560205,3080.0,16,4,700.0
27912.0,62656.841407560205,3080.0,16,4,700.0
27913.0,62662.841407560205,3080.0,16,4,700.0
27914.0,62668.841407560205,3080.0,16,4,700.0
27915.0,62674.841407560205,3080.0,16,4,700.0
27916.0,62680.841407560205,3080.0,16,4,700.0
27917.0,62686.841407560205,3080.0,16,4,700.0
27918.0,62692.841407560205,3080.0,16,4,700.0
27919.0,62698.841407560205,3080.0,16,4,700.0
27920.0,62704.841407560205,3080.0,16,4,700.0
27921.0,62710.841407560205,3080.0,16,4,700.0
27922.0,62716.841407560205,3080.0,16,4,700.0
27923.0,62722.841407560205,3080.0,16,4,700.0
27924.0,62728.841407560205,3080.0,16,4,700.0
27925.0,62734.841407560205,3080.0,16,4,700.0
27926.0,62740.841407560205,3080.0,16,4,700.0
27927.0,62746.841407560205,3080.0,16,4,700.0
27928.0,62752.841407560205,3080.0,16,4,700.0
27929.0,62758.841407560205,3080.0,16,4,700.0
27930.0,62764.841407560205,3080.0,16,4,700.0
27931.0,62770.841407560205,3080.0,16,4,700.0
27932.0,62776.841407560205,3080.0,16,4,700.0
27933.0,62782.841407560205,3080.0,16,4,700.0
27934.0,62788.841407560205,3080.0,16,4,700.0
27935.0,62794.841407560205,3080.0,16,4,700.0
27936.0,62800.841407560205,3080.0,16,4,700.0
27937.0,62806.841407560205,3080.0,16,4,700.0
27938.0,62812.841407560205,3080.0,16,4,700.0
27939.0,62818.841407560205,3080.0,16,4,700.0
27940.0,62824.841407560205,3080.0,16,4,700.0
27941.0,62830.841407560205,3080.0,16,4,700.0
27942.0,62836.841407560205,3080.0,16,4,700.0
27943.0,62842.841407560205,3080.0,16,4,700.0
27944.0,62848.841407560205,3080.0,16,4,700.0
27945.0,62854.841407560205,3080.0,16,4,700.0
27946.0,62860.841407560205,3080.0,16,4,700.0
27947.0,62866.841407560205,3080.0,16,4,700.0
27948.0,62872.841407560205,3080.0,16,4,700.0
27949.0,62878.841407560205,3080.0,16,4,700.0
27950.0,62884.841407560205,3080.0,16,4,700.0
27951.0,62890.841407560205,3080.0,16,4,700.0
27952.0,62896.841407560205,3080.0,16,4,700.0
27953.0,62902.841407560205,3080.0,16,4,700.0
27954.0,62908.841407560205,3080.0,16,4,700.0
27955.0,62914.841407560205,3080.0,16,4,700.0
27956.0,62920.841407560205,3080.0,16,4,700.0
27957.0,62926.841407560205,3080.0,16,4,700.0
27958.0,62932.841407560205,3080.0,16,4,700.0
27959.0,62938.841407560205,3080.0,16,4,700.0
27960.0,62944.841407560205,3080.0,16,4,700.0
27961.0,62950.841407560205,3080.0,16,4,700.0
27962.0,62956.841407560205,3080.0,16,4,700.0
27963.0,62962.841407560205,3080.0,16,4,700.0
27964.0,62968.841407560205,3080.0,16,4,700.0
27965.0,62974.841407560205,3080.0,16,4,700.0
27966.0,62980.841407560205,3080.0,16,4,700.0
27967.0,62986.841407560205,3080.0,16,4,700.0
27968.0,62992.841407560205,3080.0,16,4,700.0
27969.0,62998.841407560205,3080.0,16,4,700.0
27970.0,63004.841407560205,3080.0,16,4,700.0
27971.0,63010.841407560205,3080.0,16,4,700.0
27972.0,63016.841407560205,3080.0,16,4,700.0
27973.0,63022.841407560205,3080.0,16,4,700.0
27974.0,63028.841407560205,3080.0,16,4,700.0
27975.0,63034.841407560205,3080.0,16,4,700.0
27976.0,63040.841407560205,3080.0,16,4,700.0
27977.0,63046.841407560205,3080.0,16,4,700.0
27978.0,63052.841407560205,3080.0,16,4,700.0
27979.0,63058.841407560205,3080.0,16,4,700.0
27980.0,63064.841407560205,3080.0,16,4,700.0
27981.0,63070.841407560205,3080.0,16,4,700.0
27982.0,63076.841407560205,3080.0,16,4,700.0
27983.0,63082.841407560205,3080.0,16,4,700.0
27984.0,63088.841407560205,3080.0,16,4,700.0
27985.0,63094.841407560205,3080.0,16,4,700.0
27986.0,63100.841407560205,3080.0,16,4,700.0
27987.0,63106.841407560205,3080.0,16,4,700.0
27988.0,63112.841407560205,3080.0,16,4,700.0
27989.0,63118.841407560205,3080.0,16,4,700.0
27990.0,63124.841407560205,3080.0,16,4,700.0
27991.0,63130.841407560205,3080.0,16,4,700.0
27992.0,63136.841407560205,3080.0,16,4,700.0
27993.0,63142.841407560205,3080.0,16,4,700.0
27994.0,63148.841407560205,3080.0,16,4,700.0
27995.0,63154.841407560205,3080.0,16,4,700.0
27996.0,63160.841407560205,3080.0,16,4,700.0
27997.0,63166.841407560205,3080.0,16,4,700.0
27998.0,63172.841407560205,3080.0,16,4,700.0
27999.0,63178.841407560205,3080.0,16,4,700.0
28000.0,63184.841407560205,3080.0,16,4,700.0
28001.0,63190.841407560205,3080.0,16,4,700.0
28002.0,63196.841407560205,3080.0,16,4,700.0
28003.0,63202.841407560205,3080.0,16,4,700.0
28004.0,63208.841407560205,3080.0,16,4,700.0
28005.0,63214.841407560205,3080.0,16,4,700.0
28006.0,63220.841407560205,3080.0,16,4,700.0
28007.0,63226.841407560205,3080.0,16,4,700.0
28008.0,63232.841407560205,3080.0,16,4,700.0
28009.0,63238.841407560205,3080.0,16,4,700.0
28010.0,63244.841407560205,3080.0,16,4,700.0
28011.0,63250.841407560205,3080.0,16,4,700.0
28012.0,63256.841407560205,3080.0,16,4,700.0
28013.0,63262.841407560205,3080.0,16,4,700.0
28014.0,63268.841407560205,3080.0,16,4,700.0
28015.0,63274.841407560205,3080.0,16,4,700.0
28016.0,63280.841407560205,3080.0,16,4,700.0
28017.0,63286.841407560205,3080.0,16,4,700.0
28018.0,63292.83831412411,3080.0,16,4,700.0
28019.0,63298.81528255674,3080.0,16,4,700.0
28020.0,63304.772711620695,3080.0,16,4,700.0
28021.0,63310.7109921034,3080.0,16,4,700.0
28022.0,63316.630506976435,3080.0,16,4,700.0
28023.0,63321.68050697643,3080.0,16,4,700.0
28024.0,63321.94317009114,3080.0,16,4,700.0
28025.0,63322.49627858959,3080.0,16,4,700.0
28026.0,63323.34865277678,3080.0,16,4,700.0
28027.0,63324.500771936335,3080.0,16,4,700.0
28028.0,63325.952761552806,3080.0,16,4,700.0
28029.0,63327.70467259319,3080.0,16,4,700.0
28030.0,63329.756530735904,3080.0,16,4,700.0
28031.0,63332.10835071998,3080.0,16,4,700.0
28032.0,63334.7601417831,3080.0,16,4,700.0
28033.0,63337.71191009423,3080.0,16,4,700.0
28034.0,63340.963659975525,3080.0,16,4,700.0
28035.0,63344.51539457099,3080.0,16,4,700.0
28036.0,63348.36711623738,3080.0,16,4,700.0
28037.0,63352.51882678537,3080.0,16,4,700.0
28038.0,63356.97052763459,3080.0,16,4,700.0
28039.0,63361.72221991731,3080.0,16,4,700.0
28040.0,63366.77390454962,3080.0,16,4,700.0
28041.0,63372.12558228168,3080.0,16,4,700.0
28042.0,63377.77725373414,3080.0,16,4,700.0
28043.0,63383.72891942472,3080.0,16,4,700.0
28044.0,63389.727880161045,3080.0,16,4,700.0
28045.0,63395.706861682665,3080.0,16,4,700.0
28046.0,63401.66626357384,3080.0,16,4,700.0
28047.0,63407.60647742719,3080.0,16,4,700.0
28048.0,63413.527887003474,3080.0,16,4,700.0
28049.0,63419.430868388234,3080.0,16,4,700.0
28050.0,63424.49170019287,3080.0,16,4,700.0
28051.0,63427.83710414896,3080.0,16,4,700.0
28052.0,63429.714122379235,3080.0,16,4,700.0
28053.0,63432.03853155798,3080.0,16,4,700.0
28054.0,63434.81282849611,3080.0,16,4,700.0
28055.0,63438.039510493574,3080.0,16,4,700.0
28056.0,63441.721056338894,3080.0,16,4,700.0
28057.0,63445.859908003804,3080.0,16,4,700.0
28058.0,63450.437035022755,3080.0,16,4,700.0
28059.0,63455.40804472925,3080.0,16,4,700.0
28060.0,63460.771634241624,3080.0,16,4,700.0
28061.0,63466.52795196374,3080.0,16,4,700.0
28062.0,63472.67714333142,3080.0,16,4,700.0
28063.0,63479.21935087173,3080.0,16,4,700.0
28064.0,63486.093055325706,3080.0,16,4,700.0
28065.0,63493.296285690594,3080.0,16,4,700.0
28066.0,63500.82945144818,3080.0,16,4,700.0
28067.0,63508.69295389062,3080.0,16,4,700.0
28068.0,63516.88718628419,3080.0,16,4,700.0
28069.0,63525.41253402992,3080.0,16,4,700.0
28070.0,63534.17003705614,3080.0,16,4,700.0
28071.0,63542.990390021834,3080.0,16,4,700.0
28072.0,63551.7743359282,3080.0,16,4,700.0
28073.0,63559.62784722578,3080.0,16,4,700.0
28074.0,63567.464288297415,3080.0,16,4,700.0
28075.0,63575.2840005476,3080.0,16,4,700.0
28076.0,63583.08731855279,3080.0,16,4,700.0
28077.0,63590.87457019788,3080.0,16,4,700.0
28078.0,63598.64607681005,3080.0,16,4,700.0
28079.0,63606.40215328999,3080.0,16,4,700.0
28080.0,63614.14310824034,3080.0,16,4,700.0
28081.0,63621.86924409168,3080.0,16,4,700.0
28082.0,63629.580857225985,3080.0,16,4,700.0
28083.0,63637.2782380976,3080.0,16,4,700.0
28084.0,63644.96167135179,3080.0,16,4,700.0
28085.0,63652.631435940886,3080.0,16,4,700.0
28086.0,63660.287805238215,3080.0,16,4,700.0
28087.0,63667.931047149585,3080.0,16,4,700.0
28088.0,63675.561424222746,3080.0,16,4,700.0
28089.0,63683.17919375442,3080.0,16,4,700.0
28090.0,63690.784607895475,3080.0,16,4,700.0
28091.0,63698.36560072939,3080.0,16,4,700.0
28092.0,63705.91497370662,3080.0,16,4,700.0
28093.0,63713.43335922429,3080.0,16,4,700.0
28094.0,63720.92137703163,3080.0,16,4,700.0
28095.0,63728.369413816225,3080.0,16,4,700.0
28096.0,63735.76848986515,3080.0,16,4,700.0
28097.0,63743.11958439308,3080.0,16,4,700.0
28098.0,63750.41730165972,3080.0,16,4,700.0
28099.0,63757.64906458104,3080.0,16,4,700.0
28100.0,63764.81619224393,3080.0,16,4,700.0
28101.0,63771.919977353566,3080.0,16,4,700.0
28102.0,63778.961686761,3080.0,16,4,700.0
28103.0,63785.94256198029,3080.0,16,4,700.0
28104.0,63792.86381969521,3080.0,16,4,700.0
28105.0,63799.726652255806,3080.0,16,4,700.0
28106.0,63806.532228165204,3080.0,16,4,700.0
28107.0,63813.28169255641,3080.0,16,4,700.0
28108.0,63819.976167659785,3080.0,16,4,700.0
28109.0,63826.6167532611,3080.0,16,4,700.0
28110.0,63833.2045271504,3080.0,16,4,700.0
28111.0,63839.7405455619,3080.0,16,4,700.0
28112.0,63846.22584360518,3080.0,16,4,700.0
28113.0,63852.66143568758,3080.0,16,4,700.0
28114.0,63859.04831592836,3080.0,16,4,700.0
28115.0,63865.38745856429,3080.0,16,4,700.0
28116.0,63871.67981834752,3080.0,16,4,700.0
28117.0,63877.92633093509,3080.0,16,4,700.0
28118.0,63884.12791327089,3080.0,16,4,700.0
28119.0,63890.28546396,3080.0,16,4,700.0
28120.0,63896.39986363529,3080.0,16,4,700.0
28121.0,63902.47197531711,3080.0,16,4,700.0
28122.0,63908.50264476528,3080.0,16,4,700.0
28123.0,63914.49270082447,3080.0,16,4,700.0
28124.0,63920.44295576251,3080.0,16,4,700.0
28125.0,63926.35420560176,3080.0,16,4,700.0
28126.0,63932.22723044423,3080.0,16,4,700.0
28127.0,63938.062794789876,3080.0,16,4,700.0
28128.0,63943.86164784859,3080.0,16,4,700.0
28129.0,63949.62452384611,3080.0,16,4,700.0
28130.0,63955.35214232371,3080.0,16,4,700.0
28131.0,63961.04520843175,3080.0,16,4,700.0
28132.0,63966.70441321762,3080.0,16,4,700.0
28133.0,63972.3304339078,3080.0,16,4,700.0
28134.0,63977.923934184146,3080.0,16,4,700.0
28135.0,63983.48556445497,3080.0,16,4,700.0
28136.0,63989.01596212038,3080.0,16,4,700.0
28137.0,63994.5157518325,3080.0,16,4,700.0
28138.0,63999.98554575034,3080.0,16,4,700.0
28139.0,64005.42594378986,3080.0,16,4,700.0
28140.0,64010.83753386856,3080.0,16,4,700.0
28141.0,64016.22089214572,3080.0,16,4,700.0
28142.0,64021.57658325731,3080.0,16,4,700.0
28143.0,64026.90516054668,3080.0,16,4,700.0
28144.0,64032.20716629026,3080.0,16,4,700.0
28145.0,64037.483131918954,3080.0,16,4,700.0
28146.0,64042.7335782351,3080.0,16,4,700.0
28147.0,64047.9590156249,3080.0,16,4,700.0
28148.0,64053.15994426691,3080.0,16,4,700.0
28149.0,64058.336854336085,3080.0,16,4,700.0
28150.0,64063.49022620388,3080.0,16,4,700.0
28151.0,64068.62053063432,3080.0,16,4,700.0
28152.0,64073.728228976135,3080.0,16,4,700.0
28153.0,64078.813773351125,3080.0,16,4,700.0
28154.0,64083.87760683862,3080.0,16,4,700.0
28155.0,64088.92016365637,3080.0,16,4,700.0
28156.0,64093.94186933775,3080.0,16,4,700.0
28157.0,64098.943140905496,3080.0,16,4,700.0
28158.0,64103.9243870419,3080.0,16,4,700.0
28159.0,64108.88600825558,3080.0,16,4,700.0
28160.0,64113.828397044985,3080.0,16,4,700.0
28161.0,64118.7519380586,3080.0,16,4,700.0
28162.0,64123.65700825193,3080.0,16,4,700.0
28163.0,64128.54397704141,3080.0,16,4,700.0
28164.0,64133.41320645508,3080.0,16,4,700.0
28165.0,64138.26505128051,3080.0,16,4,700.0
28166.0,64143.09985920941,3080.0,16,4,700.0
28167.0,64147.91797097972,3080.0,16,4,700.0
28168.0,64152.71972051465,3080.0,16,4,700.0
28169.0,64157.50543505886,3080.0,16,4,700.0
28170.0,64162.2754353122,3080.0,16,4,700.0
28171.0,64167.030035560456,3080.0,16,4,700.0
28172.0,64171.76954380376,3080.0,16,4,700.0
28173.0,64176.479819833796,3080.0,16,4,700.0
28174.0,64181.1558903432,3080.0,16,4,700.0
28175.0,64185.79843944243,3080.0,16,4,700.0
28176.0,64190.40813755967,3080.0,16,4,700.0
28177.0,64194.98564171458,3080.0,16,4,700.0
28178.0,64198.64072945749,3080.0,16,4,700.0
28179.0,64202.282715445544,3080.0,16,4,700.0
28180.0,64205.911861713845,3080.0,16,4,700.0
28181.0,64209.52842505678,3080.0,16,4,700.0
28182.0,64213.13265713284,3080.0,16,4,700.0
28183.0,64216.724804567406,3080.0,16,4,700.0
28184.0,64220.30510905325,3080.0,16,4,700.0
28185.0,64223.87380744939,3080.0,16,4,700.0
28186.0,64227.431131877616,3080.0,16,4,700.0
28187.0,64230.97730981727,3080.0,16,4,700.0
28188.0,64234.51256419813,3080.0,16,4,700.0
28189.0,64238.03711349137,3080.0,16,4,700.0
28190.0,64241.551171798754,3080.0,16,4,700.0
28191.0,64245.054948939985,3080.0,16,4,700.0
28192.0,64248.54865053839,3080.0,16,4,700.0
28193.0,64252.03247810484,3080.0,16,4,700.0
28194.0,64255.50662911995,3080.0,16,4,700.0
28195.0,64258.97129711475,3080.0,16,4,700.0
28196.0,64262.426671749665,3080.0,16,4,700.0
28197.0,64265.87293889187,3080.0,16,4,700.0
28198.0,64269.31028069125,3080.0,16,4,700.0
28199.0,64272.73887565463,3080.0,16,4,700.0
28200.0,64276.15889871874,3080.0,16,4,700.0
28201.0,64279.57052132157,3080.0,16,4,700.0
28202.0,64282.95844988343,3080.0,16,4,700.0
28203.0,64286.31861987406,3080.0,16,4,700.0
28204.0,64289.631763607904,3080.0,16,4,700.0
28205.0,64292.91864446708,3080.0,16,4,700.0
28206.0,64296.17978770906,3080.0,16,4,700.0
28207.0,64298.52576334117,3080.0,16,4,700.0
28208.0,64300.864819460636,3080.0,16,4,700.0
28209.0,64303.19709445772,3080.0,16,4,700.0
28210.0,64305.52272395487,3080.0,16,4,700.0
28211.0,64307.841840862064,3080.0,16,4,700.0
28212.0,64310.15457543111,3080.0,16,4,700.0
28213.0,64312.461055308784,3080.0,16,4,700.0
28214.0,64314.7614055889,3080.0,16,4,700.0
28215.0,64317.05574886342,3080.0,16,4,700.0
28216.0,64319.34420527244,3080.0,16,4,700.0
28217.0,64321.62689255329,3080.0,16,4,700.0
28218.0,64323.90392608852,3080.0,16,4,700.0
28219.0,64326.17541895305,3080.0,16,4,700.0
28220.0,64328.44148196027,3080.0,16,4,700.0
28221.0,64330.70222370737,3080.0,16,4,700.0
28222.0,64332.95775061952,3080.0,16,4,700.0
28223.0,64335.20816699343,3080.0,16,4,700.0
28224.0,64337.453575039835,3080.0,16,4,700.0
28225.0,64339.69407492534,3080.0,16,4,700.0
28226.0,64341.92976481313,3080.0,16,4,700.0
28227.0,64344.145394815554,3080.0,16,4,700.0
28228.0,64346.33671221792,3080.0,16,4,700.0
28229.0,64348.504203272256,3080.0,16,4,700.0
28230.0,64350.64834450549,3080.0,16,4,700.0
28231.0,64352.769602914064,3080.0,16,4,700.0
28232.0,64353.97838700541,3080.0,16,4,700.0
28233.0,64355.18299541493,3080.0,16,4,700.0
28234.0,64356.383511656255,3080.0,16,4,700.0
28235.0,64357.58001757276,3080.0,16,4,700.0
28236.0,64358.76283020081,3080.0,16,4,700.0
28237.0,64359.9219865763,3080.0,16,4,700.0
28238.0,64361.05795982428,3080.0,16,4,700.0
28239.0,64362.171213607304,3080.0,16,4,700.0
28240.0,64363.24254188518,3080.0,16,4,700.0
28241.0,64363.64734793319,3080.0,16,4,700.0
28242.0,64364.299057860255,3080.0,16,4,700.0
28243.0,64365.19773358878,3080.0,16,4,700.0
28244.0,64366.343435802744,3080.0,16,4,700.0
28245.0,64367.7362239724,3080.0,16,4,700.0
28246.0,64369.37615637868,3080.0,16,4,700.0
28247.0,64371.26329013684,3080.0,16,4,700.0
28248.0,64373.39768121982,3080.0,16,4,700.0
28249.0,64375.73216484426,3080.0,16,4,700.0
28250.0,64378.2559587962,3080.0,16,4,700.0
28251.0,64380.96927686908,3080.0,16,4,700.0
28252.0,64383.872328580524,3080.0,16,4,700.0
28253.0,64386.950244300075,3080.0,16,4,700.0
28254.0,64390.15560170524,3080.0,16,4,700.0
28255.0,64393.48885196231,3080.0,16,4,700.0
28256.0,64396.95043721423,3080.0,16,4,700.0
28257.0,64400.54079076111,3080.0,16,4,700.0
28258.0,64404.260337237065,3080.0,16,4,700.0
28259.0,64408.109492783486,3080.0,16,4,700.0
28260.0,64412.08866521898,3080.0,16,4,700.0
28261.0,64416.048254205765,3080.0,16,4,700.0
28262.0,64419.98865141283,3080.0,16,4,700.0
28263.0,64423.91024067573,3080.0,16,4,700.0
28264.0,64427.81339815339,3080.0,16,4,700.0
28265.0,64431.69849248149,3080.0,16,4,700.0
28266.0,64435.56588492303,3080.0,16,4,700.0
28267.0,64439.41592951573,3080.0,16,4,700.0
28268.0,64443.23216393749,3080.0,16,4,700.0
28269.0,64447.01207367083,3080.0,16,4,700.0
28270.0,64450.756385209475,3080.0,16,4,700.0
28271.0,64454.46581051737,3080.0,16,4,700.0
28272.0,64458.141047319106,3080.0,16,4,700.0
28273.0,64461.7827793848,3080.0,16,4,700.0
28274.0,64465.39167680919,3080.0,16,4,700.0
28275.0,64468.96839628508,3080.0,16,4,700.0
28276.0,64472.51358137146,3080.0,16,4,700.0
28277.0,64476.026370888525,3080.0,16,4,700.0
28278.0,64479.48890461525,3080.0,16,4,700.0
28279.0,64482.90218766744,3080.0,16,4,700.0
28280.0,64486.26720505859,3080.0,16,4,700.0
28281.0,64489.58492210191,3080.0,16,4,700.0
28282.0,64492.856284804366,3080.0,16,4,700.0
28283.0,64496.08222025277,3080.0,16,4,700.0
28284.0,64499.26363699221,3080.0,16,4,700.0
28285.0,64502.38181537801,3080.0,16,4,700.0
28286.0,64505.457630196084,3080.0,16,4,700.0
28287.0,64508.49192871781,3080.0,16,4,700.0
28288.0,64511.485541269096,3080.0,16,4,700.0
28289.0,64514.419630007804,3080.0,16,4,700.0
28290.0,64517.29574280378,3080.0,16,4,700.0
28291.0,64520.11433334383,3080.0,16,4,700.0
28292.0,64522.856823768074,3085.0,16,4,695.0
28293.0,64525.54446438383,3090.0,16,4,690.0
28294.0,64528.178352187264,3095.0,16,4,685.0
28295.0,64530.75956223464,3100.0,16,4,680.0
28296.0,64533.289148081065,3105.0,16,4,675.0
28297.0,64535.76814221055,3110.0,16,4,670.0
28298.0,64538.19755645746,3115.0,16,4,665.0
28299.0,64540.57838241942,3120.0,16,4,660.0
28300.0,64542.911591862154,3125.0,16,4,655.0
28301.0,64545.19813711602,3130.0,16,4,650.0
28302.0,64547.438951464814,3135.0,16,4,645.0
28303.0,64549.63494952663,3140.0,16,4,640.0
28304.0,64551.78702762722,3145.0,16,4,635.0
28305.0,64553.8960641658,3150.0,16,4,630.0
28306.0,64555.962919973594,3155.0,16,4,625.0
28307.0,64557.98843866524,3160.0,16,4,620.0
28308.0,64559.973446983044,3165.0,16,4,615.0
28309.0,64561.9187551345,3170.0,16,4,610.0
28310.0,64563.825157122934,3175.0,16,4,605.0
28311.0,64565.693431071595,3180.0,16,4,600.0
28312.0,64567.52433954126,3185.0,16,4,595.0
28313.0,64569.31862984155,3190.0,16,4,590.0
28314.0,64571.07703433584,3195.0,16,4,585.0
28315.0,64572.80027074025,3200.0,16,4,580.0
28316.0,64574.48904241655,3205.0,16,4,575.0
28317.0,64576.14403865934,3210.0,16,4,570.0
28318.0,64577.765934977266,3215.0,16,4,565.0
28319.0,64579.35539336884,3220.0,16,4,560.0
28320.0,64580.913062592575,3225.0,16,4,555.0
28321.0,64582.43957843184,3230.0,16,4,550.0
28322.0,64583.93556395432,3235.0,16,4,545.0
28323.0,64585.40162976635,3240.0,16,4,540.0
28324.0,64586.838374262144,3245.0,16,4,535.0
28325.0,64588.24638386801,3250.0,16,4,530.0
28326.0,64589.626233281764,3255.0,17,3,525.0
28327.0,64591.22848570725,3255.0,17,3,525.0
28328.0,64593.05369308422,3255.0,17,3,525.0
28329.0,64595.10239631366,3255.0,17,3,525.0
28330.0,64597.37512547849,3255.0,17,3,525.0
28331.0,64599.872400060034,3255.0,17,3,525.0
28332.0,64602.594729149954,3255.0,17,3,525.0
28333.0,64605.542611658064,3255.0,17,3,525.0
28334.0,64608.716536516025,3255.0,17,3,525.0
28335.0,64612.11698287681,3255.0,17,3,525.0
28336.0,64615.7444203104,3255.0,17,3,525.0
28337.0,64619.59930899532,3255.0,17,3,525.0
28338.0,64623.682099906524,3255.0,17,3,525.0
28339.0,64627.993234999514,3255.0,17,3,525.0
28340.0,64632.533147390626,3255.0,17,3,525.0
28341.0,64637.30226153393,3255.0,17,3,525.0
28342.0,64642.30099339438,3255.0,17,3,525.0
28343.0,64647.5297506176,3255.0,17,3,525.0
28344.0,64652.98893269635,3255.0,17,3,525.0
28345.0,64658.67893113355,3255.0,17,3,525.0
28346.0,64664.60012960199,3255.0,17,3,525.0
28347.0,64670.50290410107,3255.0,17,3,525.0
28348.0,64676.38762311016,3255.0,17,3,525.0
28349.0,64682.25464773908,3255.0,17,3,525.0
28350.0,64688.10433187542,3255.0,17,3,525.0
28351.0,64693.93702232903,3255.0,17,3,525.0
28352.0,64699.753058973554,3255.0,17,3,525.0
28353.0,64705.5527748852,3255.0,17,3,525.0
28354.0,64711.336496478616,3255.0,17,3,525.0
28355.0,64717.10454364016,3255.0,17,3,525.0
28356.0,64722.85722985846,3255.0,17,3,525.0
28357.0,64728.59486235241,3255.0,17,3,525.0
28358.0,64734.31774219648,3255.0,17,3,525.0
28359.0,64740.026164443676,3255.0,17,3,525.0
28360.0,64745.72041824591,3255.0,17,3,525.0
28361.0,64751.4007869721,3255.0,17,3,525.0
28362.0,64757.06754832377,3255.0,17,3,525.0
28363.0,64762.72097444842,3255.0,17,3,525.0
28364.0,64768.36133205057,3255.0,17,3,525.0
28365.0,64773.98888250068,3255.0,17,3,525.0
28366.0,64779.60388194177,3255.0,17,3,525.0
28367.0,64785.20658139406,3255.0,17,3,525.0
28368.0,64790.79722685729,3255.0,17,3,525.0
28369.0,64796.37605941127,3255.0,17,3,525.0
28370.0,64801.94331531415,3255.0,17,3,525.0
28371.0,64807.499226098975,3255.0,17,3,525.0
28372.0,64813.044018668115,3255.0,17,3,525.0
28373.0,64818.577915385875,3255.0,17,3,525.0
28374.0,64824.10113416927,3255.0,17,3,525.0
28375.0,64829.613888577,3255.0,17,3,525.0
28376.0,64835.116387896574,3255.0,17,3,525.0
28377.0,64840.60883722976,3255.0,17,3,525.0
28378.0,64846.09143757628,3255.0,17,3,525.0
28379.0,64851.56438591587,3255.0,17,3,525.0
28380.0,64857.02787528867,3255.0,17,3,525.0
28381.0,64862.482094874016,3255.0,17,3,525.0
28382.0,64867.92723006764,3255.0,17,3,525.0
28383.0,64873.36346255742,3255.0,17,3,525.0
28384.0,64878.79097039738,3255.0,17,3,525.0
28385.0,64884.20992808054,3255.0,17,3,525.0
28386.0,64889.62050661005,3255.0,17,3,525.0
28387.0,64895.02287356897,3255.0,17,3,525.0
28388.0,64900.4171931887,3255.0,17,3,525.0
28389.0,64905.80362641604,3255.0,17,3,525.0
28390.0,64911.182330978845,3255.0,17,3,525.0
28391.0,64916.55346145037,3255.0,17,3,525.0
28392.0,64921.91716931249,3255.0,17,3,525.0
28393.0,64927.27360301735,3255.0,17,3,525.0
28394.0,64932.62290804813,3255.0,17,3,525.0
28395.0,64937.965226978275,3255.0,17,3,525.0
28396.0,64943.30069952983,3255.0,17,3,525.0
28397.0,64948.62946263034,3255.0,17,3,525.0
28398.0,64953.93180078623,3255.0,17,3,525.0
28399.0,64959.22809217899,3255.0,17,3,525.0
28400.0,64964.5184577439,3255.0,17,3,525.0
28401.0,64969.803015997524,3255.0,17,3,525.0
28402.0,64975.08188308606,3255.0,17,3,525.0
28403.0,64980.35517283283,3255.0,17,3,525.0
28404.0,64985.62299678466,3255.0,17,3,525.0
28405.0,64990.885464257466,3255.0,17,3,525.0
28406.0,64996.1426823808,3255.0,17,3,525.0
28407.0,65001.39475614168,3255.0,17,3,525.0
28408.0,65006.64178842733,3255.0,17,3,525.0
28409.0,65011.88388006728,3255.0,17,3,525.0
28410.0,65017.12112987442,3255.0,17,3,525.0
28411.0,65022.35363468543,3255.0,17,3,525.0
28412.0,65027.5814894002,3255.0,17,3,525.0
28413.0,65032.804787020694,3255.0,17,3,525.0
28414.0,65038.02361868878,3255.0,17,3,525.0
28415.0,65043.23807372348,3255.0,17,3,525.0
28416.0,65048.448239657504,3255.0,17,3,525.0
28417.0,65053.654202272846,3255.0,17,3,525.0
28418.0,65058.85604563589,3255.0,17,3,525.0
28419.0,65064.05385213165,3255.0,17,3,525.0
28420.0,65069.24770249751,3255.0,17,3,525.0
28421.0,65074.437675856054,3255.0,17,3,525.0
28422.0,65079.62384974743,3255.0,17,3,525.0
28423.0,65084.80630016096,3255.0,17,3,525.0
28424.0,65089.98510156624,3255.0,17,3,525.0
28425.0,65095.14066585864,3255.0,17,3,525.0
28426.0,65100.29311886518,3255.0,17,3,525.0
28427.0,65105.442522811594,3255.0,17,3,525.0
28428.0,65110.58893867909,3255.0,17,3,525.0
28429.0,65115.73242622923,3255.0,17,3,525.0
28430.0,65120.873044028354,3255.0,17,3,525.0
28431.0,65126.01084947151,3255.0,17,3,525.0
28432.0,65131.1458988058,3255.0,17,3,525.0
28433.0,65136.2782471534,3255.0,17,3,525.0
28434.0,65141.407948534055,3255.0,17,3,525.0
28435.0,65146.53505588709,3255.0,17,3,525.0
28436.0,65151.65962109307,3255.0,17,3,525.0
28437.0,65156.781694994934,3255.0,17,3,525.0
28438.0,65161.90132741875,3255.0,17,3,525.0
28439.0,65167.01856719409,3255.0,17,3,525.0
28440.0,65172.13346217393,3255.0,17,3,525.0
28441.0,65177.246059254176,3255.0,17,3,525.0
28442.0,65182.35640439281,3255.0,17,3,525.0
28443.0,65187.46454262867,3255.0,17,3,525.0
28444.0,65192.57051809983,3255.0,17,3,525.0
28445.0,65197.67437406154,3255.0,17,3,525.0
28446.0,65202.776152904036,3255.0,17,3,525.0
28447.0,65207.87589616968,3255.0,17,3,525.0
28448.0,65212.973644570004,3255.0,17,3,525.0
28449.0,65218.06943800232,3255.0,17,3,525.0
28450.0,65223.163315565995,3255.0,17,3,525.0
28451.0,65228.25531557839,3255.0,17,3,525.0
28452.0,65233.34547559054,3255.0,17,3,525.0
28453.0,65238.43383240245,3255.0,17,3,525.0
28454.0,65243.520422078116,3255.0,17,3,525.0
28455.0,65248.60527996028,3255.0,17,3,525.0
28456.0,65253.6884406848,3255.0,17,3,525.0
28457.0,65258.769938194826,3255.0,17,3,525.0
28458.0,65263.849805754646,3255.0,17,3,525.0
28459.0,65268.92807596327,3255.0,17,3,525.0
28460.0,65274.004780767726,3255.0,17,3,525.0
28461.0,65279.06003234546,3255.0,17,3,525.0
28462.0,65284.114178891636,3255.0,17,3,525.0
28463.0,65289.16724250688,3255.0,17,3,525.0
28464.0,65294.21924484984,3255.0,17,3,525.0
28465.0,65299.27020714592,3255.0,17,3,525.0
28466.0,65304.3201501961,3255.0,17,3,525.0
28467.0,65309.369094385256,3255.0,17,3,525.0
28468.0,65314.41705969064,3255.0,17,3,525.0
28469.0,65319.464065689914,3255.0,17,3,525.0
28470.0,65324.51013156919,3255.0,17,3,525.0
28471.0,65329.53545126353,3255.0,17,3,525.0
28472.0,65334.56026456397,3255.0,17,3,525.0
28473.0,65339.5845815984,3255.0,17,3,525.0
28474.0,65344.60841229214,3255.0,17,3,525.0
28475.0,65349.631766372004,3255.0,17,3,525.0
28476.0,65354.65465337027,3255.0,17,3,525.0
28477.0,65359.67708262857,3255.0,17,3,525.0
28478.0,65364.699063301705,3255.0,17,3,525.0
28479.0,65369.72060436138,3255.0,17,3,525.0
28480.0,65374.74171459987,3255.0,17,3,525.0
28481.0,65379.762402633576,3255.0,17,3,525.0
28482.0,65384.78267690661,3255.0,17,3,525.0
28483.0,65389.78267690661,3258.0,17,3,522.0
28484.0,65394.78267690661,3263.0,17,3,517.0
28485.0,65399.78267690661,3268.0,17,3,512.0
28486.0,65404.78267690661,3273.0,17,3,507.0
28487.0,65409.78267690661,3278.0,17,3,502.0
28488.0,65414.78267690661,3283.0,17,3,497.0
28489.0,65419.78267690661,3288.0,17,3,492.0
28490.0,65424.78267690661,3293.0,17,3,487.0
28491.0,65429.78267690661,3298.0,17,3,482.0
28492.0,65434.78267690661,3303.0,17,3,477.0
28493.0,65439.78267690661,3308.0,17,3,472.0
28494.0,65444.78267690661,3313.0,17,3,467.0
28495.0,65449.78267690661,3318.0,17,3,462.0
28496.0,65454.78267690661,3323.0,17,3,457.0
28497.0,65459.78267690661,3328.0,17,3,452.0
28498.0,65464.78267690661,3333.0,17,3,447.0
28499.0,65469.78267690661,3338.0,17,3,442.0
28500.0,65474.78267690661,3343.0,17,3,437.0
28501.0,65479.78267690661,3348.0,17,3,432.0
28502.0,65484.78267690661,3353.0,17,3,427.0
28503.0,65489.78267690661,3358.0,17,3,422.0
28504.0,65494.78267690661,3363.0,17,3,417.0
28505.0,65499.78267690661,3368.0,17,3,412.0
28506.0,65504.78267690661,3373.0,17,3,407.0
28507.0,65509.78267690661,3378.0,17,3,402.0
28508.0,65514.78267690661,3383.0,17,3,397.0
28509.0,65519.78267690661,3388.0,17,3,392.0
28510.0,65524.78267690661,3393.0,17,3,387.0
28511.0,65529.78267690661,3398.0,17,3,382.0
28512.0,65534.78267690661,3403.0,17,3,377.0
28513.0,65539.78267690662,3408.0,17,3,372.0
28514.0,65544.78267690662,3413.0,17,3,367.0
28515.0,65549.78267690662,3418.0,17,3,362.0
28516.0,65554.78267690662,3423.0,17,3,357.0
28517.0,65559.78267690662,3428.0,17,3,352.0
28518.0,65564.93267690661,3430.0,18,2,350.0
28519.0,65570.3326769066,3430.0,18,2,350.0
28520.0,65575.98267690661,3430.0,18,2,350.0
28521.0,65581.88267690662,3430.0,18,2,350.0
28522.0,65588.03267690662,3430.0,18,2,350.0
28523.0,65594.43267690661,3430.0,18,2,350.0
28524.0,65601.0826769066,3430.0,18,2,350.0
28525.0,65607.98267690661,3430.0,18,2,350.0
28526.0,65615.13267690662,3430.0,18,2,350.0
28527.0,65622.53267690662,3430.0,18,2,350.0
28528.0,65630.18267690661,3430.0,18,2,350.0
28529.0,65638.0826769066,3430.0,18,2,350.0
28530.0,65646.23267690661,3430.0,18,2,350.0
28531.0,65654.63267690662,3430.0,18,2,350.0
28532.0,65663.28267690662,3430.0,18,2,350.0
28533.0,65672.18267690661,3430.0,18,2,350.0
28534.0,65681.3326769066,3430.0,18,2,350.0
28535.0,65690.73267690661,3430.0,18,2,350.0
28536.0,65700.38267690662,3430.0,18,2,350.0
28537.0,65710.28267690662,3430.0,18,2,350.0
28538.0,65720.28267690662,3430.0,18,2,350.0
28539.0,65730.28267690662,3430.0,18,2,350.0
28540.0,65740.28267690662,3430.0,18,2,350.0
28541.0,65750.28267690662,3430.0,18,2,350.0
28542.0,65760.28267690662,3430.0,18,2,350.0
28543.0,65770.28267690662,3430.0,18,2,350.0
28544.0,65780.28267690662,3430.0,18,2,350.0
28545.0,65790.28267690662,3430.0,18,2,350.0
28546.0,65800.28267690662,3430.0,18,2,350.0
28547.0,65810.28267690662,3430.0,18,2,350.0
28548.0,65820.28267690662,3430.0,18,2,350.0
28549.0,65830.28267690662,3430.0,18,2,350.0
28550.0,65840.28267690662,3430.0,18,2,350.0
28551.0,65850.28267690662,3430.0,18,2,350.0
28552.0,65860.28267690662,3430.0,18,2,350.0
28553.0,65870.28267690662,3430.0,18,2,350.0
28554.0,65880.28267690662,3430.0,18,2,350.0
28555.0,65890.28267690662,3430.0,18,2,350.0
28556.0,65900.28267690662,3430.0,18,2,350.0
28557.0,65910.28267690662,3430.0,18,2,350.0
28558.0,65920.28267690662,3430.0,18,2,350.0
28559.0,65930.28267690662,3430.0,18,2,350.0
28560.0,65940.28267690662,3430.0,18,2,350.0
28561.0,65950.28267690662,3430.0,18,2,350.0
28562.0,65960.28267690662,3430.0,18,2,350.0
28563.0,65970.28267690662,3430.0,18,2,350.0
28564.0,65980.28267690662,3430.0,18,2,350.0
28565.0,65990.28267690662,3430.0,18,2,350.0
28566.0,66000.28267690662,3430.0,18,2,350.0
28567.0,66010.28267690662,3430.0,18,2,350.0
28568.0,66020.28267690662,3430.0,18,2,350.0
28569.0,66030.28267690662,3430.0,18,2,350.0
28570.0,66040.28267690662,3430.0,18,2,350.0
28571.0,66050.28267690662,3430.0,18,2,350.0
28572.0,66060.28267690662,3430.0,18,2,350.0
28573.0,66070.28267690662,3430.0,18,2,350.0
28574.0,66080.28267690662,3430.0,18,2,350.0
28575.0,66090.28267690662,3430.0,18,2,350.0
28576.0,66100.28267690662,3430.0,18,2,350.0
28577.0,66110.28267690662,3430.0,18,2,350.0
28578.0,66120.28267690662,3430.0,18,2,350.0
28579.0,66130.28267690662,3430.0,18,2,350.0
28580.0,66140.28267690662,3430.0,18,2,350.0
28581.0,66150.28267690662,3430.0,18,2,350.0
28582.0,66160.28267690662,3430.0,18,2,350.0
28583.0,66170.28267690662,3430.0,18,2,350.0
28584.0,66180.28267690662,3430.0,18,2,350.0
28585.0,66190.28267690662,3430.0,18,2,350.0
28586.0,66200.28267690662,3430.0,18,2,350.0
28587.0,66210.28267690662,3430.0,18,2,350.0
28588.0,66220.28267690662,3430.0,18,2,350.0
28589.0,66230.28267690662,3430.0,18,2,350.0
28590.0,66240.28267690662,3430.0,18,2,350.0
28591.0,66250.28267690662,3430.0,18,2,350.0
28592.0,66260.28267690662,3430.0,18,2,350.0
28593.0,66270.28267690662,3430.0,18,2,350.0
28594.0,66280.28267690662,3430.0,18,2,350.0
28595.0,66290.28267690662,3430.0,18,2,350.0
28596.0,66300.28267690662,3430.0,18,2,350.0
28597.0,66310.28267690662,3430.0,18,2,350.0
28598.0,66320.28267690662,3430.0,18,2,350.0
28599.0,66330.28267690662,3430.0,18,2,350.0
28600.0,66340.28267690662,3430.0,18,2,350.0
28601.0,66350.28267690662,3430.0,18,2,350.0
28602.0,66360.28267690662,3430.0,18,2,350.0
28603.0,66370.28267690662,3430.0,18,2,350.0
28604.0,66380.28267690662,3430.0,18,2,350.0
28605.0,66390.28267690662,3430.0,18,2,350.0
28606.0,66400.28267690662,3430.0,18,2,350.0
28607.0,66410.28267690662,3430.0,18,2,350.0
28608.0,66420.28267690662,3430.0,18,2,350.0
28609.0,66430.28267690662,3430.0,18,2,350.0
28610.0,66440.28267690662,3430.0,18,2,350.0
28611.0,66450.28267690662,3430.0,18,2,350.0
28612.0,66460.28267690662,3430.0,18,2,350.0
28613.0,66470.28267690662,3430.0,18,2,350.0
28614.0,66480.28267690662,3430.0,18,2,350.0
28615.0,66490.28267690662,3430.0,18,2,350.0
28616.0,66500.28267690662,3430.0,18,2,350.0
28617.0,66510.28267690662,3430.0,18,2,350.0
28618.0,66520.28267690662,3430.0,18,2,350.0
28619.0,66530.28267690662,3430.0,18,2,350.0
28620.0,66540.28267690662,3430.0,18,2,350.0
28621.0,66550.28267690662,3430.0,18,2,350.0
28622.0,66560.28267690662,3430.0,18,2,350.0
28623.0,66570.28267690662,3430.0,18,2,350.0
28624.0,66580.28267690662,3430.0,18,2,350.0
28625.0,66590.28267690662,3430.0,18,2,350.0
28626.0,66600.28267690662,3430.0,18,2,350.0
28627.0,66610.28267690662,3430.0,18,2,350.0
28628.0,66620.28267690662,3430.0,18,2,350.0
28629.0,66630.28267690662,3430.0,18,2,350.0
28630.0,66640.28267690662,3430.0,18,2,350.0
28631.0,66650.28267690662,3430.0,18,2,350.0
28632.0,66660.28267690662,3430.0,18,2,350.0
28633.0,66670.28267690662,3430.0,18,2,350.0
28634.0,66680.28267690662,3430.0,18,2,350.0
28635.0,66690.28267690662,3430.0,18,2,350.0
28636.0,66700.28267690662,3430.0,18,2,350.0
28637.0,66710.28267690662,3430.0,18,2,350.0
28638.0,66720.28267690662,3430.0,18,2,350.0
28639.0,66730.28267690662,3430.0,18,2,350.0
28640.0,66740.28267690662,3430.0,18,2,350.0
28641.0,66750.28267690662,3430.0,18,2,350.0
28642.0,66760.28267690662,3430.0,18,2,350.0
28643.0,66770.28267690662,3430.0,18,2,350.0
28644.0,66780.28267690662,3430.0,18,2,350.0
28645.0,66790.28267690662,3430.0,18,2,350.0
28646.0,66800.28267690662,3430.0,18,2,350.0
28647.0,66810.28267690662,3430.0,18,2,350.0
28648.0,66820.28267690662,3430.0,18,2,350.0
28649.0,66830.28267690662,3430.0,18,2,350.0
28650.0,66840.28267690662,3430.0,18,2,350.0
28651.0,66850.28267690662,3430.0,18,2,350.0
28652.0,66860.28267690662,3430.0,18,2,350.0
28653.0,66870.28267690662,3430.0,18,2,350.0
28654.0,66880.28267690662,3430.0,18,2,350.0
28655.0,66890.28267690662,3430.0,18,2,350.0
28656.0,66900.28267690662,3430.0,18,2,350.0
28657.0,66910.28267690662,3430.0,18,2,350.0
28658.0,66920.28267690662,3430.0,18,2,350.0
28659.0,66930.28267690662,3430.0,18,2,350.0
28660.0,66940.28267690662,3430.0,18,2,350.0
28661.0,66950.28267690662,3430.0,18,2,350.0
28662.0,66960.28267690662,3430.0,18,2,350.0
28663.0,66970.28267690662,3430.0,18,2,350.0
28664.0,66980.28267690662,3430.0,18,2,350.0
28665.0,66990.28267690662,3430.0,18,2,350.0
28666.0,67000.28267690662,3430.0,18,2,350.0
28667.0,67010.28267690662,3430.0,18,2,350.0
28668.0,67020.28267690662,3430.0,18,2,350.0
28669.0,67030.28267690662,3430.0,18,2,350.0
28670.0,67040.28267690662,3430.0,18,2,350.0
28671.0,67050.28267690662,3430.0,18,2,350.0
28672.0,67060.28267690662,3430.0,18,2,350.0
28673.0,67070.28267690662,3430.0,18,2,350.0
28674.0,67080.28267690662,3430.0,18,2,350.0
28675.0,67090.28267690662,3430.0,18,2,350.0
28676.0,67100.28267690662,3430.0,18,2,350.0
28677.0,67110.28267690662,3430.0,18,2,350.0
28678.0,67120.28267690662,3430.0,18,2,350.0
28679.0,67130.28267690662,3430.0,18,2,350.0
28680.0,67140.28267690662,3430.0,18,2,350.0
28681.0,67150.28267690662,3430.0,18,2,350.0
28682.0,67160.28267690662,3430.0,18,2,350.0
28683.0,67170.28267690662,3430.0,18,2,350.0
28684.0,67180.28267690662,3430.0,18,2,350.0
28685.0,67190.28267690662,3430.0,18,2,350.0
28686.0,67200.28267690662,3430.0,18,2,350.0
28687.0,67210.28267690662,3430.0,18,2,350.0
28688.0,67220.28267690662,3430.0,18,2,350.0
28689.0,67230.28267690662,3430.0,18,2,350.0
28690.0,67240.28267690662,3430.0,18,2,350.0
28691.0,67250.28267690662,3430.0,18,2,350.0
28692.0,67260.28267690662,3430.0,18,2,350.0
28693.0,67270.28267690662,3430.0,18,2,350.0
28694.0,67280.28267690662,3430.0,18,2,350.0
28695.0,67290.28267690662,3430.0,18,2,350.0
28696.0,67300.28267690662,3430.0,18,2,350.0
28697.0,67310.28267690662,3430.0,18,2,350.0
28698.0,67320.28267690662,3430.0,18,2,350.0
28699.0,67330.28267690662,3430.0,18,2,350.0
28700.0,67340.28267690662,3430.0,18,2,350.0
28701.0,67350.28267690662,3430.0,18,2,350.0
28702.0,67360.28267690662,3430.0,18,2,350.0
28703.0,67370.28267690662,3430.0,18,2,350.0
28704.0,67380.28267690662,3430.0,18,2,350.0
28705.0,67390.28267690662,3430.0,18,2,350.0
28706.0,67400.28267690662,3430.0,18,2,350.0
28707.0,67410.28267690662,3430.0,18,2,350.0
28708.0,67420.28267690662,3430.0,18,2,350.0
28709.0,67430.28267690662,3430.0,18,2,350.0
28710.0,67440.28267690662,3430.0,18,2,350.0
28711.0,67450.28267690662,3430.0,18,2,350.0
28712.0,67460.28267690662,3430.0,18,2,350.0
28713.0,67470.28267690662,3430.0,18,2,350.0
28714.0,67480.28267690662,3430.0,18,2,350.0
28715.0,67490.28267690662,3430.0,18,2,350.0
28716.0,67500.28267690662,3430.0,18,2,350.0
28717.0,67510.28267690662,3430.0,18,2,350.0
28718.0,67520.28267690662,3430.0,18,2,350.0
28719.0,67530.28267690662,3430.0,18,2,350.0
28720.0,67540.28267690662,3430.0,18,2,350.0
28721.0,67550.28267690662,3430.0,18,2,350.0
28722.0,67560.28267690662,3430.0,18,2,350.0
28723.0,67570.28267690662,3430.0,18,2,350.0
28724.0,67580.28267690662,3430.0,18,2,350.0
28725.0,67590.28267690662,3430.0,18,2,350.0
28726.0,67600.28267690662,3430.0,18,2,350.0
28727.0,67610.28267690662,3430.0,18,2,350.0
28728.0,67620.28267690662,3430.0,18,2,350.0
28729.0,67630.28267690662,3430.0,18,2,350.0
28730.0,67640.28267690662,3430.0,18,2,350.0
28731.0,67650.28267690662,3430.0,18,2,350.0
28732.0,67660.28267690662,3430.0,18,2,350.0
28733.0,67670.28267690662,3430.0,18,2,350.0
28734.0,67680.28267690662,3430.0,18,2,350.0
28735.0,67690.28267690662,3430.0,18,2,350.0
28736.0,67700.28267690662,3430.0,18,2,350.0
28737.0,67710.28267690662,3430.0,18,2,350.0
28738.0,67720.28267690662,3430.0,18,2,350.0
28739.0,67730.28267690662,3430.0,18,2,350.0
28740.0,67740.28267690662,3430.0,18,2,350.0
28741.0,67750.28267690662,3430.0,18,2,350.0
28742.0,67760.28267690662,3430.0,18,2,350.0
28743.0,67770.28267690662,3430.0,18,2,350.0
28744.0,67780.28267690662,3430.0,18,2,350.0
28745.0,67790.28267690662,3430.0,18,2,350.0
28746.0,67800.28267690662,3430.0,18,2,350.0
28747.0,67810.28267690662,3430.0,18,2,350.0
28748.0,67820.28267690662,3430.0,18,2,350.0
28749.0,67830.28267690662,3430.0,18,2,350.0
28750.0,67840.28267690662,3430.0,18,2,350.0
28751.0,67850.28267690662,3430.0,18,2,350.0
28752.0,67860.28267690662,3430.0,18,2,350.0
28753.0,67870.28267690662,3430.0,18,2,350.0
28754.0,67880.28267690662,3430.0,18,2,350.0
28755.0,67890.28267690662,3430.0,18,2,350.0
28756.0,67900.28267690662,3430.0,18,2,350.0
28757.0,67910.28267690662,3430.0,18,2,350.0
28758.0,67920.28267690662,3430.0,18,2,350.0
28759.0,67930.28267690662,3430.0,18,2,350.0
28760.0,67940.28267690662,3430.0,18,2,350.0
28761.0,67950.28267690662,3430.0,18,2,350.0
28762.0,67960.28267690662,3430.0,18,2,350.0
28763.0,67970.28267690662,3430.0,18,2,350.0
28764.0,67980.28267690662,3430.0,18,2,350.0
28765.0,67990.28267690662,3430.0,18,2,350.0
28766.0,68000.28267690662,3430.0,18,2,350.0
28767.0,68010.28267690662,3430.0,18,2,350.0
28768.0,68020.28267690662,3430.0,18,2,350.0
28769.0,68030.28267690662,3430.0,18,2,350.0
28770.0,68040.28267690662,3430.0,18,2,350.0
28771.0,68050.28267690662,3430.0,18,2,350.0
28772.0,68060.28267690662,3430.0,18,2,350.0
28773.0,68070.28267690662,3430.0,18,2,350.0
28774.0,68080.28267690662,3430.0,18,2,350.0
28775.0,68090.28267690662,3430.0,18,2,350.0
28776.0,68100.28267690662,3430.0,18,2,350.0
28777.0,68110.28267690662,3430.0,18,2,350.0
28778.0,68120.28267690662,3430.0,18,2,350.0
28779.0,68130.28267690662,3430.0,18,2,350.0
28780.0,68140.28267690662,3430.0,18,2,350.0
28781.0,68150.28267690662,3430.0,18,2,350.0
28782.0,68160.28267690662,3430.0,18,2,350.0
28783.0,68170.28267690662,3430.0,18,2,350.0
28784.0,68180.28267690662,3430.0,18,2,350.0
28785.0,68190.28267690662,3430.0,18,2,350.0
28786.0,68200.28267690662,3430.0,18,2,350.0
28787.0,68210.28267690662,3430.0,18,2,350.0
28788.0,68220.28267690662,3430.0,18,2,350.0
28789.0,68230.28267690662,3430.0,18,2,350.0
28790.0,68240.28267690662,3430.0,18,2,350.0
28791.0,68250.28267690662,3430.0,18,2,350.0
28792.0,68260.28267690662,3430.0,18,2,350.0
28793.0,68270.28267690662,3430.0,18,2,350.0
28794.0,68280.28267690662,3430.0,18,2,350.0
28795.0,68290.28267690662,3430.0,18,2,350.0
28796.0,68300.28267690662,3430.0,18,2,350.0
28797.0,68310.28267690662,3430.0,18,2,350.0
28798.0,68320.28267690662,3430.0,18,2,350.0
28799.0,68330.28267690662,3430.0,18,2,350.0
28800.0,68340.28267690662,3430.0,18,2,350.0
28801.0,68350.28267690662,3430.0,18,2,350.0
28802.0,68360.28267690662,3430.0,18,2,350.0
28803.0,68370.28267690662,3430.0,18,2,350.0
28804.0,68380.28267690662,3430.0,18,2,350.0
28805.0,68390.28267690662,3430.0,18,2,350.0
28806.0,68400.28267690662,3430.0,18,2,350.0
28807.0,68410.28267690662,3430.0,18,2,350.0
28808.0,68420.28267690662,3430.0,18,2,350.0
28809.0,68430.28267690662,3430.0,18,2,350.0
28810.0,68440.28267690662,3430.0,18,2,350.0
28811.0,68450.28267690662,3430.0,18,2,350.0
28812.0,68460.28267690662,3430.0,18,2,350.0
28813.0,68470.28267690662,3430.0,18,2,350.0
28814.0,68480.28267690662,3430.0,18,2,350.0
28815.0,68490.28267690662,3430.0,18,2,350.0
28816.0,68500.28267690662,3430.0,18,2,350.0
28817.0,68510.28267690662,3430.0,18,2,350.0
28818.0,68520.28267690662,3430.0,18,2,350.0
28819.0,68530.28267690662,3430.0,18,2,350.0
28820.0,68540.28267690662,3430.0,18,2,350.0
28821.0,68550.28267690662,3430.0,18,2,350.0
28822.0,68560.28267690662,3430.0,18,2,350.0
28823.0,68570.28267690662,3430.0,18,2,350.0
28824.0,68580.28267690662,3430.0,18,2,350.0
28825.0,68590.28267690662,3430.0,18,2,350.0
28826.0,68600.28267690662,3430.0,18,2,350.0
28827.0,68610.28267690662,3430.0,18,2,350.0
28828.0,68620.28267690662,3430.0,18,2,350.0
28829.0,68630.28267690662,3430.0,18,2,350.0
28830.0,68640.28267690662,3430.0,18,2,350.0
28831.0,68650.28267690662,3430.0,18,2,350.0
28832.0,68660.28267690662,3430.0,18,2,350.0
28833.0,68670.28267690662,3430.0,18,2,350.0
28834.0,68680.28267690662,3430.0,18,2,350.0
28835.0,68690.28267690662,3430.0,18,2,350.0
28836.0,68700.28267690662,3430.0,18,2,350.0
28837.0,68710.28267690662,3430.0,18,2,350.0
28838.0,68720.28267690662,3430.0,18,2,350.0
28839.0,68730.28267690662,3430.0,18,2,350.0
28840.0,68740.28267690662,3430.0,18,2,350.0
28841.0,68750.28267690662,3430.0,18,2,350.0
28842.0,68760.28267690662,3430.0,18,2,350.0
28843.0,68770.28267690662,3430.0,18,2,350.0
28844.0,68780.28267690662,3430.0,18,2,350.0
28845.0,68790.28267690662,3430.0,18,2,350.0
28846.0,68800.28267690662,3430.0,18,2,350.0
28847.0,68810.28267690662,3430.0,18,2,350.0
28848.0,68820.28267690662,3430.0,18,2,350.0
28849.0,68830.28267690662,3430.0,18,2,350.0
28850.0,68840.28267690662,3430.0,18,2,350.0
28851.0,68850.28267690662,3430.0,18,2,350.0
28852.0,68860.28267690662,3430.0,18,2,350.0
28853.0,68870.28267690662,3430.0,18,2,350.0
28854.0,68880.28267690662,3430.0,18,2,350.0
28855.0,68890.28267690662,3430.0,18,2,350.0
28856.0,68900.28267690662,3430.0,18,2,350.0
28857.0,68910.28267690662,3430.0,18,2,350.0
28858.0,68920.28267690662,3430.0,18,2,350.0
28859.0,68930.28267690662,3430.0,18,2,350.0
28860.0,68940.28267690662,3430.0,18,2,350.0
28861.0,68950.28267690662,3430.0,18,2,350.0
28862.0,68960.28267690662,3430.0,18,2,350.0
28863.0,68970.28267690662,3430.0,18,2,350.0
28864.0,68980.28267690662,3430.0,18,2,350.0
28865.0,68990.28267690662,3430.0,18,2,350.0
28866.0,69000.28267690662,3430.0,18,2,350.0
28867.0,69010.28267690662,3430.0,18,2,350.0
28868.0,69020.28267690662,3430.0,18,2,350.0
28869.0,69030.28267690662,3430.0,18,2,350.0
28870.0,69040.28267690662,3430.0,18,2,350.0
28871.0,69050.28267690662,3430.0,18,2,350.0
28872.0,69060.28267690662,3430.0,18,2,350.0
28873.0,69070.28267690662,3430.0,18,2,350.0
28874.0,69080.28267690662,3430.0,18,2,350.0
28875.0,69090.28267690662,3430.0,18,2,350.0
28876.0,69100.28267690662,3430.0,18,2,350.0
28877.0,69110.28267690662,3430.0,18,2,350.0
28878.0,69120.28267690662,3430.0,18,2,350.0
28879.0,69130.28267690662,3430.0,18,2,350.0
28880.0,69140.28267690662,3430.0,18,2,350.0
28881.0,69150.28267690662,3430.0,18,2,350.0
28882.0,69160.28267690662,3430.0,18,2,350.0
28883.0,69170.28267690662,3430.0,18,2,350.0
28884.0,69180.28267690662,3430.0,18,2,350.0
28885.0,69190.28267690662,3430.0,18,2,350.0
28886.0,69200.28267690662,3430.0,18,2,350.0
28887.0,69210.28267690662,3430.0,18,2,350.0
28888.0,69220.28267690662,3430.0,18,2,350.0
28889.0,69230.28267690662,3430.0,18,2,350.0
28890.0,69240.28267690662,3430.0,18,2,350.0
28891.0,69250.28267690662,3430.0,18,2,350.0
28892.0,69260.28267690662,3430.0,18,2,350.0
28893.0,69270.28267690662,3430.0,18,2,350.0
28894.0,69280.28267690662,3430.0,18,2,350.0
28895.0,69290.28267690662,3430.0,18,2,350.0
28896.0,69300.28267690662,3430.0,18,2,350.0
28897.0,69310.28267690662,3430.0,18,2,350.0
28898.0,69320.28267690662,3430.0,18,2,350.0
28899.0,69330.28267690662,3430.0,18,2,350.0
28900.0,69340.28267690662,3430.0,18,2,350.0
28901.0,69350.28267690662,3430.0,18,2,350.0
28902.0,69360.28267690662,3430.0,18,2,350.0
28903.0,69370.28267690662,3430.0,18,2,350.0
28904.0,69380.28267690662,3430.0,18,2,350.0
28905.0,69390.28267690662,3430.0,18,2,350.0
28906.0,69400.28267690662,3430.0,18,2,350.0
28907.0,69410.28267690662,3430.0,18,2,350.0
28908.0,69420.28267690662,3430.0,18,2,350.0
28909.0,69430.28267690662,3430.0,18,2,350.0
28910.0,69440.28267690662,3430.0,18,2,350.0
28911.0,69450.28267690662,3430.0,18,2,350.0
28912.0,69460.28267690662,3430.0,18,2,350.0
28913.0,69470.28267690662,3430.0,18,2,350.0
28914.0,69480.28267690662,3430.0,18,2,350.0
28915.0,69490.28267690662,3430.0,18,2,350.0
28916.0,69500.28267690662,3430.0,18,2,350.0
28917.0,69510.28267690662,3430.0,18,2,350.0
28918.0,69520.28267690662,3430.0,18,2,350.0
28919.0,69530.28267690662,3430.0,18,2,350.0
28920.0,69540.28267690662,3430.0,18,2,350.0
28921.0,69550.28267690662,3430.0,18,2,350.0
28922.0,69560.28267690662,3430.0,18,2,350.0
28923.0,69570.28267690662,3430.0,18,2,350.0
28924.0,69580.28267690662,3430.0,18,2,350.0
28925.0,69590.28267690662,3430.0,18,2,350.0
28926.0,69600.28267690662,3430.0,18,2,350.0
28927.0,69610.28267690662,3430.0,18,2,350.0
28928.0,69620.28267690662,3430.0,18,2,350.0
28929.0,69630.28267690662,3430.0,18,2,350.0
28930.0,69640.28267690662,3430.0,18,2,350.0
28931.0,69650.28267690662,3430.0,18,2,350.0
28932.0,69660.28267690662,3430.0,18,2,350.0
28933.0,69670.28267690662,3430.0,18,2,350.0
28934.0,69680.28267690662,3430.0,18,2,350.0
28935.0,69690.28267690662,3430.0,18,2,350.0
28936.0,69700.28267690662,3430.0,18,2,350.0
28937.0,69710.28267690662,3430.0,18,2,350.0
28938.0,69720.28267690662,3430.0,18,2,350.0
28939.0,69730.28267690662,3430.0,18,2,350.0
28940.0,69740.28267690662,3430.0,18,2,350.0
28941.0,69750.28267690662,3430.0,18,2,350.0
28942.0,69760.28267690662,3430.0,18,2,350.0
28943.0,69770.28267690662,3430.0,18,2,350.0
28944.0,69780.28267690662,3430.0,18,2,350.0
28945.0,69790.28267690662,3430.0,18,2,350.0
28946.0,69800.28267690662,3430.0,18,2,350.0
28947.0,69810.28267690662,3430.0,18,2,350.0
28948.0,69820.28267690662,3430.0,18,2,350.0
28949.0,69830.28267690662,3430.0,18,2,350.0
28950.0,69840.28267690662,3430.0,18,2,350.0
28951.0,69850.28267690662,3430.0,18,2,350.0
28952.0,69860.28267690662,3430.0,18,2,350.0
28953.0,69870.28267690662,3430.0,18,2,350.0
28954.0,69880.28267690662,3430.0,18,2,350.0
28955.0,69890.28267690662,3430.0,18,2,350.0
28956.0,69900.28267690662,3430.0,18,2,350.0
28957.0,69910.28267690662,3430.0,18,2,350.0
28958.0,69920.28267690662,3430.0,18,2,350.0
28959.0,69930.28267690662,3430.0,18,2,350.0
28960.0,69940.28267690662,3430.0,18,2,350.0
28961.0,69950.28267690662,3430.0,18,2,350.0
28962.0,69960.28267690662,3430.0,18,2,350.0
28963.0,69970.28267690662,3430.0,18,2,350.0
28964.0,69980.28267690662,3430.0,18,2,350.0
28965.0,69990.28267690662,3430.0,18,2,350.0
28966.0,70000.28267690662,3430.0,18,2,350.0
28967.0,70010.28267690662,3430.0,18,2,350.0
28968.0,70020.28267690662,3430.0,18,2,350.0
28969.0,70030.28267690662,3430.0,18,2,350.0
28970.0,70040.28267690662,3430.0,18,2,350.0
28971.0,70050.28267690662,3430.0,18,2,350.0
28972.0,70060.28267690662,3430.0,18,2,350.0
28973.0,70070.28267690662,3430.0,18,2,350.0
28974.0,70080.28267690662,3430.0,18,2,350.0
28975.0,70090.28267690662,3430.0,18,2,350.0
28976.0,70100.28267690662,3430.0,18,2,350.0
28977.0,70110.28267690662,3430.0,18,2,350.0
28978.0,70120.28267690662,3430.0,18,2,350.0
28979.0,70130.28267690662,3430.0,18,2,350.0
28980.0,70140.28267690662,3430.0,18,2,350.0
28981.0,70150.28267690662,3430.0,18,2,350.0
28982.0,70160.28267690662,3430.0,18,2,350.0
28983.0,70170.28267690662,3430.0,18,2,350.0
28984.0,70180.28267690662,3430.0,18,2,350.0
28985.0,70190.28267690662,3430.0,18,2,350.0
28986.0,70200.28267690662,3430.0,18,2,350.0
28987.0,70210.28267690662,3430.0,18,2,350.0
28988.0,70220.28267690662,3430.0,18,2,350.0
28989.0,70230.28267690662,3430.0,18,2,350.0
28990.0,70240.28267690662,3430.0,18,2,350.0
28991.0,70250.28267690662,3430.0,18,2,350.0
28992.0,70260.28267690662,3430.0,18,2,350.0
28993.0,70270.28267690662,3430.0,18,2,350.0
28994.0,70280.28267690662,3430.0,18,2,350.0
28995.0,70290.28267690662,3430.0,18,2,350.0
28996.0,70300.28267690662,3430.0,18,2,350.0
28997.0,70310.28267690662,3430.0,18,2,350.0
28998.0,70320.28267690662,3430.0,18,2,350.0
28999.0,70330.28267690662,3430.0,18,2,350.0
29000.0,70340.28267690662,3430.0,18,2,350.0
29001.0,70350.28267690662,3430.0,18,2,350.0
29002.0,70360.28267690662,3430.0,18,2,350.0
29003.0,70370.28267690662,3430.0,18,2,350.0
29004.0,70380.28267690662,3430.0,18,2,350.0
29005.0,70390.28267690662,3430.0,18,2,350.0
29006.0,70400.28267690662,3430.0,18,2,350.0
29007.0,70410.28267690662,3430.0,18,2,350.0
29008.0,70420.28267690662,3430.0,18,2,350.0
29009.0,70430.28267690662,3430.0,18,2,350.0
29010.0,70440.28267690662,3430.0,18,2,350.0
29011.0,70450.28267690662,3430.0,18,2,350.0
29012.0,70460.28267690662,3430.0,18,2,350.0
29013.0,70470.28267690662,3430.0,18,2,350.0
29014.0,70480.28267690662,3430.0,18,2,350.0
29015.0,70490.28267690662,3430.0,18,2,350.0
29016.0,70500.28267690662,3430.0,18,2,350.0
29017.0,70510.28267690662,3430.0,18,2,350.0
29018.0,70520.28267690662,3430.0,18,2,350.0
29019.0,70530.28267690662,3430.0,18,2,350.0
29020.0,70540.28267690662,3430.0,18,2,350.0
29021.0,70550.28267690662,3430.0,18,2,350.0
29022.0,70560.28267690662,3430.0,18,2,350.0
29023.0,70570.28267690662,3430.0,18,2,350.0
29024.0,70580.28267690662,3430.0,18,2,350.0
29025.0,70590.28267690662,3430.0,18,2,350.0
29026.0,70600.28267690662,3430.0,18,2,350.0
29027.0,70610.28267690662,3430.0,18,2,350.0
29028.0,70620.28267690662,3430.0,18,2,350.0
29029.0,70630.28267690662,3430.0,18,2,350.0
29030.0,70640.28267690662,3430.0,18,2,350.0
29031.0,70650.28267690662,3430.0,18,2,350.0
29032.0,70660.28267690662,3430.0,18,2,350.0
29033.0,70670.28267690662,3430.0,18,2,350.0
29034.0,70680.28267690662,3430.0,18,2,350.0
29035.0,70690.28267690662,3430.0,18,2,350.0
29036.0,70700.28267690662,3430.0,18,2,350.0
29037.0,70710.28267690662,3430.0,18,2,350.0
29038.0,70720.28267690662,3430.0,18,2,350.0
29039.0,70730.28267690662,3430.0,18,2,350.0
29040.0,70740.28267690662,3430.0,18,2,350.0
29041.0,70750.28267690662,3430.0,18,2,350.0
29042.0,70760.28267690662,3430.0,18,2,350.0
29043.0,70770.28267690662,3430.0,18,2,350.0
29044.0,70780.28267690662,3430.0,18,2,350.0
29045.0,70790.28267690662,3430.0,18,2,350.0
29046.0,70800.28267690662,3430.0,18,2,350.0
29047.0,70810.28267690662,3430.0,18,2,350.0
29048.0,70820.28267690662,3430.0,18,2,350.0
29049.0,70830.28267690662,3430.0,18,2,350.0
29050.0,70840.28267690662,3430.0,18,2,350.0
29051.0,70850.28267690662,3430.0,18,2,350.0
29052.0,70860.28267690662,3430.0,18,2,350.0
29053.0,70870.28267690662,3430.0,18,2,350.0
29054.0,70880.28267690662,3430.0,18,2,350.0
29055.0,70890.28267690662,3430.0,18,2,350.0
29056.0,70900.28267690662,3430.0,18,2,350.0
29057.0,70910.28267690662,3430.0,18,2,350.0
29058.0,70920.28267690662,3430.0,18,2,350.0
29059.0,70930.28267690662,3430.0,18,2,350.0
29060.0,70940.28267690662,3430.0,18,2,350.0
29061.0,70950.28267690662,3430.0,18,2,350.0
29062.0,70960.28267690662,3430.0,18,2,350.0
29063.0,70970.28267690662,3430.0,18,2,350.0
29064.0,70980.28267690662,3430.0,18,2,350.0
29065.0,70990.28267690662,3430.0,18,2,350.0
29066.0,71000.28267690662,3430.0,18,2,350.0
29067.0,71010.28267690662,3430.0,18,2,350.0
29068.0,71020.28267690662,3430.0,18,2,350.0
29069.0,71030.28267690662,3430.0,18,2,350.0
29070.0,71040.28267690662,3430.0,18,2,350.0
29071.0,71050.28267690662,3430.0,18,2,350.0
29072.0,71060.28267690662,3430.0,18,2,350.0
29073.0,71070.28267690662,3430.0,18,2,350.0
29074.0,71080.28267690662,3430.0,18,2,350.0
29075.0,71090.28267690662,3430.0,18,2,350.0
29076.0,71100.28267690662,3430.0,18,2,350.0
29077.0,71110.28267690662,3430.0,18,2,350.0
29078.0,71120.28267690662,3430.0,18,2,350.0
29079.0,71130.28267690662,3430.0,18,2,350.0
29080.0,71140.28267690662,3430.0,18,2,350.0
29081.0,71150.28267690662,3430.0,18,2,350.0
29082.0,71160.28267690662,3430.0,18,2,350.0
29083.0,71170.28267690662,3430.0,18,2,350.0
29084.0,71180.28267690662,3430.0,18,2,350.0
29085.0,71190.28267690662,3430.0,18,2,350.0
29086.0,71200.28267690662,3430.0,18,2,350.0
29087.0,71210.28267690662,3430.0,18,2,350.0
29088.0,71220.28267690662,3430.0,18,2,350.0
29089.0,71230.28267690662,3430.0,18,2,350.0
29090.0,71240.27552138612,3430.0,18,2,350.0
29091.0,71250.19562557816,3430.0,18,2,350.0
29092.0,71260.01732768636,3430.0,18,2,350.0
29093.0,71269.7425957524,3430.0,18,2,350.0
29094.0,71279.3733584571,3430.0,18,2,350.0
29095.0,71288.9115059077,3430.0,18,2,350.0
29096.0,71298.3588904093,3430.0,18,2,350.0
29097.0,71307.71732722087,3430.0,18,2,350.0
29098.0,71316.9885952962,3430.0,18,2,350.0
29099.0,71326.17443801003,3430.0,18,2,350.0
29100.0,71335.2765638696,3430.0,18,2,350.0
29101.0,71344.29664721194,3430.0,18,2,350.0
29102.0,71353.23632888746,3430.0,18,2,350.0
29103.0,71362.09721692947,3430.0,18,2,350.0
29104.0,71370.88088721063,3430.0,18,2,350.0
29105.0,71379.58888408616,3430.0,18,2,350.0
29106.0,71388.2227210242,3430.0,18,2,350.0
29107.0,71396.78388122348,3430.0,18,2,350.0
29108.0,71405.27381821875,3430.0,18,2,350.0
29109.0,71413.69395647413,3430.0,18,2,350.0
29110.0,71422.04569196439,3430.0,18,2,350.0
29111.0,71430.33039274487,3430.0,18,2,350.0
29112.0,71438.54939950973,3430.0,18,2,350.0
29113.0,71446.70402613928,3430.0,18,2,350.0
29114.0,71454.79556023625,3430.0,18,2,350.0
29115.0,71462.82526365129,3430.0,18,2,350.0
29116.0,71470.794372998,3430.0,18,2,350.0
29117.0,71478.7041001578,3430.0,18,2,350.0
29118.0,71486.5556327744,3430.0,18,2,350.0
29119.0,71494.35013473868,3430.0,18,2,350.0
29120.0,71502.08874666365,3430.0,18,2,350.0
29121.0,71509.77258635014,3430.0,18,2,350.0
29122.0,71517.40274924287,3430.0,18,2,350.0
29123.0,71524.98030887776,3430.0,18,2,350.0
29124.0,71532.50631731997,3430.0,18,2,350.0
29125.0,71539.98180559331,3430.0,18,2,350.0
29126.0,71547.4077841012,3430.0,18,2,350.0
29127.0,71554.78524303895,3430.0,18,2,350.0
29128.0,71562.11515279792,3430.0,18,2,350.0
29129.0,71569.3984643617,3430.0,18,2,350.0
29130.0,71576.63610969423,3430.0,18,2,350.0
29131.0,71583.82900212011,3430.0,18,2,350.0
29132.0,71590.97803669744,3430.0,18,2,350.0
29133.0,71598.08409058326,3430.0,18,2,350.0
29134.0,71605.14802339135,3430.0,18,2,350.0
29135.0,71612.17067754327,3430.0,18,2,350.0
29136.0,71619.15287861216,3430.0,18,2,350.0
29137.0,71626.09543565966,3430.0,18,2,350.0
29138.0,71632.99914156624,3430.0,18,2,350.0
29139.0,71639.86477335467,3430.0,18,2,350.0
29140.0,71646.69309250731,3430.0,18,2,350.0
29141.0,71653.48484527694,3430.0,18,2,350.0
29142.0,71660.24076299116,3430.0,18,2,350.0
29143.0,71666.96156235108,3430.0,18,2,350.0
29144.0,71673.64794572382,3430.0,18,2,350.0
29145.0,71680.30060142909,3430.0,18,2,350.0
29146.0,71686.92020402025,3430.0,18,2,350.0
29147.0,71693.5074145596,3430.0,18,2,350.0
29148.0,71700.06288088816,3430.0,18,2,350.0
29149.0,71706.58723789015,3430.0,18,2,350.0
29150.0,71713.0811077521,3430.0,18,2,350.0
29151.0,71719.54510021681,3430.0,18,2,350.0
29152.0,71725.97981283224,3430.0,18,2,350.0
29153.0,71732.38583119534,3430.0,18,2,350.0
29154.0,71738.76372919118,3430.0,18,2,350.0
29155.0,71745.11406922711,3430.0,18,2,350.0
29156.0,71751.43740246232,3430.0,18,2,350.0
29157.0,71757.73426903282,3430.0,18,2,350.0
29158.0,71764.00519827193,3430.0,18,2,350.0
29159.0,71770.25070892624,3430.0,18,2,350.0
29160.0,71776.47130936748,3430.0,18,2,350.0
29161.0,71782.66749779988,3430.0,18,2,350.0
29162.0,71788.83976246363,3430.0,18,2,350.0
29163.0,71794.98858183411,3430.0,18,2,350.0
29164.0,71801.11442481718,3430.0,18,2,350.0
29165.0,71807.2177509406,3430.0,18,2,350.0
29166.0,71813.29901054154,3430.0,18,2,350.0
29167.0,71819.35864495045,3430.0,18,2,350.0
29168.0,71825.3970866712,3430.0,18,2,350.0
29169.0,71831.41475955752,3430.0,18,2,350.0
29170.0,71837.41207898613,3430.0,18,2,350.0
29171.0,71843.38945202617,3430.0,18,2,350.0
29172.0,71849.3472776054,3430.0,18,2,350.0
29173.0,71855.28594667304,3430.0,18,2,350.0
29174.0,71861.20584235934,3430.0,18,2,350.0
29175.0,71867.10734013189,3430.0,18,2,350.0
29176.0,71872.99080794903,3430.0,18,2,350.0
29177.0,71878.8566064098,3430.0,18,2,350.0
29178.0,71884.67647979621,3430.0,18,2,350.0
29179.0,71890.4184691796,3430.0,18,2,350.0
29180.0,71896.04561877533,3430.0,18,2,350.0
29181.0,71901.56022537916,3430.0,18,2,350.0
29182.0,71906.96453985089,3430.0,18,2,350.0
29183.0,71912.26076803319,3430.0,18,2,350.0
29184.0,71917.45107165184,3430.0,18,2,350.0
29185.0,71922.53756919813,3430.0,18,2,350.0
29186.0,71927.5223367935,3430.0,18,2,350.0
29187.0,71932.40740903694,3430.0,18,2,350.0
29188.0,71937.19477983551,3430.0,18,2,350.0
29189.0,71941.88640321813,3430.0,18,2,350.0
29190.0,71946.48419413308,3430.0,18,2,350.0
29191.0,71950.99002922974,3430.0,18,2,350.0
29192.0,71955.40574762448,3430.0,18,2,350.0
29193.0,71959.73315165131,3430.0,18,2,350.0
29194.0,71963.9740075976,3430.0,18,2,350.0
29195.0,71968.13004642497,3430.0,18,2,350.0
29196.0,71972.20296447579,3430.0,18,2,350.0
29197.0,71976.1944241656,3430.0,18,2,350.0
29198.0,71980.10605466162,3430.0,18,2,350.0
29199.0,71983.9394525477,3430.0,18,2,350.0
29200.0,71987.69618247607,3430.0,18,2,350.0
29201.0,71991.37777780586,3430.0,18,2,350.0
29202.0,71994.98574122907,3430.0,18,2,350.0
29203.0,71998.5215453838,3430.0,18,2,350.0
29204.0,72001.98663345544,3430.0,18,2,350.0
29205.0,72005.38241976565,3430.0,18,2,350.0
29206.0,72008.71029034966,3430.0,18,2,350.0
29207.0,72011.97160352199,3430.0,18,2,350.0
29208.0,72015.16769043087,3430.0,18,2,350.0
29209.0,72018.29985560157,3430.0,18,2,350.0
29210.0,72021.36937746886,3430.0,18,2,350.0
29211.0,72024.3775088988,3430.0,18,2,350.0
29212.0,72027.32547770016,3430.0,18,2,350.0
29213.0,72030.21448712547,3430.0,18,2,350.0
29214.0,72033.04571636229,3430.0,18,2,350.0
29215.0,72035.82032101435,3430.0,18,2,350.0
29216.0,72038.53943357339,3430.0,18,2,350.0
29217.0,72041.20416388124,3430.0,18,2,350.0
29218.0,72043.81559958294,3430.0,18,2,350.0
29219.0,72046.3748065706,3430.0,18,2,350.0
29220.0,72048.88282941851,3430.0,18,2,350.0
29221.0,72051.34069180946,3430.0,18,2,350.0
29222.0,72053.7493969526,3430.0,18,2,350.0
29223.0,72056.10992799286,3430.0,18,2,350.0
29224.0,72058.42324841232,3430.0,18,2,350.0
29225.0,72060.69030242339,3430.0,18,2,350.0
29226.0,72062.91201535425,3430.0,18,2,350.0
29227.0,72065.08929402649,3430.0,18,2,350.0
29228.0,72067.22302712528,3430.0,18,2,350.0
29229.0,72069.3140855621,3430.0,18,2,350.0
29230.0,72071.36332283018,3430.0,18,2,350.0
29231.0,72073.37157535288,3430.0,18,2,350.0
29232.0,72075.33966282515,3430.0,18,2,350.0
29233.0,72077.26838854796,3430.0,18,2,350.0
29234.0,72079.15853975635,3430.0,18,2,350.0
29235.0,72081.01088794053,3430.0,18,2,350.0
29236.0,72082.82618916105,3430.0,18,2,350.0
29237.0,72084.60518435713,3430.0,18,2,350.0
29238.0,72086.34859964931,3430.0,18,2,350.0
29239.0,72088.05714663563,3430.0,18,2,350.0
29240.0,72089.73152268225,3430.0,18,2,350.0
29241.0,72091.37241120794,3430.0,18,2,350.0
29242.0,72092.98048196308,3430.0,18,2,350.0
29243.0,72094.55639130315,3430.0,18,2,350.0
29244.0,72096.1007824564,3430.0,18,2,350.0
29245.0,72097.6142857866,3430.0,18,2,350.0
29246.0,72099.09751905019,3430.0,18,2,350.0
29247.0,72100.5510876485,3430.0,18,2,350.0
29248.0,72101.97558487485,3430.0,18,2,350.0
29249.0,72103.37159215668,3430.0,18,2,350.0
29250.0,72104.73967929286,3430.0,18,2,350.0
29251.0,72106.08040468635,3430.0,18,2,350.0
29252.0,72107.39431557192,3430.0,18,2,350.0
29253.0,72108.68194823981,3430.0,18,2,350.0
29254.0,72109.94382825433,3430.0,18,2,350.0
29255.0,72111.18047066855,3430.0,18,2,350.0
29256.0,72112.39238023451,3430.0,18,2,350.0
29257.0,72113.58005160915,3430.0,18,2,350.0
29258.0,72114.74396955628,3430.0,18,2,350.0
29259.0,72115.88460914449,3430.0,18,2,350.0
29260.0,72117.00243594091,3430.0,18,2,350.0
29261.0,72118.09790620142,3430.0,18,2,350.0
29262.0,72119.17146705672,3430.0,18,2,350.0
29263.0,72120.22355669488,3430.0,18,2,350.0
29264.0,72121.25460454031,3430.0,18,2,350.0
29265.0,72122.26503142883,3430.0,18,2,350.0
29266.0,72123.25524977958,3430.0,18,2,350.0
29267.0,72124.2256637633,3430.0,18,2,350.0
29268.0,72125.17666946736,3430.0,18,2,350.0
29269.0,72126.10865505732,3430.0,18,2,350.0
29270.0,72127.02200093551,3430.0,18,2,350.0
29271.0,72127.91707989611,3430.0,18,2,350.0
29272.0,72128.79425727752,3430.0,18,2,350.0
29273.0,72129.65389111129,3430.0,18,2,350.0
29274.0,72130.49633226838,3430.0,18,2,350.0
29275.0,72131.32192460234,3430.0,18,2,350.0
29276.0,72132.13100508961,3430.0,18,2,350.0
29277.0,72132.92390396715,3430.0,18,2,350.0
29278.0,72133.70094486713,3430.0,18,2,350.0
29279.0,72134.46244494911,3430.0,18,2,350.0
29280.0,72135.20871502944,3430.0,18,2,350.0
29281.0,72135.94005970818,3430.0,18,2,350.0
29282.0,72136.65677749334,3430.0,18,2,350.0
29283.0,72137.35916092279,3430.0,18,2,350.0
29284.0,72137.96797820793,3434.0,18,2,346.0
29285.0,72138.54486110569,3439.0,18,2,341.0
29286.0,72139.11020634549,3444.0,18,2,336.0
29287.0,72139.6642446805,3449.0,18,2,331.0
29288.0,72140.2072022488,3454.0,18,2,326.0
29289.0,72140.73930066575,3459.0,18,2,321.0
29290.0,72141.26075711435,3464.0,18,2,316.0
29291.0,72141.77178443398,3469.0,18,2,311.0
29292.0,72142.27259120722,3474.0,18,2,306.0
29293.0,72142.76338184498,3479.0,18,2,301.0
29294.0,72143.24435667001,3484.0,18,2,296.0
29295.0,72143.71571199852,3489.0,18,2,291.0
29296.0,72144.17764022047,3494.0,18,2,286.0
29297.0,72144.63032987798,3499.0,18,2,281.0
29298.0,72145.07396574234,3504.0,18,2,276.0
29299.0,72145.5087288894,3509.0,18,2,271.0
29300.0,72145.93479677354,3514.0,18,2,266.0
29301.0,72146.35234329996,3519.0,18,2,261.0
29302.0,72146.7615388959,3524.0,18,2,256.0
29303.0,72147.16255057989,3529.0,18,2,251.0
29304.0,72147.55554203021,3534.0,18,2,246.0
29305.0,72147.94067365152,3539.0,18,2,241.0
29306.0,72148.3181026404,3544.0,18,2,236.0
29307.0,72148.68798304952,3549.0,18,2,231.0
29308.0,72149.05046585045,3554.0,18,2,226.0
29309.0,72149.40569899535,3559.0,18,2,221.0
29310.0,72149.75382747737,3564.0,18,2,216.0
29311.0,72150.09499338974,3569.0,18,2,211.0
29312.0,72150.42933598385,3574.0,18,2,206.0
29313.0,72150.75699172608,3579.0,18,2,201.0
29314.0,72151.07809435349,3584.0,18,2,196.0
29315.0,72151.39277492833,3589.0,18,2,191.0
29316.0,72151.70116189169,3594.0,18,2,186.0
29317.0,72152.00338111578,3599.0,18,2,181.0
29318.0,72152.29955595538,3604.0,18,2,176.0
29319.0,72152.58980729818,3605.0,19,1,175.0
29320.0,72153.07425361413,3605.0,19,1,175.0
29321.0,72153.80301100377,3605.0,19,1,175.0
29322.0,72154.7761932456,3605.0,19,1,175.0
29323.0,72155.99391184261,3605.0,19,1,175.0
29324.0,72157.45627606768,3605.0,19,1,175.0
29325.0,72159.16339300825,3605.0,19,1,175.0
29326.0,72161.11536761001,3605.0,19,1,175.0
29327.0,72163.31230271971,3605.0,19,1,175.0
29328.0,72165.75429912723,3605.0,19,1,175.0
29329.0,72168.4414556066,3605.0,19,1,175.0
29330.0,72171.37386895639,3605.0,19,1,175.0
29331.0,72174.55163403918,3605.0,19,1,175.0
29332.0,72177.97484382031,3605.0,19,1,175.0
29333.0,72181.64358940582,3605.0,19,1,175.0
29334.0,72185.55796007962,3605.0,19,1,175.0
29335.0,72189.71804333995,3605.0,19,1,175.0
29336.0,72194.12392493506,3605.0,19,1,175.0
29337.0,72198.77568889827,3605.0,19,1,175.0
29338.0,72203.67341758222,3605.0,19,1,175.0
29339.0,72208.81719169249,3605.0,19,1,175.0
29340.0,72214.00709032056,3605.0,19,1,175.0
29341.0,72219.19319097608,3605.0,19,1,175.0
29342.0,72224.37556961847,3605.0,19,1,175.0
29343.0,72229.55430068802,3605.0,19,1,175.0
29344.0,72234.72945713617,3605.0,19,1,175.0
29345.0,72239.90111045536,3605.0,19,1,175.0
29346.0,72245.06933070817,3605.0,19,1,175.0
29347.0,72250.23418655593,3605.0,19,1,175.0
29348.0,72255.39574528672,3605.0,19,1,175.0
29349.0,72260.55407284292,3605.0,19,1,175.0
29350.0,72265.70923384797,3605.0,19,1,175.0
29351.0,72270.86129163293,3605.0,19,1,175.0
29352.0,72276.0103082622,3605.0,19,1,175.0
29353.0,72281.15634455885,3605.0,19,1,175.0
29354.0,72286.2994601296,3605.0,19,1,175.0
29355.0,72291.43971338893,3605.0,19,1,175.0
29356.0,72296.57716158306,3605.0,19,1,175.0
29357.0,72301.71186081332,3605.0,19,1,175.0
29358.0,72306.84386605896,3605.0,19,1,175.0
29359.0,72311.9732311997,3605.0,19,1,175.0
29360.0,72317.10000903762,3605.0,19,1,175.0
29361.0,72322.2242513188,3605.0,19,1,175.0
29362.0,72327.34600875432,3605.0,19,1,175.0
29363.0,72332.46533104117,3605.0,19,1,175.0
29364.0,72337.58226688227,3605.0,19,1,175.0
29365.0,72342.69686400653,3605.0,19,1,175.0
29366.0,72347.8091691883,3605.0,19,1,175.0
29367.0,72352.91922826646,3605.0,19,1,175.0
29368.0,72358.02708616306,3605.0,19,1,175.0
29369.0,72363.1327869017,3605.0,19,1,175.0
29370.0,72368.23637362558,3605.0,19,1,175.0
29371.0,72373.31798522215,3606.0,19,1,174.0
29372.0,72378.35844037015,3609.0,19,1,171.0
29373.0,72383.35844037015,3614.0,19,1,166.0
29374.0,72388.35844037015,3619.0,19,1,161.0
29375.0,72393.35844037015,3624.0,19,1,156.0
29376.0,72398.35844037015,3629.0,19,1,151.0
29377.0,72403.35844037015,3634.0,19,1,146.0
29378.0,72408.35844037015,3639.0,19,1,141.0
29379.0,72413.35844037015,3644.0,19,1,136.0
29380.0,72418.35844037015,3649.0,19,1,131.0
29381.0,72423.35844037015,3654.0,19,1,126.0
29382.0,72428.35844037015,3659.0,19,1,121.0
29383.0,72433.35844037015,3664.0,19,1,116.0
29384.0,72438.35844037015,3669.0,19,1,111.0
29385.0,72443.35844037015,3674.0,19,1,106.0
29386.0,72448.35844037015,3679.0,19,1,101.0
29387.0,72453.35844037015,3684.0,19,1,96.0
29388.0,72458.35844037015,3689.0,19,1,91.0
29389.0,72463.35844037015,3694.0,19,1,86.0
29390.0,72468.35844037015,3699.0,19,1,81.0
29391.0,72473.35844037015,3704.0,19,1,76.0
29392.0,72478.35844037015,3709.0,19,1,71.0
29393.0,72483.35844037015,3714.0,19,1,66.0
29394.0,72488.35844037015,3719.0,19,1,61.0
29395.0,72493.35844037015,3724.0,19,1,56.0
29396.0,72498.35844037015,3729.0,19,1,51.0
29397.0,72503.35844037015,3734.0,19,1,46.0
29398.0,72508.35844037015,3739.0,19,1,41.0
29399.0,72513.35844037015,3744.0,19,1,36.0
29400.0,72518.35844037015,3749.0,19,1,31.0
29401.0,72523.35844037015,3754.0,19,1,26.0
29402.0,72528.35844037015,3759.0,19,1,21.0
29403.0,72533.35844037015,3764.0,19,1,16.0
29404.0,72538.35844037015,3769.0,19,1,11.0
29405.0,72543.35844037015,3774.0,19,1,6.0
29406.0,72548.35844037015,3779.0,19,1,1.0
29407.0,72553.35844037015,3780.0,20,0,0.0
