time,agents_total_distance_moved,agents_total_task_amount_done,completed_tasks,remaining_tasks,tasks_total_amount_left
1.0,2.000000000000001,0.0,0,20,3640.0
2.0,3.4492008562318834,0.0,0,20,3640.0
3.0,6.29813559378601,0.0,0,20,3640.0
4.0,10.546937601883322,0.0,0,20,3640.0
5.0,16.195660051335643,0.0,0,20,3640.0
6.0,23.244329452496277,0.0,0,20,3640.0
7.0,31.69296092151921,0.0,0,20,3640.0
8.0,41.54156389016926,0.0,0,20,3640.0
9.0,52.7901446378212,0.0,0,20,3640.0
10.0,65.43870755511124,0.0,0,20,3640.0
11.0,79.48725583214271,0.0,0,20,3640.0
12.0,94.93579185942225,0.0,0,20,3640.0
13.0,111.78431747432074,0.0,0,20,3640.0
14.0,130.0328341193637,0.0,0,20,3640.0
15.0,149.68134294767341,0.0,0,20,3640.0
16.0,170.7298448954064,0.0,0,20,3640.0
17.0,193.17834073285508,0.0,0,20,3640.0
18.0,217.02683110133253,0.0,0,20,3640.0
19.0,241.37531654033597,0.0,0,20,3640.0
20.0,267.05235201266595,0.0,0,20,3640.0
21.0,293.96233542732676,0.0,0,20,3640.0
22.0,319.96233542732676,0.0,0,20,3640.0
23.0,345.96233542732676,0.0,0,20,3640.0
24.0,371.96233542732676,0.0,0,20,3640.0
25.0,397.96233542732676,0.0,0,20,3640.0
26.0,423.96233542732676,0.0,0,20,3640.0
27.0,449.9553267839189,0.0,0,20,3640.0
28.0,475.9284583133792,0.0,0,20,3640.0
29.0,501.88212721225034,0.0,0,20,3640.0
30.0,527.816722733144,0.0,0,20,3640.0
31.0,553.7326263436198,0.0,0,20,3640.0
32.0,578.7326263436198,0.0,0,20,3640.0
33.0,603.7326263436198,0.0,0,20,3640.0
34.0,628.7326263436198,0.0,0,20,3640.0
35.0,653.7326263436197,0.0,0,20,3640.0
36.0,678.7326263436197,0.0,0,20,3640.0
37.0,703.7247795568021,0.0,0,20,3640.0
38.0,728.6970897057208,0.0,0,20,3640.0
39.0,753.6499536516611,0.0,0,20,3640.0
40.0,778.5837603186827,0.0,0,20,3640.0
41.0,803.4988908523638,0.0,0,20,3640.0
42.0,827.4988908523638,0.0,0,20,3640.0
43.0,851.4988908523638,0.0,0,20,3640.0
44.0,875.4988908523638,0.0,0,20,3640.0
45.0,899.4988908523638,0.0,0,20,3640.0
46.0,923.4988908523638,0.0,0,20,3640.0
47.0,947.4988908523638,0.0,0,20,3640.0
48.0,971.4988908523638,0.0,0,20,3640.0
49.0,995.4988908523638,0.0,0,20,3640.0
50.0,1019.4988908523636,0.0,0,20,3640.0
51.0,1043.4988908523635,0.0,0,20,3640.0
52.0,1066.4988908523637,0.0,0,20,3640.0
53.0,1089.4988908523637,0.0,0,20,3640.0
54.0,1112.496104034516,0.0,0,20,3640.0
55.0,1135.4733729530255,0.0,0,20,3640.0
56.0,1158.4310964931647,0.0,0,20,3640.0
57.0,1181.369665562501,0.0,0,20,3640.0
58.0,1204.2894632504506,0.0,0,20,3640.0
59.0,1226.2894632504504,0.0,0,20,3640.0
60.0,1248.2894632504504,0.0,0,20,3640.0
61.0,1270.2894632504504,0.0,0,20,3640.0
62.0,1292.2894632504504,0.0,0,20,3640.0
63.0,1314.2894632504504,0.0,0,20,3640.0
64.0,1336.282321945044,0.0,0,20,3640.0
65.0,1358.2553234657457,0.0,0,20,3640.0
66.0,1380.2088649560333,0.0,0,20,3640.0
67.0,1402.1433356165153,0.0,0,20,3640.0
68.0,1424.0591168637875,0.0,0,20,3640.0
69.0,1445.0591168637875,0.0,0,20,3640.0
70.0,1466.0591168637875,0.0,0,20,3640.0
71.0,1487.0591168637875,0.0,0,20,3640.0
72.0,1508.0591168637875,0.0,0,20,3640.0
73.0,1529.0591168637875,0.0,0,20,3640.0
74.0,1550.0591168637875,0.0,0,20,3640.0
75.0,1571.0426268898957,0.0,0,20,3640.0
76.0,1592.0064667154816,0.0,0,20,3640.0
77.0,1612.9510297445559,0.0,0,20,3640.0
78.0,1633.8767015130488,0.0,0,20,3640.0
79.0,1654.7838598461717,0.0,0,20,3640.0
80.0,1674.7838598461717,0.0,0,20,3640.0
81.0,1694.7838598461717,0.0,0,20,3640.0
82.0,1714.7838598461717,0.0,0,20,3640.0
83.0,1734.7838598461717,0.0,0,20,3640.0
84.0,1754.7838598461717,0.0,0,20,3640.0
85.0,1774.7838598461717,0.0,0,20,3640.0
86.0,1794.7838598461717,0.0,0,20,3640.0
87.0,1814.7838598461717,0.0,0,20,3640.0
88.0,1834.7838598461717,0.0,0,20,3640.0
89.0,1854.7838598461717,0.0,0,20,3640.0
90.0,1874.7838598461717,0.0,0,20,3640.0
91.0,1894.7838598461717,0.0,0,20,3640.0
92.0,1914.7838598461717,0.0,0,20,3640.0
93.0,1934.7694502790118,0.0,0,20,3640.0
94.0,1954.7353289031953,0.0,0,20,3640.0
95.0,1974.6818899548948,0.0,0,20,3640.0
96.0,1994.6095197855607,0.0,0,20,3640.0
97.0,2014.5185970196128,0.0,0,20,3640.0
98.0,2033.503930928649,0.0,0,20,3640.0
99.0,2052.469558159504,0.0,0,20,3640.0
100.0,2071.4158728457423,0.0,0,20,3640.0
101.0,2090.3432612382553,0.0,0,20,3640.0
102.0,2109.2521018629186,0.0,0,20,3640.0
103.0,2127.2521018629186,0.0,0,20,3640.0
104.0,2145.2521018629186,0.0,0,20,3640.0
105.0,2163.2521018629186,0.0,0,20,3640.0
106.0,2181.2521018629186,0.0,0,20,3640.0
107.0,2199.2521018629186,0.0,0,20,3640.0
108.0,2217.2521018629186,0.0,0,20,3640.0
109.0,2235.2521018629186,0.0,0,20,3640.0
110.0,2253.252101862919,0.0,0,20,3640.0
111.0,2270.252101862919,0.0,0,20,3640.0
112.0,2287.252101862919,0.0,0,20,3640.0
113.0,2304.252101862919,0.0,0,20,3640.0
114.0,2321.252101862919,0.0,0,20,3640.0
115.0,2338.252101862919,0.0,0,20,3640.0
116.0,2355.252101862919,0.0,0,20,3640.0
117.0,2372.252101862919,0.0,0,20,3640.0
118.0,2389.252101862919,0.0,0,20,3640.0
119.0,2406.252101862919,0.0,0,20,3640.0
120.0,2423.252101862919,0.0,0,20,3640.0
121.0,2440.252101862919,0.0,0,20,3640.0
122.0,2457.252101862919,0.0,0,20,3640.0
123.0,2474.252101862919,0.0,0,20,3640.0
124.0,2491.252101862919,0.0,0,20,3640.0
125.0,2508.2521018629195,0.0,0,20,3640.0
126.0,2525.2521018629195,0.0,0,20,3640.0
127.0,2542.2521018629195,0.0,0,20,3640.0
128.0,2558.2521018629195,0.0,0,20,3640.0
129.0,2574.2521018629195,0.0,0,20,3640.0
130.0,2590.2521018629195,0.0,0,20,3640.0
131.0,2606.2521018629195,0.0,0,20,3640.0
132.0,2622.2521018629195,0.0,0,20,3640.0
133.0,2638.2521018629195,0.0,0,20,3640.0
134.0,2654.2521018629195,0.0,0,20,3640.0
135.0,2670.2521018629195,0.0,0,20,3640.0
136.0,2686.2521018629195,0.0,0,20,3640.0
137.0,2702.25210186292,0.0,0,20,3640.0
138.0,2718.2521018629195,0.0,0,20,3640.0
139.0,2734.2521018629195,0.0,0,20,3640.0
140.0,2750.2521018629195,0.0,0,20,3640.0
141.0,2766.2521018629195,0.0,0,20,3640.0
142.0,2782.2521018629195,0.0,0,20,3640.0
143.0,2798.2521018629195,0.0,0,20,3640.0
144.0,2814.2521018629195,0.0,0,20,3640.0
145.0,2830.249970762864,0.0,0,20,3640.0
146.0,2846.2278822848093,0.0,0,20,3640.0
147.0,2862.1714292026636,0.0,0,20,3640.0
148.0,2878.076105182161,0.0,0,20,3640.0
149.0,2893.9426876420675,0.0,0,20,3640.0
150.0,2908.869944001637,0.0,0,20,3640.0
151.0,2923.769432646124,0.0,0,20,3640.0
152.0,2937.7403945099913,0.0,0,20,3640.0
153.0,2951.6880107887255,0.0,0,20,3640.0
154.0,2965.596674741886,0.0,0,20,3640.0
155.0,2979.467165415983,0.0,0,20,3640.0
156.0,2992.504661968793,0.0,0,20,3640.0
157.0,3005.7734085905468,0.0,0,20,3640.0
158.0,3018.373408590547,0.0,0,20,3640.0
159.0,3031.2234085905466,0.0,0,20,3640.0
160.0,3043.323408590547,0.0,0,20,3640.0
161.0,3055.6654393068784,0.0,0,20,3640.0
162.0,3068.2376294088845,0.0,0,20,3640.0
163.0,3081.0403757088498,0.0,0,20,3640.0
164.0,3094.0740670828163,0.0,0,20,3640.0
165.0,3107.339084629303,0.0,0,20,3640.0
166.0,3119.8894669057136,0.0,0,20,3640.0
167.0,3132.611428310508,0.0,0,20,3640.0
168.0,3145.5039504872075,0.0,0,20,3640.0
169.0,3158.567622220373,0.0,0,20,3640.0
170.0,3171.8030205188743,0.0,0,20,3640.0
171.0,3185.2107108514056,0.0,0,20,3640.0
172.0,3198.037531440629,0.0,0,20,3640.0
173.0,3211.1595870125857,0.0,0,20,3640.0
174.0,3224.555120233813,0.0,0,20,3640.0
175.0,3238.189742790616,0.0,0,20,3640.0
176.0,3252.0146728962827,0.0,0,20,3640.0
177.0,3265.981104399836,0.0,0,20,3640.0
178.0,3279.20232988487,0.0,0,20,3640.0
179.0,3292.5718332123733,0.0,0,20,3640.0
180.0,3306.0673856871,0.0,0,20,3640.0
181.0,3319.6870271123325,0.0,0,20,3640.0
182.0,3333.4322757090613,0.0,0,20,3640.0
183.0,3347.304619333855,0.0,0,20,3640.0
184.0,3361.3055160861522,0.0,0,20,3640.0
185.0,3374.547443745685,0.0,0,20,3640.0
186.0,3387.9385328520275,0.0,0,20,3640.0
187.0,3401.460967084401,0.0,0,20,3640.0
188.0,3415.098067590332,0.0,0,20,3640.0
189.0,3428.802426086144,0.0,0,20,3640.0
190.0,3442.5756974120386,0.0,0,20,3640.0
191.0,3456.3775128713096,0.0,0,20,3640.0
192.0,3470.083292021395,0.0,0,20,3640.0
193.0,3483.6949555884794,0.0,0,20,3640.0
194.0,3497.214385884221,0.0,0,20,3640.0
195.0,3510.6434275740485,0.0,0,20,3640.0
196.0,3523.983888430078,0.0,0,20,3640.0
197.0,3537.237540068988,0.0,0,20,3640.0
198.0,3550.390400780053,0.0,0,20,3640.0
199.0,3563.440204276896,0.0,0,20,3640.0
200.0,3576.3890117038036,0.0,0,20,3640.0
201.0,3589.2388429821713,0.0,0,20,3640.0
202.0,3601.991677634972,0.0,0,20,3640.0
203.0,3614.642767387958,0.0,0,20,3640.0
204.0,3627.1808353458837,0.0,0,20,3640.0
205.0,3639.608141944652,0.0,0,20,3640.0
206.0,3651.926902411443,0.0,0,20,3640.0
207.0,3664.131667664461,0.0,0,20,3640.0
208.0,3675.3644624248022,0.0,0,20,3640.0
209.0,3686.743601289937,0.0,0,20,3640.0
210.0,3698.2711573777688,0.0,0,20,3640.0
211.0,3709.949162343843,0.0,0,20,3640.0
212.0,3720.88257429428,0.0,0,20,3640.0
213.0,3731.9883180057072,0.0,0,20,3640.0
214.0,3743.267946842907,0.0,0,20,3640.0
215.0,3754.712542282054,0.0,0,20,3640.0
216.0,3766.3142458124184,0.0,0,20,3640.0
217.0,3778.074915272175,0.0,0,20,3640.0
218.0,3789.9963713427373,0.0,0,20,3640.0
219.0,3802.080398291888,0.0,0,20,3640.0
220.0,3813.378406422703,0.0,0,20,3640.0
221.0,3824.798454390901,0.0,0,20,3640.0
222.0,3836.3233391321846,0.0,0,20,3640.0
223.0,3847.9128036976585,0.0,0,20,3640.0
224.0,3859.527361693032,0.0,0,20,3640.0
225.0,3871.121628528499,0.0,0,20,3640.0
226.0,3882.6980100272567,0.0,0,20,3640.0
227.0,3894.258863896039,0.0,0,20,3640.0
228.0,3905.806500687446,0.0,0,20,3640.0
229.0,3917.243184743025,0.0,0,20,3640.0
230.0,3928.5711351174923,0.0,0,20,3640.0
231.0,3939.79252648447,0.0,0,20,3640.0
232.0,3950.9094900241084,0.0,0,20,3640.0
233.0,3961.924114292954,0.0,0,20,3640.0
234.0,3972.8384460764223,0.0,0,20,3640.0
235.0,3983.654491224221,0.0,0,20,3640.0
236.0,3994.3742154690644,0.0,0,20,3640.0
237.0,4004.9995452290104,0.0,0,20,3640.0
238.0,4015.5323683937577,0.0,0,20,3640.0
239.0,4025.9745350952107,0.0,0,20,3640.0
240.0,4036.327858462634,0.0,0,20,3640.0
241.0,4046.5941153627086,0.0,0,20,3640.0
242.0,4056.7750471247828,0.0,0,20,3640.0
243.0,4066.8723602516147,0.0,0,20,3640.0
244.0,4076.88772711591,0.0,0,20,3640.0
245.0,4086.822786642919,0.0,0,20,3640.0
246.0,4096.679144979388,0.0,0,20,3640.0
247.0,4106.4583761491285,0.0,0,20,3640.0
248.0,4116.162022695474,0.0,0,20,3640.0
249.0,4125.791596310891,0.0,0,20,3640.0
250.0,4135.33497741729,0.0,0,20,3640.0
251.0,4144.78749090156,0.0,0,20,3640.0
252.0,4154.150954116145,0.0,0,20,3640.0
253.0,4163.427148066438,0.0,0,20,3640.0
254.0,4172.617818137726,0.0,0,20,3640.0
255.0,4180.833048270729,0.0,0,20,3640.0
256.0,4188.983973801072,0.0,0,20,3640.0
257.0,4197.0718808208085,0.0,0,20,3640.0
258.0,4205.09802970015,0.0,0,20,3640.0
259.0,4213.0238638457695,0.0,0,20,3640.0
260.0,4220.8311813084765,0.0,0,20,3640.0
261.0,4228.52235242193,0.0,0,20,3640.0
262.0,4236.099700113114,0.0,0,20,3640.0
263.0,4243.565500850475,0.0,0,20,3640.0
264.0,4250.031209745794,0.0,0,20,3640.0
265.0,4256.407604463206,0.0,0,20,3640.0
266.0,4262.69647128627,0.0,0,20,3640.0
267.0,4268.891948101443,0.0,0,20,3640.0
268.0,4274.963616098683,0.0,0,20,3640.0
269.0,4280.933850735979,0.0,0,20,3640.0
270.0,4286.80468068053,0.0,0,20,3640.0
271.0,4292.5780940261875,0.0,0,20,3640.0
272.0,4297.558999560159,0.0,0,20,3640.0
273.0,4302.71428698345,0.0,0,20,3640.0
274.0,4308.045468658274,0.0,0,20,3640.0
275.0,4313.529004475968,0.0,0,20,3640.0
276.0,4319.137869577306,0.0,0,20,3640.0
277.0,4324.87355737662,0.0,0,20,3640.0
278.0,4330.737531419945,0.0,0,20,3640.0
279.0,4336.711246735995,0.0,0,20,3640.0
280.0,4342.796487745723,0.0,0,20,3640.0
281.0,4348.9950239352565,0.0,0,20,3640.0
282.0,4355.308589401001,0.0,0,20,3640.0
283.0,4361.738883557429,0.0,0,20,3640.0
284.0,4367.401710690264,0.0,0,20,3640.0
285.0,4373.2021168967885,0.0,0,20,3640.0
286.0,4379.077514979184,0.0,0,20,3640.0
287.0,4385.029405099932,0.0,0,20,3640.0
288.0,4391.042730039098,0.0,0,20,3640.0
289.0,4397.069788479484,0.0,0,20,3640.0
290.0,4403.1123057510595,0.0,0,20,3640.0
291.0,4409.1719726772035,0.0,0,20,3640.0
292.0,4415.150446264826,0.0,0,20,3640.0
293.0,4421.049350380695,0.0,0,20,3640.0
294.0,4426.870276414248,0.0,0,20,3640.0
295.0,4432.614783927128,0.0,0,20,3640.0
296.0,4438.284401289752,0.0,0,20,3640.0
297.0,4443.880626305123,0.0,0,20,3640.0
298.0,4449.404926820187,0.0,0,20,3640.0
299.0,4454.858741324949,0.0,0,20,3640.0
300.0,4460.243479539617,0.0,0,20,3640.0
301.0,4465.56052298999,0.0,0,20,3640.0
302.0,4470.811225571356,0.0,0,20,3640.0
303.0,4475.996914101095,0.0,0,20,3640.0
304.0,4481.118888860239,0.0,0,20,3640.0
305.0,4486.1784241242,0.0,0,20,3640.0
306.0,4491.176319302476,0.0,0,20,3640.0
307.0,4496.094256577185,0.0,0,20,3640.0
308.0,4500.933835106402,0.0,0,20,3640.0
309.0,4505.696622065032,0.0,0,20,3640.0
310.0,4510.384153284493,0.0,0,20,3640.0
311.0,4514.997933879561,0.0,0,20,3640.0
312.0,4519.53943886273,0.0,0,20,3640.0
313.0,4524.010113746235,0.0,0,20,3640.0
314.0,4528.41137513207,0.0,0,20,3640.0
315.0,4532.744611290187,0.0,0,20,3640.0
316.0,4537.011182725142,0.0,0,20,3640.0
317.0,4541.2124227314,0.0,0,20,3640.0
318.0,4545.349637937531,0.0,0,20,3640.0
319.0,4549.42410883954,0.0,0,20,3640.0
320.0,4553.4370903235085,0.0,0,20,3640.0
321.0,4557.389812177798,0.0,0,20,3640.0
322.0,4561.268458517581,0.0,0,20,3640.0
323.0,4565.0695319305705,0.0,0,20,3640.0
324.0,4568.7945838752985,0.0,0,20,3640.0
325.0,4572.445134781133,0.0,0,20,3640.0
326.0,4576.002928900881,0.0,0,20,3640.0
327.0,4579.489567138235,0.0,0,20,3640.0
328.0,4582.906472610841,0.0,0,20,3640.0
329.0,4586.305039973994,0.0,0,20,3640.0
330.0,4589.636635989886,0.0,0,20,3640.0
331.0,4592.9080680833895,0.0,0,20,3640.0
332.0,4596.152715165486,0.0,0,20,3640.0
333.0,4599.379956649856,0.0,0,20,3640.0
334.0,4602.593298016977,0.0,0,20,3640.0
335.0,4605.794853011829,0.0,0,20,3640.0
336.0,4608.98625933071,0.0,0,20,3640.0
337.0,4612.168941737404,0.0,0,20,3640.0
338.0,4615.344209062894,0.0,0,20,3640.0
339.0,4618.5132966442525,0.0,0,20,3640.0
340.0,4621.677387361373,0.0,0,20,3640.0
341.0,4624.83762312327,0.0,0,20,3640.0
342.0,4627.995111654849,0.0,0,20,3640.0
343.0,4631.150929660449,0.0,0,20,3640.0
344.0,4634.306121358439,0.0,0,20,3640.0
345.0,4637.4617044083825,0.0,0,20,3640.0
346.0,4640.618669652907,0.0,0,20,3640.0
347.0,4643.777977866115,0.0,0,20,3640.0
348.0,4646.940543818984,0.0,0,20,3640.0
349.0,4650.082860397229,0.0,0,20,3640.0
350.0,4652.273680057518,0.0,0,20,3640.0
351.0,4654.420683324601,0.0,0,20,3640.0
352.0,4656.524746526342,0.0,0,20,3640.0
353.0,4658.586728464048,0.0,0,20,3640.0
354.0,4660.5876455228845,0.0,0,20,3640.0
355.0,4662.528618823795,0.0,0,20,3640.0
356.0,4664.430772658686,0.0,0,20,3640.0
357.0,4666.29488341688,0.0,0,20,3640.0
358.0,4668.121711959911,0.0,0,20,3640.0
359.0,4669.912003932081,0.0,0,20,3640.0
360.0,4671.666490064806,0.0,0,20,3640.0
361.0,4673.385886474876,0.0,0,20,3640.0
362.0,4675.070894956748,0.0,0,20,3640.0
363.0,4676.72220326898,0.0,0,20,3640.0
364.0,4678.340485414968,0.0,0,20,3640.0
365.0,4679.9264019180355,0.0,0,20,3640.0
366.0,4681.480600091043,0.0,0,20,3640.0
367.0,4683.003714300589,0.0,0,20,3640.0
368.0,4684.496366225944,0.0,0,20,3640.0
369.0,4686.059165112793,0.0,0,20,3640.0
370.0,4687.722894061286,0.0,0,20,3640.0
371.0,4689.6583484308085,0.0,0,20,3640.0
372.0,4691.846103437777,0.0,0,20,3640.0
373.0,4694.307103344606,0.0,0,20,3640.0
374.0,4697.041883253299,0.0,0,20,3640.0
375.0,4700.050967563818,0.0,0,20,3640.0
376.0,4703.334870188125,0.0,0,20,3640.0
377.0,4706.883926930088,0.0,0,20,3640.0
378.0,4710.65100253721,0.0,0,20,3640.0
379.0,4714.636736632191,0.0,0,20,3640.0
380.0,4718.801933619716,3.0,0,20,3637.0
381.0,4723.137057344444,8.0,0,20,3632.0
382.0,4727.63247859468,13.0,0,20,3627.0
383.0,4732.269249059864,18.0,0,20,3622.0
384.0,4737.068284115745,23.0,0,20,3617.0
385.0,4742.030338470508,28.0,0,20,3612.0
386.0,4747.139316216865,33.0,0,20,3607.0
387.0,4752.397114408296,38.0,0,20,3602.0
388.0,4756.725782486247,43.0,0,20,3597.0
389.0,4761.071890471556,48.0,0,20,3592.0
390.0,4765.433854396683,53.0,0,20,3587.0
391.0,4769.7935710513975,58.0,0,20,3582.0
392.0,4774.173065587637,63.0,0,20,3577.0
393.0,4778.573957945353,68.0,0,20,3572.0
394.0,4782.997827853036,73.0,0,20,3567.0
395.0,4787.446220109858,78.0,0,20,3562.0
396.0,4791.920646960313,83.0,0,20,3557.0
397.0,4796.422589487882,88.0,0,20,3552.0
398.0,4800.953498608103,93.0,0,20,3547.0
399.0,4805.514795872821,98.0,0,20,3542.0
400.0,4810.08802652315,103.0,0,20,3537.0
401.0,4814.694800040035,108.0,0,20,3532.0
402.0,4819.3364459522645,113.0,0,20,3527.0
403.0,4824.014267116798,118.0,0,20,3522.0
404.0,4828.729540272944,123.0,0,20,3517.0
405.0,4833.4835165792765,128.0,0,20,3512.0
406.0,4838.257639352499,133.0,0,20,3507.0
407.0,4843.073288581591,138.0,0,20,3502.0
408.0,4847.881114265799,143.0,0,20,3497.0
409.0,4850.7827834363225,148.0,0,20,3492.0
410.0,4853.758626415855,153.0,0,20,3487.0
411.0,4856.82399408261,158.0,0,20,3482.0
412.0,4859.983603128638,163.0,0,20,3477.0
413.0,4863.239805057252,168.0,0,20,3472.0
414.0,4866.594227711164,173.0,0,20,3467.0
415.0,4869.628323895086,176.0,1,19,3464.0
416.0,4872.746800295873,181.0,1,19,3459.0
417.0,4876.267612213679,186.0,1,19,3454.0
418.0,4880.191846932697,191.0,1,19,3449.0
419.0,4884.520488844786,196.0,1,19,3444.0
420.0,4889.25447587372,201.0,1,19,3439.0
421.0,4894.394715820147,206.0,1,19,3434.0
422.0,4899.6420926992305,211.0,1,19,3429.0
423.0,4904.164069799531,216.0,1,19,3424.0
424.0,4909.134577472351,221.0,1,19,3419.0
425.0,4914.560713816783,226.0,1,19,3414.0
426.0,4920.445252896292,231.0,1,19,3409.0
427.0,4926.7898119444135,236.0,1,19,3404.0
428.0,4933.59558486108,241.0,1,19,3399.0
429.0,4940.863571251847,246.0,1,19,3394.0
430.0,4948.594665346076,251.0,1,19,3389.0
431.0,4956.789696231225,256.0,1,19,3384.0
432.0,4965.449448237978,261.0,1,19,3379.0
433.0,4974.574672216037,266.0,1,19,3374.0
434.0,4984.166092231664,271.0,1,19,3369.0
435.0,4994.074409792381,276.0,1,19,3364.0
436.0,5004.2003066553025,281.0,1,19,3359.0
437.0,5014.544446783613,286.0,1,19,3354.0
438.0,5025.107477768988,291.0,1,19,3349.0
439.0,5035.890031906902,296.0,1,19,3344.0
440.0,5046.892727039126,301.0,1,19,3339.0
441.0,5058.116167235556,306.0,1,19,3334.0
442.0,5065.767367710481,311.0,1,19,3329.0
443.0,5072.653231992213,316.0,1,19,3324.0
444.0,5079.8007241943005,321.0,1,19,3319.0
445.0,5087.217129679789,326.0,1,19,3314.0
446.0,5094.755041550561,331.0,1,19,3309.0
447.0,5101.466117612283,336.0,1,19,3304.0
448.0,5108.500052480068,341.0,1,19,3299.0
449.0,5115.858281054836,346.0,1,19,3294.0
450.0,5123.591661877245,350.0,2,18,3290.0
451.0,5131.900858902353,350.0,2,18,3290.0
452.0,5140.816562621986,350.0,2,18,3290.0
453.0,5148.1493399951,353.0,2,18,3287.0
454.0,5156.110461778991,358.0,2,18,3282.0
455.0,5164.700361104342,363.0,2,18,3277.0
456.0,5173.9194624278125,368.0,2,18,3272.0
457.0,5183.768181713137,373.0,2,18,3267.0
458.0,5194.246926603175,378.0,2,18,3262.0
459.0,5205.356096587121,383.0,2,18,3257.0
460.0,5217.096083163951,388.0,2,18,3252.0
461.0,5229.447281264983,393.0,2,18,3247.0
462.0,5242.430455397573,398.0,2,18,3242.0
463.0,5253.045966258186,403.0,2,18,3237.0
464.0,5263.240271669893,408.0,2,18,3232.0
465.0,5274.116325940618,413.0,2,18,3227.0
466.0,5285.675123489932,418.0,2,18,3222.0
467.0,5297.91725430899,423.0,2,18,3217.0
468.0,5310.843171182304,428.0,2,18,3212.0
469.0,5324.453265205961,433.0,2,18,3207.0
470.0,5338.678070801899,438.0,2,18,3202.0
471.0,5353.3381435937645,443.0,2,18,3197.0
472.0,5364.540723318087,448.0,2,18,3192.0
473.0,5376.227934794477,453.0,2,18,3187.0
474.0,5388.4009380273965,458.0,2,18,3182.0
475.0,5401.060228530961,463.0,2,18,3177.0
476.0,5414.206163744534,468.0,2,18,3172.0
477.0,5427.839051737513,473.0,2,18,3167.0
478.0,5441.109176530879,478.0,2,18,3162.0
479.0,5452.467683409077,483.0,2,18,3157.0
480.0,5464.363519645185,488.0,2,18,3152.0
481.0,5476.797166735072,493.0,2,18,3147.0
482.0,5489.768958191906,498.0,2,18,3142.0
483.0,5503.279175298916,503.0,2,18,3137.0
484.0,5517.328074419387,508.0,2,18,3132.0
485.0,5531.91589724774,513.0,2,18,3127.0
486.0,5547.042875397649,518.0,2,18,3122.0
487.0,5562.709232732735,523.0,2,18,3117.0
488.0,5579.06518667363,525.0,3,17,3115.0
489.0,5596.210948993792,525.0,3,17,3115.0
490.0,5614.146726339891,525.0,3,17,3115.0
491.0,5632.872720594474,525.0,3,17,3115.0
492.0,5652.389129143457,525.0,3,17,3115.0
493.0,5672.6961450836825,525.0,3,17,3115.0
494.0,5693.793957391187,525.0,3,17,3115.0
495.0,5715.682751062794,525.0,3,17,3115.0
496.0,5738.362707239047,525.0,3,17,3115.0
497.0,5761.834003313617,525.0,3,17,3115.0
498.0,5785.899505755435,525.0,3,17,3115.0
499.0,5810.206698148415,525.0,3,17,3115.0
500.0,5834.735901128109,525.0,3,17,3115.0
501.0,5859.507520048209,525.0,3,17,3115.0
502.0,5884.521706589906,525.0,3,17,3115.0
503.0,5909.778609400771,525.0,3,17,3115.0
504.0,5935.278374155418,525.0,3,17,3115.0
505.0,5961.021143614972,525.0,3,17,3115.0
506.0,5987.007057685334,525.0,3,17,3115.0
507.0,6013.236253474291,525.0,3,17,3115.0
508.0,6039.558865347466,525.0,3,17,3115.0
509.0,6065.875024983179,525.0,3,17,3115.0
510.0,6092.184861426178,525.0,3,17,3115.0
511.0,6118.488501140317,525.0,3,17,3115.0
512.0,6144.786068060172,525.0,3,17,3115.0
513.0,6171.077683641631,525.0,3,17,3115.0
514.0,6197.363466911462,525.0,3,17,3115.0
515.0,6223.623579156866,526.0,3,17,3114.0
516.0,6249.878489157361,531.0,3,17,3109.0
517.0,6276.128300957848,536.0,3,17,3104.0
518.0,6302.373116522324,541.0,3,17,3099.0
519.0,6328.613035775511,546.0,3,17,3094.0
520.0,6354.848156643635,551.0,3,17,3089.0
521.0,6381.078575094395,556.0,3,17,3084.0
522.0,6407.30438517614,561.0,3,17,3079.0
523.0,6433.525679056252,566.0,3,17,3074.0
524.0,6459.74254705876,571.0,3,17,3069.0
525.0,6485.935474054018,576.0,3,17,3064.0
526.0,6512.124542509372,581.0,3,17,3059.0
527.0,6538.309829595618,586.0,3,17,3054.0
528.0,6564.49141094014,591.0,3,17,3049.0
529.0,6590.66936065777,596.0,3,17,3044.0
530.0,6616.8437513810495,601.0,3,17,3039.0
531.0,6643.014654289862,606.0,3,17,3034.0
532.0,6669.182139140499,611.0,3,17,3029.0
533.0,6695.346274294123,616.0,3,17,3024.0
534.0,6721.507126744675,621.0,3,17,3019.0
535.0,6747.664762146214,626.0,3,17,3014.0
536.0,6773.819244839724,631.0,3,17,3009.0
537.0,6799.9706378793635,636.0,3,17,3004.0
538.0,6826.11900305821,641.0,3,17,2999.0
539.0,6852.264400933479,646.0,3,17,2994.0
540.0,6878.406890851244,651.0,3,17,2989.0
541.0,6904.546530970653,656.0,3,17,2984.0
542.0,6930.683378287674,661.0,3,17,2979.0
543.0,6956.817488658354,666.0,3,17,2974.0
544.0,6982.9489168216205,671.0,3,17,2969.0
545.0,7009.057725574403,676.0,3,17,2964.0
546.0,7035.1643581521275,681.0,3,17,2959.0
547.0,7061.2688580783,686.0,3,17,2954.0
548.0,7087.371268005948,691.0,3,17,2949.0
549.0,7113.471629735042,696.0,3,17,2944.0
550.0,7139.6199842295555,700.0,4,16,2940.0
551.0,7166.016371634179,700.0,4,16,2940.0
552.0,7192.660831290709,700.0,4,16,2940.0
553.0,7219.55340175411,700.0,4,16,2940.0
554.0,7246.694120808242,700.0,4,16,2940.0
555.0,7274.08302548129,700.0,4,16,2940.0
556.0,7301.720152060879,700.0,4,16,2940.0
557.0,7329.605536108876,700.0,4,16,2940.0
558.0,7357.7392124759135,700.0,4,16,2940.0
559.0,7386.121215315608,700.0,4,16,2940.0
560.0,7414.7515780985095,700.0,4,16,2940.0
561.0,7443.630333625754,700.0,4,16,2940.0
562.0,7472.757514042452,700.0,4,16,2940.0
563.0,7502.133150850818,700.0,4,16,2940.0
564.0,7531.757274923016,700.0,4,16,2940.0
565.0,7561.629916513769,700.0,4,16,2940.0
566.0,7591.7511052727095,700.0,4,16,2940.0
567.0,7622.120870256467,700.0,4,16,2940.0
568.0,7652.719424726993,700.0,4,16,2940.0
569.0,7683.567008108105,700.0,4,16,2940.0
570.0,7714.613639821596,700.0,4,16,2940.0
571.0,7745.659338900817,700.0,4,16,2940.0
572.0,7776.704123998455,700.0,4,16,2940.0
573.0,7807.748013394138,700.0,4,16,2940.0
574.0,7838.791025001909,700.0,4,16,2940.0
575.0,7869.833176377524,700.0,4,16,2940.0
576.0,7900.854673232446,700.0,4,16,2940.0
577.0,7931.875740150269,700.0,4,16,2940.0
578.0,7962.896385729735,700.0,4,16,2940.0
579.0,7993.916618397612,700.0,4,16,2940.0
580.0,8024.916618397612,701.0,4,16,2939.0
581.0,8055.916618397612,706.0,4,16,2934.0
582.0,8086.916618397612,711.0,4,16,2929.0
583.0,8117.916618397612,716.0,4,16,2924.0
584.0,8148.916618397612,721.0,4,16,2919.0
585.0,8179.916618397612,726.0,4,16,2914.0
586.0,8210.916618397612,731.0,4,16,2909.0
587.0,8241.916618397612,736.0,4,16,2904.0
588.0,8272.916618397612,741.0,4,16,2899.0
589.0,8303.916618397612,746.0,4,16,2894.0
590.0,8334.916618397612,751.0,4,16,2889.0
591.0,8365.916618397612,756.0,4,16,2884.0
592.0,8396.916618397612,761.0,4,16,2879.0
593.0,8427.916618397612,766.0,4,16,2874.0
594.0,8458.916618397612,771.0,4,16,2869.0
595.0,8489.916618397612,776.0,4,16,2864.0
596.0,8520.916618397614,781.0,4,16,2859.0
597.0,8551.916618397614,786.0,4,16,2854.0
598.0,8582.916618397614,791.0,4,16,2849.0
599.0,8613.916618397614,796.0,4,16,2844.0
600.0,8644.916618397614,801.0,4,16,2839.0
601.0,8675.916618397614,806.0,4,16,2834.0
602.0,8706.916618397614,811.0,4,16,2829.0
603.0,8737.916618397614,816.0,4,16,2824.0
604.0,8768.916618397614,821.0,4,16,2819.0
605.0,8799.916618397614,826.0,4,16,2814.0
606.0,8830.916618397614,831.0,4,16,2809.0
607.0,8861.916618397614,836.0,4,16,2804.0
608.0,8892.916618397614,841.0,4,16,2799.0
609.0,8923.916618397614,846.0,4,16,2794.0
610.0,8954.916618397614,851.0,4,16,2789.0
611.0,8985.916618397614,856.0,4,16,2784.0
612.0,9016.916618397614,861.0,4,16,2779.0
613.0,9047.916618397614,866.0,4,16,2774.0
614.0,9078.916618397614,871.0,4,16,2769.0
615.0,9109.966618397613,875.0,5,15,2765.0
616.0,9141.266618397613,875.0,5,15,2765.0
617.0,9172.816618397615,875.0,5,15,2765.0
618.0,9204.616618397611,875.0,5,15,2765.0
619.0,9236.666618397614,875.0,5,15,2765.0
620.0,9268.966618397613,875.0,5,15,2765.0
621.0,9301.516618397613,875.0,5,15,2765.0
622.0,9334.316618397615,875.0,5,15,2765.0
623.0,9367.366618397611,875.0,5,15,2765.0
624.0,9400.666618397614,875.0,5,15,2765.0
625.0,9434.216618397613,875.0,5,15,2765.0
626.0,9468.016618397613,875.0,5,15,2765.0
627.0,9502.066618397615,875.0,5,15,2765.0
628.0,9536.366618397611,875.0,5,15,2765.0
629.0,9570.916618397614,875.0,5,15,2765.0
630.0,9605.716618397613,875.0,5,15,2765.0
631.0,9640.766618397613,875.0,5,15,2765.0
632.0,9676.066618397612,875.0,5,15,2765.0
633.0,9711.616618397611,875.0,5,15,2765.0
634.0,9747.416618397614,875.0,5,15,2765.0
635.0,9783.416618397614,875.0,5,15,2765.0
636.0,9819.416618397614,875.0,5,15,2765.0
637.0,9855.416618397614,875.0,5,15,2765.0
638.0,9891.416618397614,875.0,5,15,2765.0
639.0,9927.416618397614,875.0,5,15,2765.0
640.0,9963.398660314773,875.0,5,15,2765.0
641.0,9999.361061393594,875.0,5,15,2765.0
642.0,10035.304214450834,875.0,5,15,2765.0
643.0,10071.22850444693,875.0,5,15,2765.0
644.0,10107.134308643106,875.0,5,15,2765.0
645.0,10142.2637114337,875.0,5,15,2765.0
646.0,10172.878886052067,875.0,5,15,2765.0
647.0,10200.197999885682,875.0,5,15,2765.0
648.0,10228.167383982147,875.0,5,15,2765.0
649.0,10256.787068865937,875.0,5,15,2765.0
650.0,10286.057091000062,875.0,5,15,2765.0
651.0,10315.977494416382,875.0,5,15,2765.0
652.0,10346.54833294494,875.0,5,15,2765.0
653.0,10377.769673325567,875.0,5,15,2765.0
654.0,10409.64159965397,875.0,5,15,2765.0
655.0,10442.164219907574,875.0,5,15,2765.0
656.0,10475.337675826819,875.0,5,15,2765.0
657.0,10509.162158432244,875.0,5,15,2765.0
658.0,10543.637933464242,875.0,5,15,2765.0
659.0,10578.76538529691,875.0,5,15,2765.0
660.0,10614.545097617296,875.0,5,15,2765.0
661.0,10650.919107516334,875.0,5,15,2765.0
662.0,10687.816148156244,875.0,5,15,2765.0
663.0,10725.240045342094,875.0,5,15,2765.0
664.0,10763.198299168098,875.0,5,15,2765.0
665.0,10801.556744768304,875.0,5,15,2765.0
666.0,10840.091148563084,875.0,5,15,2765.0
667.0,10878.624059252319,875.0,5,15,2765.0
668.0,10917.167274959602,875.0,5,15,2765.0
669.0,10955.726367933255,875.0,5,15,2765.0
670.0,10994.304312145532,875.0,5,15,2765.0
671.0,11032.902955347143,875.0,5,15,2765.0
672.0,11071.523600845901,875.0,5,15,2765.0
673.0,11110.167259786997,875.0,5,15,2765.0
674.0,11148.83477197302,875.0,5,15,2765.0
675.0,11187.526868900122,875.0,5,15,2765.0
676.0,11226.244209068655,875.0,5,15,2765.0
677.0,11264.987398965599,875.0,5,15,2765.0
678.0,11303.757006167403,875.0,5,15,2765.0
679.0,11342.553567876932,875.0,5,15,2765.0
680.0,11381.37759669453,875.0,5,15,2765.0
681.0,11420.229584648701,875.0,5,15,2765.0
682.0,11459.110006094774,875.0,5,15,2765.0
683.0,11498.019319855883,875.0,5,15,2765.0
684.0,11536.957970843507,875.0,5,15,2765.0
685.0,11575.926391312432,875.0,5,15,2765.0
686.0,11614.886560539346,875.0,5,15,2765.0
687.0,11653.827526381721,875.0,5,15,2765.0
688.0,11692.74967290725,875.0,5,15,2765.0
689.0,11731.638722044836,875.0,5,15,2765.0
690.0,11770.489990199674,875.0,5,15,2765.0
691.0,11809.304232991411,875.0,5,15,2765.0
692.0,11848.06229079883,875.0,5,15,2765.0
693.0,11886.7651874501,875.0,5,15,2765.0
694.0,11925.414026168348,875.0,5,15,2765.0
695.0,11963.991243458835,875.0,5,15,2765.0
696.0,12002.496916403516,875.0,5,15,2765.0
697.0,12040.9324758893,875.0,5,15,2765.0
698.0,12079.299324185367,875.0,5,15,2765.0
699.0,12117.598835515515,875.0,5,15,2765.0
700.0,12155.832356619061,875.0,5,15,2765.0
701.0,12194.001207300533,875.0,5,15,2765.0
702.0,12232.106680968378,875.0,5,15,2765.0
703.0,12270.150045162865,875.0,5,15,2765.0
704.0,12308.132542073463,875.0,5,15,2765.0
705.0,12346.055389045849,875.0,5,15,2765.0
706.0,12383.919779078786,875.0,5,15,2765.0
707.0,12421.726881311066,875.0,5,15,2765.0
708.0,12459.4778414987,875.0,5,15,2765.0
709.0,12497.173782482581,875.0,5,15,2765.0
710.0,12534.815804646785,875.0,5,15,2765.0
711.0,12572.404986367705,875.0,5,15,2765.0
712.0,12609.942384454205,875.0,5,15,2765.0
713.0,12647.429034578976,875.0,5,15,2765.0
714.0,12684.865951701251,875.0,5,15,2765.0
715.0,12722.254130481082,875.0,5,15,2765.0
716.0,12759.594545685313,875.0,5,15,2765.0
717.0,12796.888152585465,875.0,5,15,2765.0
718.0,12834.135887347607,875.0,5,15,2765.0
719.0,12871.33866741451,875.0,5,15,2765.0
720.0,12908.497391880073,875.0,5,15,2765.0
721.0,12945.61294185633,875.0,5,15,2765.0
722.0,12982.686180833056,875.0,5,15,2765.0
723.0,13019.717955030252,875.0,5,15,2765.0
724.0,13056.7090937435,875.0,5,15,2765.0
725.0,13093.660409682487,875.0,5,15,2765.0
726.0,13130.57269930269,875.0,5,15,2765.0
727.0,13167.446743130493,875.0,5,15,2765.0
728.0,13204.283306081737,875.0,5,15,2765.0
729.0,13241.083137773958,875.0,5,15,2765.0
730.0,13277.846972832334,875.0,5,15,2765.0
731.0,13314.575531189543,875.0,5,15,2765.0
732.0,13351.269518379608,875.0,5,15,2765.0
733.0,13387.929625825871,875.0,5,15,2765.0
734.0,13424.556531123208,875.0,5,15,2765.0
735.0,13461.1508983146,875.0,5,15,2765.0
736.0,13497.713378162161,875.0,5,15,2765.0
737.0,13534.244608412771,875.0,5,15,2765.0
738.0,13570.738916484113,875.0,5,15,2765.0
739.0,13607.173622146898,875.0,5,15,2765.0
740.0,13643.499633696427,875.0,5,15,2765.0
741.0,13679.699307292767,875.0,5,15,2765.0
742.0,13715.774987417184,875.0,5,15,2765.0
743.0,13751.729153939117,875.0,5,15,2765.0
744.0,13787.564237130608,875.0,5,15,2765.0
745.0,13823.28261865827,875.0,5,15,2765.0
746.0,13858.88663255538,875.0,5,15,2765.0
747.0,13894.378566174544,875.0,5,15,2765.0
748.0,13929.760661121329,875.0,5,15,2765.0
749.0,13965.035114169177,875.0,5,15,2765.0
750.0,14000.186562639841,875.0,5,15,2765.0
751.0,14035.214982141091,875.0,5,15,2765.0
752.0,14070.122833252319,875.0,5,15,2765.0
753.0,14104.912527341321,875.0,5,15,2765.0
754.0,14139.586427548542,875.0,5,15,2765.0
755.0,14173.258761594201,875.0,5,15,2765.0
756.0,14206.837648958952,875.0,5,15,2765.0
757.0,14240.324958576404,875.0,5,15,2765.0
758.0,14273.708804222211,875.0,5,15,2765.0
759.0,14306.9849729551,875.0,5,15,2765.0
760.0,14340.15561831333,875.0,5,15,2765.0
761.0,14373.222850764405,875.0,5,15,2765.0
762.0,14406.18873856645,875.0,5,15,2765.0
763.0,14438.163787601648,875.0,5,15,2765.0
764.0,14470.059335656142,875.0,5,15,2765.0
765.0,14501.876972749547,875.0,5,15,2765.0
766.0,14533.601200521045,875.0,5,15,2765.0
767.0,14565.210348319402,875.0,5,15,2765.0
768.0,14595.633243595827,875.0,5,15,2765.0
769.0,14625.859994933444,875.0,5,15,2765.0
770.0,14655.882211244318,875.0,5,15,2765.0
771.0,14685.703983228968,875.0,5,15,2765.0
772.0,14713.435920627582,875.0,5,15,2765.0
773.0,14740.993219278225,875.0,5,15,2765.0
774.0,14767.48239872438,875.0,5,15,2765.0
775.0,14793.82179458161,875.0,5,15,2765.0
776.0,14820.014402521696,875.0,5,15,2765.0
777.0,14846.06315830298,875.0,5,15,2765.0
778.0,14871.97093896864,875.0,5,15,2765.0
779.0,14897.740564020984,875.0,5,15,2765.0
780.0,14923.374796572283,875.0,5,15,2765.0
781.0,14948.876344472554,875.0,5,15,2765.0
782.0,14974.24786141482,875.0,5,15,2765.0
783.0,14999.491948018243,875.0,5,15,2765.0
784.0,15024.611152889594,875.0,5,15,2765.0
785.0,15048.607973663522,875.0,5,15,2765.0
786.0,15072.48485802197,875.0,5,15,2765.0
787.0,15096.244204693252,875.0,5,15,2765.0
788.0,15119.8883644311,875.0,5,15,2765.0
789.0,15143.419640974194,875.0,5,15,2765.0
790.0,15166.840291986431,875.0,5,15,2765.0
791.0,15190.152529978419,875.0,5,15,2765.0
792.0,15213.35852321057,875.0,5,15,2765.0
793.0,15236.460396578077,875.0,5,15,2765.0
794.0,15259.460232478232,875.0,5,15,2765.0
795.0,15282.360071660387,875.0,5,15,2765.0
796.0,15305.161914058897,875.0,5,15,2765.0
797.0,15327.867719609434,875.0,5,15,2765.0
798.0,15350.479409048969,875.0,5,15,2765.0
799.0,15372.998864699706,875.0,5,15,2765.0
800.0,15395.427931237431,875.0,5,15,2765.0
801.0,15417.768416444398,875.0,5,15,2765.0
802.0,15440.022091947229,875.0,5,15,2765.0
803.0,15462.190693940005,875.0,5,15,2765.0
804.0,15484.275923892917,875.0,5,15,2765.0
805.0,15506.279449246778,875.0,5,15,2765.0
806.0,15528.202904093561,875.0,5,15,2765.0
807.0,15550.04788984341,875.0,5,15,2765.0
808.0,15571.815975878259,875.0,5,15,2765.0
809.0,15593.495171034618,875.0,5,15,2765.0
810.0,15615.080782287849,875.0,5,15,2765.0
811.0,15636.57468131602,875.0,5,15,2765.0
812.0,15657.978702363618,875.0,5,15,2765.0
813.0,15679.294642990271,875.0,5,15,2765.0
814.0,15699.632573294688,875.0,5,15,2765.0
815.0,15719.903744993011,875.0,5,15,2765.0
816.0,15740.109493257367,875.0,5,15,2765.0
817.0,15760.251126556435,875.0,5,15,2765.0
818.0,15780.329927189525,875.0,5,15,2765.0
819.0,15800.34715180995,875.0,5,15,2765.0
820.0,15820.30403193797,875.0,5,15,2765.0
821.0,15840.201774463427,875.0,5,15,2765.0
822.0,15860.041562138376,875.0,5,15,2765.0
823.0,15879.824554059825,875.0,5,15,2765.0
824.0,15899.55188614285,875.0,5,15,2765.0
825.0,15919.224671584208,875.0,5,15,2765.0
826.0,15938.844001316746,875.0,5,15,2765.0
827.0,15958.410944454625,875.0,5,15,2765.0
828.0,15976.926548729747,875.0,5,15,2765.0
829.0,15995.391840919372,875.0,5,15,2765.0
830.0,16013.8078272652,875.0,5,15,2765.0
831.0,16032.175493884113,875.0,5,15,2765.0
832.0,16050.495807170646,875.0,5,15,2765.0
833.0,16068.769714191452,875.0,5,15,2765.0
834.0,16086.99814307184,875.0,5,15,2765.0
835.0,16105.18200337462,875.0,5,15,2765.0
836.0,16123.322186471343,875.0,5,15,2765.0
837.0,16141.419565906133,875.0,5,15,2765.0
838.0,16159.47499775223,875.0,5,15,2765.0
839.0,16177.489320961406,875.0,5,15,2765.0
840.0,16195.46335770639,875.0,5,15,2765.0
841.0,16213.39791371648,875.0,5,15,2765.0
842.0,16231.29377860637,875.0,5,15,2765.0
843.0,16249.13194239985,875.0,5,15,2765.0
844.0,16266.93334291747,875.0,5,15,2765.0
845.0,16284.679052939053,875.0,5,15,2765.0
846.0,16302.389848760211,875.0,5,15,2765.0
847.0,16320.066428664943,875.0,5,15,2765.0
848.0,16337.70947697158,875.0,5,15,2765.0
849.0,16355.319664312086,875.0,5,15,2765.0
850.0,16372.89764790578,875.0,5,15,2765.0
851.0,16390.444071827602,875.0,5,15,2765.0
852.0,16407.959567270987,875.0,5,15,2765.0
853.0,16424.444752805506,875.0,5,15,2765.0
854.0,16440.90023462933,875.0,5,15,2765.0
855.0,16457.32660681668,875.0,5,15,2765.0
856.0,16473.724451560283,875.0,5,15,2765.0
857.0,16490.094339409014,875.0,5,15,2765.0
858.0,16506.436829500773,875.0,5,15,2765.0
859.0,16522.752469790692,875.0,5,15,2765.0
860.0,16539.041797274815,875.0,5,15,2765.0
861.0,16555.30533820926,875.0,5,15,2765.0
862.0,16571.543608325006,875.0,5,15,2765.0
863.0,16587.757113038446,875.0,5,15,2765.0
864.0,16603.946347657617,875.0,5,15,2765.0
865.0,16620.111797584395,875.0,5,15,2765.0
866.0,16636.253938512647,875.0,5,15,2765.0
867.0,16652.37323662233,875.0,5,15,2765.0
868.0,16668.470148769822,875.0,5,15,2765.0
869.0,16684.54512267436,875.0,5,15,2765.0
870.0,16700.59859710081,875.0,5,15,2765.0
871.0,16716.631002038732,875.0,5,15,2765.0
872.0,16732.642758877893,875.0,5,15,2765.0
873.0,16748.63428058027,875.0,5,15,2765.0
874.0,16764.605971848603,875.0,5,15,2765.0
875.0,16780.558229291568,875.0,5,15,2765.0
876.0,16796.491441585677,875.0,5,15,2765.0
877.0,16812.4059896339,875.0,5,15,2765.0
878.0,16828.264021160503,875.0,5,15,2765.0
879.0,16844.036027985243,875.0,5,15,2765.0
880.0,16859.69259467349,875.0,5,15,2765.0
881.0,16875.23603002797,875.0,5,15,2765.0
882.0,16890.648633888726,875.0,5,15,2765.0
883.0,16905.95298567227,875.0,5,15,2765.0
884.0,16921.15125042014,875.0,5,15,2765.0
885.0,16936.22569336205,875.0,5,15,2765.0
886.0,16951.19864744511,875.0,5,15,2765.0
887.0,16966.072142446515,875.0,5,15,2765.0
888.0,16980.82828560136,876.0,5,15,2764.0
889.0,16995.48930589311,881.0,5,15,2759.0
890.0,17010.05710577902,886.0,5,15,2754.0
891.0,17024.533549667205,891.0,5,15,2749.0
892.0,17038.92046467764,896.0,5,15,2744.0
893.0,17053.21964138786,901.0,5,15,2739.0
894.0,17067.43283456388,906.0,5,15,2734.0
895.0,17081.561763876376,911.0,5,15,2729.0
896.0,17095.60811460262,916.0,5,15,2724.0
897.0,17109.573538314336,921.0,5,15,2719.0
898.0,17123.45965355183,926.0,5,15,2714.0
899.0,17137.26804648456,931.0,5,15,2709.0
900.0,17151.00027155864,936.0,5,15,2704.0
901.0,17164.657852131244,941.0,5,15,2699.0
902.0,17178.242281092393,946.0,5,15,2694.0
903.0,17191.755021474317,951.0,5,15,2689.0
904.0,17205.197507048608,956.0,5,15,2684.0
905.0,17218.57114291141,961.0,5,15,2679.0
906.0,17231.87730605695,966.0,5,15,2674.0
907.0,17245.117345939587,971.0,5,15,2669.0
908.0,17258.292585024567,976.0,5,15,2664.0
909.0,17271.40431932785,981.0,5,15,2659.0
910.0,17284.453818945065,986.0,5,15,2654.0
911.0,17297.442328569934,991.0,5,15,2649.0
912.0,17310.371068002314,996.0,5,15,2644.0
913.0,17323.24123264604,1001.0,5,15,2639.0
914.0,17336.053993996888,1006.0,5,15,2634.0
915.0,17348.81050012073,1011.0,5,15,2629.0
916.0,17361.511876122087,1016.0,5,15,2624.0
917.0,17374.15922460342,1021.0,5,15,2619.0
918.0,17386.75362611512,1026.0,5,15,2614.0
919.0,17399.29613959659,1031.0,5,15,2609.0
920.0,17411.787802808434,1036.0,5,15,2604.0
921.0,17424.229632756036,1041.0,5,15,2599.0
922.0,17436.622626104687,1046.0,5,15,2594.0
923.0,17449.01775958637,1050.0,6,14,2590.0
924.0,17461.615990398415,1050.0,6,14,2590.0
925.0,17474.41825659422,1050.0,6,14,2590.0
926.0,17487.42547746611,1050.0,6,14,2590.0
927.0,17500.638553920562,1050.0,6,14,2590.0
928.0,17514.058368845923,1050.0,6,14,2590.0
929.0,17527.68578747278,1050.0,6,14,2590.0
930.0,17541.521657727095,1050.0,6,14,2590.0
931.0,17555.566810576333,1050.0,6,14,2590.0
932.0,17569.802330916034,1051.0,6,14,2589.0
933.0,17584.189770297133,1055.0,6,14,2585.0
934.0,17598.77060271007,1060.0,6,14,2580.0
935.0,17613.56581847475,1065.0,6,14,2575.0
936.0,17628.576129924135,1070.0,6,14,2570.0
937.0,17643.80223514453,1075.0,6,14,2565.0
938.0,17659.244818260522,1080.0,6,14,2560.0
939.0,17674.90454971419,1085.0,6,14,2555.0
940.0,17690.78208653879,1090.0,6,14,2550.0
941.0,17706.878072626892,1095.0,6,14,2545.0
942.0,17723.193138993232,1100.0,6,14,2540.0
943.0,17739.67790403225,1105.0,6,14,2535.0
944.0,17756.132973770484,1110.0,6,14,2530.0
945.0,17772.558942113952,1115.0,6,14,2525.0
946.0,17788.956391090556,1120.0,6,14,2520.0
947.0,17805.325891087625,1125.0,6,14,2515.0
948.0,17821.66800108475,1130.0,6,14,2510.0
949.0,17837.983268881933,1135.0,6,14,2505.0
950.0,17854.272231323175,1140.0,6,14,2500.0
951.0,17870.535414515594,1145.0,6,14,2495.0
952.0,17886.77333404416,1150.0,6,14,2490.0
953.0,17902.98649518216,1155.0,6,14,2485.0
954.0,17919.175393097394,1160.0,6,14,2480.0
955.0,17935.340513054325,1165.0,6,14,2475.0
956.0,17951.48233061212,1170.0,6,14,2470.0
957.0,17967.60131181876,1175.0,6,14,2465.0
958.0,17983.69791340126,1180.0,6,14,2460.0
959.0,17999.75266883172,1186.0,6,14,2454.0
960.0,18015.786329153576,1192.0,6,14,2448.0
961.0,18031.719955974666,1202.0,6,14,2438.0
962.0,18047.634910259338,1212.0,6,14,2428.0
963.0,18063.531565458314,1222.0,6,14,2418.0
964.0,18079.41028755331,1232.0,6,14,2408.0
965.0,18095.271435206403,1242.0,6,14,2398.0
966.0,18111.11535990644,1252.0,6,14,2388.0
967.0,18126.942406112474,1262.0,7,13,2378.0
968.0,18142.752911394386,1267.0,7,13,2373.0
969.0,18158.797206570664,1272.0,7,13,2368.0
970.0,18174.925615843415,1277.0,7,13,2363.0
971.0,18191.13845693071,1282.0,7,13,2358.0
972.0,18207.286041196257,1287.0,7,13,2353.0
973.0,18223.818207115255,1292.0,7,13,2348.0
974.0,18240.735564953433,1297.0,7,13,2343.0
975.0,18258.038485617148,1302.0,7,13,2338.0
976.0,18275.727287376954,1307.0,7,13,2333.0
977.0,18293.802267194784,1312.0,7,13,2328.0
978.0,18312.26370974378,1317.0,7,13,2323.0
979.0,18331.111890855165,1322.0,7,13,2318.0
980.0,18350.347079108476,1327.0,7,13,2313.0
981.0,18367.319536678915,1332.0,7,13,2308.0
982.0,18383.564984624838,1337.0,7,13,2303.0
983.0,18399.888716751386,1342.0,7,13,2298.0
984.0,18416.692768911133,1347.0,7,13,2293.0
985.0,18433.98177364436,1352.0,7,13,2288.0
986.0,18451.757479993877,1357.0,7,13,2283.0
987.0,18470.020795203858,1362.0,7,13,2278.0
988.0,18488.77230214746,1367.0,7,13,2273.0
989.0,18506.352579939066,1372.0,7,13,2268.0
990.0,18522.70949177288,1377.0,7,13,2263.0
991.0,18539.601891994873,1382.0,7,13,2258.0
992.0,18557.03218041885,1387.0,7,13,2253.0
993.0,18575.00138286538,1392.0,7,13,2248.0
994.0,18593.510089764124,1397.0,7,13,2243.0
995.0,18612.5587119035,1400.0,8,12,2240.0
996.0,18632.24757175866,1400.0,8,12,2240.0
997.0,18648.498712495457,1400.0,8,12,2240.0
998.0,18664.772895201608,1400.0,8,12,2240.0
999.0,18681.6389593326,1400.0,8,12,2240.0
1000.0,18699.23395096283,1400.0,8,12,2240.0
1001.0,18715.63050261421,1400.0,8,12,2240.0
1002.0,18732.51694072487,1400.0,8,12,2240.0
1003.0,18750.19481092034,1400.0,8,12,2240.0
1004.0,18768.66450686835,1400.0,8,12,2240.0
1005.0,18787.926267862415,1400.0,8,12,2240.0
1006.0,18807.980287209404,1400.0,8,12,2240.0
1007.0,18828.826738337153,1400.0,8,12,2240.0
1008.0,18850.46578370837,1400.0,8,12,2240.0
1009.0,18872.897578569005,1400.0,8,12,2240.0
1010.0,18896.122272768367,1400.0,8,12,2240.0
1011.0,18920.14001174515,1400.0,8,12,2240.0
1012.0,18944.950937111375,1400.0,8,12,2240.0
1013.0,18970.555187025748,1400.0,8,12,2240.0
1014.0,18996.952896449195,1400.0,8,12,2240.0
1015.0,19024.144197330457,1400.0,8,12,2240.0
1016.0,19052.129218748567,1400.0,8,12,2240.0
1017.0,19080.908087027266,1400.0,8,12,2240.0
1018.0,19110.480925830674,1400.0,8,12,2240.0
1019.0,19140.847856246,1400.0,8,12,2240.0
1020.0,19172.00899685688,1400.0,8,12,2240.0
1021.0,19203.2868004516,1400.0,8,12,2240.0
1022.0,19234.55904797442,1400.0,8,12,2240.0
1023.0,19265.82585054679,1400.0,8,12,2240.0
1024.0,19297.087317067704,1400.0,8,12,2240.0
1025.0,19328.341045715315,1400.0,8,12,2240.0
1026.0,19359.56969978997,1400.0,8,12,2240.0
1027.0,19390.773780783133,1400.0,8,12,2240.0
1028.0,19421.953780156433,1400.0,8,12,2240.0
1029.0,19453.110179542266,1400.0,8,12,2240.0
1030.0,19483.369874700515,1400.0,8,12,2240.0
1031.0,19507.094190534663,1400.0,8,12,2240.0
1032.0,19524.79342295194,1400.0,8,12,2240.0
1033.0,19543.23618978266,1400.0,8,12,2240.0
1034.0,19562.396143014546,1400.0,8,12,2240.0
1035.0,19582.24553967987,1400.0,8,12,2240.0
1036.0,19602.784670121768,1400.0,8,12,2240.0
1037.0,19624.01383472836,1400.0,8,12,2240.0
1038.0,19645.933348316736,1400.0,8,12,2240.0
1039.0,19668.543546237026,1400.0,8,12,2240.0
1040.0,19691.844793083434,1400.0,8,12,2240.0
1041.0,19715.83749547326,1400.0,8,12,2240.0
1042.0,19740.52212138857,1400.0,8,12,2240.0
1043.0,19765.89923051352,1400.0,8,12,2240.0
1044.0,19791.969523809348,1400.0,8,12,2240.0
1045.0,19818.73392843763,1400.0,8,12,2240.0
1046.0,19846.14102076981,1400.0,8,12,2240.0
1047.0,19874.179566501767,1400.0,8,12,2240.0
1048.0,19902.853133747925,1400.0,8,12,2240.0
1049.0,19932.167778767456,1400.0,8,12,2240.0
1050.0,19962.13427351192,1400.0,8,12,2240.0
1051.0,19992.370033583167,1400.0,8,12,2240.0
1052.0,20022.595584398256,1400.0,8,12,2240.0
1053.0,20052.82690585475,1400.0,8,12,2240.0
1054.0,20083.07347998484,1400.0,8,12,2240.0
1055.0,20113.340614119727,1400.0,8,12,2240.0
1056.0,20143.626740058295,1400.0,8,12,2240.0
1057.0,20173.918694088567,1400.0,8,12,2240.0
1058.0,20204.198742264667,1400.0,8,12,2240.0
1059.0,20234.468301400695,1400.0,8,12,2240.0
1060.0,20264.72900763571,1400.0,8,12,2240.0
1061.0,20294.08267976087,1400.0,8,12,2240.0
1062.0,20322.448343054777,1400.0,8,12,2240.0
1063.0,20349.940683587327,1400.0,8,12,2240.0
1064.0,20376.464537323704,1400.0,8,12,2240.0
1065.0,20403.020373867712,1400.0,8,12,2240.0
1066.0,20429.608632472413,1400.0,8,12,2240.0
1067.0,20456.229727762384,1400.0,8,12,2240.0
1068.0,20482.883173070353,1400.0,8,12,2240.0
1069.0,20509.550243525584,1400.0,8,12,2240.0
1070.0,20536.23170036879,1400.0,8,12,2240.0
1071.0,20562.877936956724,1402.0,8,12,2238.0
1072.0,20589.47129972371,1405.0,8,12,2235.0
1073.0,20615.99335496118,1410.0,8,12,2230.0
1074.0,20642.484969093897,1415.0,8,12,2225.0
1075.0,20668.946750943964,1420.0,8,12,2220.0
1076.0,20695.37929715703,1425.0,8,12,2215.0
1077.0,20721.777946725917,1430.0,8,12,2210.0
1078.0,20748.128623303433,1435.0,8,12,2205.0
1079.0,20774.432286349398,1440.0,8,12,2200.0
1080.0,20800.689876134435,1445.0,8,12,2195.0
1081.0,20826.90231412378,1450.0,8,12,2190.0
1082.0,20853.070503353334,1455.0,8,12,2185.0
1083.0,20879.1953287983,1460.0,8,12,2180.0
1084.0,20905.27765773437,1465.0,8,12,2175.0
1085.0,20931.318340091708,1470.0,8,12,2170.0
1086.0,20957.318208801906,1475.0,8,12,2165.0
1087.0,20983.278080137898,1480.0,8,12,2160.0
1088.0,21009.198754047175,1485.0,8,12,2155.0
1089.0,21035.08101447826,1490.0,8,12,2150.0
1090.0,21060.925629700727,1495.0,8,12,2145.0
1091.0,21086.733352618743,1500.0,8,12,2140.0
1092.0,21112.504921078405,1505.0,8,12,2135.0
1093.0,21137.241058168864,1510.0,8,12,2130.0
1094.0,21161.94247251752,1515.0,8,12,2125.0
1095.0,21186.609858579202,1520.0,8,12,2120.0
1096.0,21211.24389691965,1525.0,8,12,2115.0
1097.0,21235.845254493284,1530.0,8,12,2110.0
1098.0,21260.41458491545,1535.0,8,12,2105.0
1099.0,21284.952528729173,1540.0,8,12,2100.0
1100.0,21309.45971366662,1545.0,8,12,2095.0
1101.0,21333.936754905317,1550.0,8,12,2090.0
1102.0,21358.384255319244,1555.0,8,12,2085.0
1103.0,21382.802805724892,1560.0,8,12,2080.0
1104.0,21407.192985122427,1565.0,8,12,2075.0
1105.0,21431.555360932005,1570.0,8,12,2070.0
1106.0,21455.8904892254,1575.0,9,11,2065.0
1107.0,21480.19891495292,1575.0,9,11,2065.0
1108.0,21497.131172165893,1575.0,9,11,2065.0
1109.0,21514.28743955741,1575.0,9,11,2065.0
1110.0,21532.068459711067,1575.0,9,11,2065.0
1111.0,21550.474792716326,1575.0,9,11,2065.0
1112.0,21569.506954108387,1575.0,9,11,2065.0
1113.0,21589.165438084543,1575.0,9,11,2065.0
1114.0,21609.45072427049,1575.0,9,11,2065.0
1115.0,21630.363280374073,1575.0,9,11,2065.0
1116.0,21651.903563467073,1575.0,9,11,2065.0
1117.0,21674.07202071657,1575.0,9,11,2065.0
1118.0,21696.86908986416,1575.0,9,11,2065.0
1119.0,21720.29519957756,1575.0,9,11,2065.0
1120.0,21744.350769731824,1575.0,9,11,2065.0
1121.0,21769.03621164897,1575.0,9,11,2065.0
1122.0,21794.35192831129,1575.0,9,11,2065.0
1123.0,21820.29831455702,1575.0,9,11,2065.0
1124.0,21846.85604729172,1575.0,9,11,2065.0
1125.0,21874.04560977677,1575.0,9,11,2065.0
1126.0,21901.867365597616,1575.0,9,11,2065.0
1127.0,21930.321671036978,1575.0,9,11,2065.0
1128.0,21959.12278729495,1575.0,9,11,2065.0
1129.0,21987.847881227754,1575.0,9,11,2065.0
1130.0,22016.460129829284,1575.0,9,11,2065.0
1131.0,22044.96013345879,1575.0,9,11,2065.0
1132.0,22073.3501370157,1575.0,9,11,2065.0
1133.0,22101.63234050147,1575.0,9,11,2065.0
1134.0,22129.808899917527,1575.0,9,11,2065.0
1135.0,22157.88192814527,1575.0,9,11,2065.0
1136.0,22185.85349580845,1575.0,9,11,2065.0
1137.0,22213.725632118367,1575.0,9,11,2065.0
1138.0,22241.500325702087,1575.0,9,11,2065.0
1139.0,22269.179525414133,1575.0,9,11,2065.0
1140.0,22296.76514113194,1575.0,9,11,2065.0
1141.0,22324.259044535385,1575.0,9,11,2065.0
1142.0,22351.663069870767,1575.0,9,11,2065.0
1143.0,22378.97901469944,1575.0,9,11,2065.0
1144.0,22406.20864063154,1575.0,9,11,2065.0
1145.0,22433.353674044993,1575.0,9,11,2065.0
1146.0,22460.41580679018,1575.0,9,11,2065.0
1147.0,22487.396696880463,1575.0,9,11,2065.0
1148.0,22514.29796916894,1575.0,9,11,2065.0
1149.0,22541.121216011652,1575.0,9,11,2065.0
1150.0,22567.867997917507,1575.0,9,11,2065.0
1151.0,22594.53984418524,1575.0,9,11,2065.0
1152.0,22621.127186883925,1575.0,9,11,2065.0
1153.0,22647.58893500645,1575.0,9,11,2065.0
1154.0,22673.875886638012,1575.0,9,11,2065.0
1155.0,22699.99709923695,1575.0,9,11,2065.0
1156.0,22725.955887583903,1575.0,9,11,2065.0
1157.0,22751.755500163916,1575.0,9,11,2065.0
1158.0,22777.399120492333,1575.0,9,11,2065.0
1159.0,22802.88986841418,1575.0,9,11,2065.0
1160.0,22828.230801377587,1575.0,9,11,2065.0
1161.0,22853.424915681735,1575.0,9,11,2065.0
1162.0,22878.47514769979,1575.0,9,11,2065.0
1163.0,22903.384375077487,1575.0,9,11,2065.0
1164.0,22928.15541790763,1575.0,9,11,2065.0
1165.0,22952.791039881176,1575.0,9,11,2065.0
1166.0,22977.29394941525,1575.0,9,11,2065.0
1167.0,23001.66680075863,1575.0,9,11,2065.0
1168.0,23025.912195075154,1575.0,9,11,2065.0
1169.0,23050.032681505345,1575.0,9,11,2065.0
1170.0,23074.03075820693,1575.0,9,11,2065.0
1171.0,23096.908873374483,1575.0,9,11,2065.0
1172.0,23119.66942623869,1575.0,9,11,2065.0
1173.0,23142.314768045613,1575.0,9,11,2065.0
1174.0,23164.847203016394,1575.0,9,11,2065.0
1175.0,23187.26898928776,1575.0,9,11,2065.0
1176.0,23209.582339833698,1575.0,9,11,2065.0
1177.0,23231.78942336872,1575.0,9,11,2065.0
1178.0,23253.892365233034,1575.0,9,11,2065.0
1179.0,23275.89324826007,1575.0,9,11,2065.0
1180.0,23297.79411362656,1575.0,9,11,2065.0
1181.0,23319.59696168573,1575.0,9,11,2065.0
1182.0,23341.303752783704,1575.0,9,11,2065.0
1183.0,23362.916408059726,1575.0,9,11,2065.0
1184.0,23384.43681023022,1575.0,9,11,2065.0
1185.0,23405.866804357313,1575.0,9,11,2065.0
1186.0,23424.283191296065,1575.0,9,11,2065.0
1187.0,23436.16560155668,1575.0,9,11,2065.0
1188.0,23446.349818281124,1575.0,9,11,2065.0
1189.0,23457.19022354205,1575.0,9,11,2065.0
1190.0,23468.694831689238,1575.0,9,11,2065.0
1191.0,23480.867259038514,1575.0,9,11,2065.0
1192.0,23493.709938199307,1575.0,9,11,2065.0
1193.0,23507.224859680562,1575.0,9,11,2065.0
1194.0,23521.413802999727,1575.0,9,11,2065.0
1195.0,23536.278426421664,1575.0,9,11,2065.0
1196.0,23551.820307676742,1575.0,9,11,2065.0
1197.0,23568.04096471805,1575.0,9,11,2065.0
1198.0,23584.941867324622,1575.0,9,11,2065.0
1199.0,23602.524444104838,1575.0,9,11,2065.0
1200.0,23620.79008701461,1575.0,9,11,2065.0
1201.0,23639.740154450094,1575.0,9,11,2065.0
1202.0,23659.37597348166,1575.0,9,11,2065.0
1203.0,23679.698841547448,1575.0,9,11,2065.0
1204.0,23700.710027794063,1575.0,9,11,2065.0
1205.0,23722.410774179116,1575.0,9,11,2065.0
1206.0,23744.80229640757,1575.0,9,11,2065.0
1207.0,23767.63578474938,1575.0,9,11,2065.0
1208.0,23790.419359519085,1575.0,9,11,2065.0
1209.0,23813.1472627934,1575.0,9,11,2065.0
1210.0,23835.820608002225,1575.0,9,11,2065.0
1211.0,23858.440486306874,1575.0,9,11,2065.0
1212.0,23881.007967045432,1575.0,9,11,2065.0
1213.0,23903.524098169215,1575.0,9,11,2065.0
1214.0,23925.989906670526,1575.0,9,11,2065.0
1215.0,23948.406399001808,1575.0,9,11,2065.0
1216.0,23970.77456148647,1575.0,9,11,2065.0
1217.0,23993.09536072143,1575.0,9,11,2065.0
1218.0,24015.369743971696,1575.0,9,11,2065.0
1219.0,24037.59863955696,1575.0,9,11,2065.0
1220.0,24059.782957230513,1575.0,9,11,2065.0
1221.0,24081.923588550595,1575.0,9,11,2065.0
1222.0,24104.02140724428,1575.0,9,11,2065.0
1223.0,24126.077269564084,1575.0,9,11,2065.0
1224.0,24148.0920146375,1575.0,9,11,2065.0
1225.0,24170.06646480944,1575.0,9,11,2065.0
1226.0,24192.001425977953,1575.0,9,11,2065.0
1227.0,24213.897687923083,1575.0,9,11,2065.0
1228.0,24235.756024629314,1575.0,9,11,2065.0
1229.0,24257.55742595137,1575.0,9,11,2065.0
1230.0,24279.322799246984,1575.0,9,11,2065.0
1231.0,24301.052865076686,1575.0,9,11,2065.0
1232.0,24321.699158690015,1575.0,9,11,2065.0
1233.0,24334.147669247162,1575.0,9,11,2065.0
1234.0,24343.502113675073,1575.0,9,11,2065.0
1235.0,24353.71248608135,1575.0,9,11,2065.0
1236.0,24364.781931355195,1575.0,9,11,2065.0
1237.0,24376.713641577626,1575.0,9,11,2065.0
1238.0,24389.51083749441,1575.0,9,11,2065.0
1239.0,24403.176748321235,1575.0,9,11,2065.0
1240.0,24417.714590666706,1575.0,9,11,2065.0
1241.0,24433.127547440563,1575.0,9,11,2065.0
1242.0,24449.386088098843,1575.0,9,11,2065.0
1243.0,24466.466581787812,1575.0,9,11,2065.0
1244.0,24484.37218303658,1575.0,9,11,2065.0
1245.0,24503.10594020722,1575.0,9,11,2065.0
1246.0,24522.665503968183,1575.0,9,11,2065.0
1247.0,24543.039876453917,1575.0,9,11,2065.0
1248.0,24564.229761489936,1575.0,9,11,2065.0
1249.0,24586.23584882524,1575.0,9,11,2065.0
1250.0,24609.058814413846,1575.0,9,11,2065.0
1251.0,24632.699320690666,1575.0,9,11,2065.0
1252.0,24657.058016841955,1575.0,9,11,2065.0
1253.0,24681.58553907022,1575.0,9,11,2065.0
1254.0,24706.082510853917,1575.0,9,11,2065.0
1255.0,24730.54954320194,1575.0,9,11,2065.0
1256.0,24754.987234903005,1575.0,9,11,2065.0
1257.0,24777.396172770044,1575.0,9,11,2065.0
1258.0,24799.776931879744,1575.0,9,11,2065.0
1259.0,24822.130075807254,1575.0,9,11,2065.0
1260.0,24844.45615685621,1575.0,9,11,2065.0
1261.0,24866.75571628419,1575.0,9,11,2065.0
1262.0,24889.009447523866,1575.0,9,11,2065.0
1263.0,24911.23810413875,1575.0,9,11,2065.0
1264.0,24933.433031222536,1575.0,9,11,2065.0
1265.0,24955.58405976465,1575.0,9,11,2065.0
1266.0,24977.676038537822,1575.0,9,11,2065.0
1267.0,24999.678753121694,1575.0,9,11,2065.0
1268.0,25021.58141341389,1575.0,9,11,2065.0
1269.0,25043.386020500242,1575.0,9,11,2065.0
1270.0,25065.094535444863,1575.0,9,11,2065.0
1271.0,25085.79767338969,1580.0,9,11,2060.0
1272.0,25104.52984287118,1585.0,9,11,2055.0
1273.0,25115.62874362638,1590.0,9,11,2050.0
1274.0,25127.097319303724,1595.0,9,11,2045.0
1275.0,25138.938662607987,1600.0,9,11,2040.0
1276.0,25151.1560220179,1605.0,9,11,2035.0
1277.0,25163.75280490838,1610.0,9,11,2030.0
1278.0,25176.732575951675,1615.0,9,11,2025.0
1279.0,25190.09904973394,1620.0,9,11,2020.0
1280.0,25203.856076755386,1625.0,9,11,2015.0
1281.0,25218.007622408804,1630.0,9,11,2010.0
1282.0,25232.55773913726,1635.0,9,11,2005.0
1283.0,25247.510532691413,1640.0,9,11,2000.0
1284.0,25262.870124120793,1645.0,9,11,1995.0
1285.0,25278.640609698967,1650.0,9,11,1990.0
1286.0,25294.8260212695,1655.0,9,11,1985.0
1287.0,25311.430289439217,1660.0,9,11,1980.0
1288.0,25328.457211652232,1665.0,9,11,1975.0
1289.0,25345.91042654575,1670.0,9,11,1970.0
1290.0,25363.793395257497,1675.0,9,11,1965.0
1291.0,25382.109389662368,1680.0,9,11,1960.0
1292.0,25400.806394524134,1685.0,9,11,1955.0
1293.0,25419.452857803477,1690.0,9,11,1950.0
1294.0,25438.071891175987,1695.0,9,11,1945.0
1295.0,25456.656054531017,1700.0,9,11,1940.0
1296.0,25475.198597235627,1705.0,9,11,1935.0
1297.0,25493.678871759057,1710.0,9,11,1930.0
1298.0,25512.08954079202,1715.0,9,11,1925.0
1299.0,25530.43199644432,1720.0,9,11,1920.0
1300.0,25548.70760298358,1725.0,9,11,1915.0
1301.0,25566.91769739205,1730.0,9,11,1910.0
1302.0,25585.063589912348,1735.0,9,11,1905.0
1303.0,25603.146564582246,1740.0,9,11,1900.0
1304.0,25621.167879758745,1745.0,9,11,1895.0
1305.0,25639.128768631712,1750.0,10,10,1890.0
1306.0,25657.280439727216,1750.0,10,10,1890.0
1307.0,25675.62407740082,1750.0,10,10,1890.0
1308.0,25694.160842320944,1750.0,10,10,1890.0
1309.0,25712.891871942666,1750.0,10,10,1890.0
1310.0,25731.818280971962,1750.0,10,10,1890.0
1311.0,25750.941161820654,1750.0,10,10,1890.0
1312.0,25770.26158505239,1750.0,10,10,1890.0
1313.0,25789.78059981948,1750.0,10,10,1890.0
1314.0,25809.499234291234,1750.0,10,10,1890.0
1315.0,25829.41849607355,1750.0,10,10,1890.0
1316.0,25849.539372620224,1750.0,10,10,1890.0
1317.0,25869.86283163596,1750.0,10,10,1890.0
1318.0,25890.389821471388,1750.0,10,10,1890.0
1319.0,25911.121271510103,1750.0,10,10,1890.0
1320.0,25932.05809254804,1750.0,10,10,1890.0
1321.0,25953.161227289256,1752.0,10,10,1888.0
1322.0,25974.4526163843,1755.0,10,10,1885.0
1323.0,25995.913435161037,1760.0,10,10,1880.0
1324.0,26017.585037562236,1765.0,10,10,1875.0
1325.0,26039.468207915404,1770.0,10,10,1870.0
1326.0,26061.313714861517,1775.0,10,10,1865.0
1327.0,26083.122311668703,1780.0,10,10,1860.0
1328.0,26104.894736539747,1785.0,10,10,1855.0
1329.0,26126.631712913368,1790.0,10,10,1850.0
1330.0,26148.333949759523,1795.0,10,10,1845.0
1331.0,26170.002141868754,1800.0,10,10,1840.0
1332.0,26191.636970135798,1805.0,10,10,1835.0
1333.0,26213.2391018375,1810.0,10,10,1830.0
1334.0,26234.80919090517,1815.0,10,10,1825.0
1335.0,26256.347878191482,1820.0,10,10,1820.0
1336.0,26277.85579173207,1825.0,10,10,1815.0
1337.0,26299.33354700185,1830.0,10,10,1810.0
1338.0,26320.781747166235,1835.0,10,10,1805.0
1339.0,26342.200983327326,1840.0,10,10,1800.0
1340.0,26363.5918347652,1845.0,10,10,1795.0
1341.0,26384.954869174308,1850.0,10,10,1790.0
1342.0,26406.29064289525,1855.0,10,10,1785.0
1343.0,26427.599701141757,1860.0,10,10,1780.0
1344.0,26448.882578223343,1865.0,10,10,1775.0
1345.0,26470.139797763295,1870.0,10,10,1770.0
1346.0,26491.31239618062,1878.0,10,10,1762.0
1347.0,26512.441696323236,1887.0,10,10,1753.0
1348.0,26533.528670661395,1897.0,10,10,1743.0
1349.0,26554.59390551279,1907.0,10,10,1733.0
1350.0,26575.637835667156,1917.0,10,10,1723.0
1351.0,26596.66088721843,1927.0,10,10,1713.0
1352.0,26617.663477738686,1937.0,10,10,1703.0
1353.0,26638.646016448532,1947.0,10,10,1693.0
1354.0,26659.608904384182,1957.0,10,10,1683.0
1355.0,26680.55253456112,1967.0,10,10,1673.0
1356.0,26701.47729213452,1977.0,11,9,1663.0
1357.0,26722.38355455645,1982.0,11,9,1658.0
1358.0,26734.021691729944,1987.0,11,9,1653.0
1359.0,26745.931728777185,1992.0,11,9,1648.0
1360.0,26758.57099794172,1997.0,11,9,1643.0
1361.0,26771.941612698574,2002.0,11,9,1638.0
1362.0,26786.044585584586,2007.0,11,9,1633.0
1363.0,26800.880573485538,2012.0,11,9,1628.0
1364.0,26816.450082992087,2017.0,11,9,1623.0
1365.0,26832.75354456621,2022.0,11,9,1618.0
1366.0,26849.791344537698,2027.0,11,9,1613.0
1367.0,26867.563840757753,2032.0,11,9,1608.0
1368.0,26886.07137101617,2037.0,11,9,1603.0
1369.0,26905.314257917627,2042.0,11,9,1598.0
1370.0,26925.292811884912,2047.0,11,9,1593.0
1371.0,26946.00733310747,2052.0,11,9,1588.0
1372.0,26967.458112864588,2057.0,11,9,1583.0
1373.0,26989.64543446137,2062.0,11,9,1578.0
1374.0,27012.56957391594,2067.0,11,9,1573.0
1375.0,27036.23080048148,2072.0,11,9,1568.0
1376.0,27060.629377055582,2077.0,11,9,1563.0
1377.0,27085.765560510536,2082.0,11,9,1558.0
1378.0,27111.35848796757,2087.0,11,9,1553.0
1379.0,27136.939556875466,2092.0,11,9,1548.0
1380.0,27162.509004405205,2097.0,11,9,1543.0
1381.0,27188.067062984344,2100.0,12,8,1540.0
1382.0,27210.863960391904,2100.0,12,8,1540.0
1383.0,27222.39991985131,2100.0,12,8,1540.0
1384.0,27234.357010017593,2100.0,12,8,1540.0
1385.0,27247.289040195305,2100.0,12,8,1540.0
1386.0,27261.207684661076,2100.0,12,8,1540.0
1387.0,27276.11499715762,2100.0,12,8,1540.0
1388.0,27292.011757947916,2100.0,12,8,1540.0
1389.0,27308.898416524487,2100.0,12,8,1540.0
1390.0,27326.775298259003,2100.0,12,8,1540.0
1391.0,27345.642670342586,2100.0,12,8,1540.0
1392.0,27365.50076809523,2100.0,12,8,1540.0
1393.0,27386.34980715658,2100.0,12,8,1540.0
1394.0,27408.18998978161,2100.0,12,8,1540.0
1395.0,27431.021508374342,2100.0,12,8,1540.0
1396.0,27454.844547608842,2100.0,12,8,1540.0
1397.0,27479.659285775717,2100.0,12,8,1540.0
1398.0,27505.445901609222,2100.0,12,8,1540.0
1399.0,27532.224957003244,2100.0,12,8,1540.0
1400.0,27559.996607491787,2100.0,12,8,1540.0
1401.0,27588.76100469643,2100.0,12,8,1540.0
1402.0,27618.518296585036,2100.0,12,8,1540.0
1403.0,27648.81862767776,2100.0,12,8,1540.0
1404.0,27679.151570674552,2100.0,12,8,1540.0
1405.0,27709.477854811394,2100.0,12,8,1540.0
1406.0,27739.797613265506,2100.0,12,8,1540.0
1407.0,27770.110976550528,2100.0,12,8,1540.0
1408.0,27800.418072569864,2100.0,12,8,1540.0
1409.0,27830.719026668794,2100.0,12,8,1540.0
1410.0,27861.01396168576,2100.0,12,8,1540.0
1411.0,27891.302998002375,2100.0,12,8,1540.0
1412.0,27921.586253592668,2100.0,12,8,1540.0
1413.0,27951.863844071147,2100.0,12,8,1540.0
1414.0,27982.135882740073,2100.0,12,8,1540.0
1415.0,28012.402480635606,2100.0,12,8,1540.0
1416.0,28042.663746573224,2100.0,12,8,1540.0
1417.0,28072.919787192102,2100.0,12,8,1540.0
1418.0,28103.170706998597,2100.0,12,8,1540.0
1419.0,28132.416608408963,2100.0,12,8,1540.0
1420.0,28161.65759179112,2100.0,12,8,1540.0
1421.0,28190.893755505636,2100.0,12,8,1540.0
1422.0,28220.125195945864,2100.0,12,8,1540.0
1423.0,28249.35200757728,2100.0,12,8,1540.0
1424.0,28278.574282976075,2100.0,12,8,1540.0
1425.0,28307.792112866886,2100.0,12,8,1540.0
1426.0,28337.005586159885,2100.0,12,8,1540.0
1427.0,28366.21478998703,2100.0,12,8,1540.0
1428.0,28395.419809737625,2100.0,12,8,1540.0
1429.0,28424.62072909321,2100.0,12,8,1540.0
1430.0,28453.81763006168,2100.0,12,8,1540.0
1431.0,28483.010593010786,2100.0,12,8,1540.0
1432.0,28512.199696700907,2100.0,12,8,1540.0
1433.0,28541.38501831723,2100.0,12,8,1540.0
1434.0,28570.566633501217,2100.0,12,8,1540.0
1435.0,28598.744616381537,2100.0,12,8,1540.0
1436.0,28626.919039604236,2100.0,12,8,1540.0
1437.0,28655.089974362494,2100.0,12,8,1540.0
1438.0,28683.257490425578,2100.0,12,8,1540.0
1439.0,28711.421656167407,2100.0,12,8,1540.0
1440.0,28739.582538594394,2100.0,12,8,1540.0
1441.0,28767.74020337284,2100.0,12,8,1540.0
1442.0,28795.894714855724,2100.0,12,8,1540.0
1443.0,28824.046136108944,2100.0,12,8,1540.0
1444.0,28852.194528937103,2100.0,12,8,1540.0
1445.0,28880.3399539087,2100.0,12,8,1540.0
1446.0,28908.48247038086,2100.0,12,8,1540.0
1447.0,28936.622136523587,2100.0,12,8,1540.0
1448.0,28964.759009343452,2100.0,12,8,1540.0
1449.0,28991.822742686778,2100.0,12,8,1540.0
1450.0,29010.1317246492,2100.0,12,8,1540.0
1451.0,29022.009784375132,2100.0,12,8,1540.0
1452.0,29034.659638222776,2100.0,12,8,1540.0
1453.0,29048.13320755921,2100.0,12,8,1540.0
1454.0,29060.275687509064,2100.0,12,8,1540.0
1455.0,29071.746387480645,2100.0,12,8,1540.0
1456.0,29083.97365884781,2100.0,12,8,1540.0
1457.0,29095.762770694262,2100.0,12,8,1540.0
1458.0,29107.179871273143,2100.0,12,8,1540.0
1459.0,29119.445104497794,2100.0,12,8,1540.0
1460.0,29132.538707926346,2100.0,12,8,1540.0
1461.0,29146.476405047593,2100.0,12,8,1540.0
1462.0,29161.232919805272,2100.0,12,8,1540.0
1463.0,29176.778797654068,2100.0,12,8,1540.0
1464.0,29193.08870704516,2100.0,12,8,1540.0
1465.0,29210.150913194295,2100.0,12,8,1540.0
1466.0,29227.96737061072,2100.0,12,8,1540.0
1467.0,29246.53999459378,2100.0,12,8,1540.0
1468.0,29265.870662056008,2100.0,12,8,1540.0
1469.0,29285.961212315207,2100.0,12,8,1540.0
1470.0,29306.813447862303,2100.0,12,8,1540.0
1471.0,29328.429135108454,2100.0,12,8,1540.0
1472.0,29350.81000511412,2100.0,12,8,1540.0
1473.0,29373.9577543014,2100.0,12,8,1540.0
1474.0,29397.874045150504,2100.0,12,8,1540.0
1475.0,29422.560506881513,2100.0,12,8,1540.0
1476.0,29447.993872236475,2100.0,12,8,1540.0
1477.0,29473.750570284326,2100.0,12,8,1540.0
1478.0,29499.43213437123,2100.0,12,8,1540.0
1479.0,29525.040067176393,2100.0,12,8,1540.0
1480.0,29550.57584132545,2100.0,12,8,1540.0
1481.0,29576.04089999153,2100.0,12,8,1540.0
1482.0,29601.436657484286,2100.0,12,8,1540.0
1483.0,29626.764499827194,2100.0,12,8,1540.0
1484.0,29652.02578532324,2100.0,12,8,1540.0
1485.0,29677.221845109365,2100.0,12,8,1540.0
1486.0,29702.334230319946,2100.0,12,8,1540.0
1487.0,29727.384367826322,2100.0,12,8,1540.0
1488.0,29743.873502582563,2100.0,12,8,1540.0
1489.0,29752.73320528773,2106.0,12,8,1534.0
1490.0,29762.466189352654,2112.0,12,8,1528.0
1491.0,29773.086271265183,2118.0,12,8,1522.0
1492.0,29784.597816639263,2124.0,12,8,1516.0
1493.0,29797.00310925725,2130.0,12,8,1510.0
1494.0,29810.303783925487,2136.0,12,8,1504.0
1495.0,29824.50120547845,2142.0,12,8,1498.0
1496.0,29839.596600549583,2148.0,12,8,1492.0
1497.0,29855.59111283888,2154.0,12,8,1486.0
1498.0,29872.485829630354,2160.0,12,8,1480.0
1499.0,29890.28179588491,2166.0,12,8,1474.0
1500.0,29908.98002237002,2172.0,12,8,1468.0
1501.0,29928.58149068336,2178.0,12,8,1462.0
1502.0,29949.087156548983,2184.0,12,8,1456.0
1503.0,29970.49795209894,2190.0,12,8,1450.0
1504.0,29992.814787531523,2196.0,12,8,1444.0
1505.0,30016.038552370654,2202.0,12,8,1438.0
1506.0,30040.17011646141,2208.0,12,8,1432.0
1507.0,30065.210330785256,2214.0,12,8,1426.0
1508.0,30091.160028148613,2220.0,12,8,1420.0
1509.0,30117.10256887002,2226.0,12,8,1414.0
1510.0,30143.006258776997,2232.0,12,8,1408.0
1511.0,30168.87187488584,2238.0,12,8,1402.0
1512.0,30194.700178672498,2244.0,12,8,1396.0
1513.0,30220.491916383424,2250.0,12,8,1390.0
1514.0,30246.247819340137,2256.0,12,8,1384.0
1515.0,30271.96860423771,2262.0,12,8,1378.0
1516.0,30297.654973437337,2268.0,12,8,1372.0
1517.0,30323.307615252965,2274.0,12,8,1366.0
1518.0,30348.92720423229,2280.0,12,8,1360.0
1519.0,30374.51440143202,2286.0,12,8,1354.0
1520.0,30400.069854687765,2292.0,12,8,1348.0
1521.0,30425.594198878385,2298.0,12,8,1342.0
1522.0,30451.08805618519,2304.0,12,8,1336.0
1523.0,30476.552036345867,2310.0,13,7,1330.0
1524.0,30502.28673690333,2310.0,13,7,1330.0
1525.0,30528.29274344964,2310.0,13,7,1330.0
1526.0,30554.570629865022,2310.0,13,7,1330.0
1527.0,30581.120958552103,2310.0,13,7,1330.0
1528.0,30607.944280665444,2310.0,13,7,1330.0
1529.0,30635.041136336502,2310.0,13,7,1330.0
1530.0,30662.412054894154,2310.0,13,7,1330.0
1531.0,30690.05755508065,2310.0,13,7,1330.0
1532.0,30717.978145263416,2310.0,13,7,1330.0
1533.0,30746.174323642528,2310.0,13,7,1330.0
1534.0,30774.646578454052,2310.0,13,7,1330.0
1535.0,30803.39538816935,2310.0,13,7,1330.0
1536.0,30832.421221690343,2310.0,13,7,1330.0
1537.0,30861.724538540915,2310.0,13,7,1330.0
1538.0,30891.30578905447,2310.0,13,7,1330.0
1539.0,30921.16541455776,2310.0,13,7,1330.0
1540.0,30951.303847550986,2310.0,13,7,1330.0
1541.0,30981.72151188434,2310.0,13,7,1330.0
1542.0,31012.418822931035,2310.0,13,7,1330.0
1543.0,31043.39618775679,2310.0,13,7,1330.0
1544.0,31074.35400528603,2310.0,13,7,1330.0
1545.0,31105.29266646469,2310.0,13,7,1330.0
1546.0,31136.21255441978,2310.0,13,7,1330.0
1547.0,31167.114044615755,2310.0,13,7,1330.0
1548.0,31197.997505007825,2310.0,13,7,1330.0
1549.0,31228.86329619204,2310.0,13,7,1330.0
1550.0,31259.71177155258,2310.0,13,7,1330.0
1551.0,31290.543277405905,2310.0,13,7,1330.0
1552.0,31321.35815314217,2310.0,13,7,1330.0
1553.0,31352.156731363702,2310.0,13,7,1330.0
1554.0,31382.93933802081,2310.0,13,7,1330.0
1555.0,31413.70629254477,2310.0,13,7,1330.0
1556.0,31444.457907978252,2310.0,13,7,1330.0
1557.0,31475.194491103062,2310.0,13,7,1330.0
1558.0,31505.91634256538,2310.0,13,7,1330.0
1559.0,31536.623756998448,2310.0,13,7,1330.0
1560.0,31567.317023142863,2310.0,13,7,1330.0
1561.0,31597.996423964378,2310.0,13,7,1330.0
1562.0,31628.66223676947,2310.0,13,7,1330.0
1563.0,31659.314733318457,2310.0,13,7,1330.0
1564.0,31689.95417993647,2310.0,13,7,1330.0
1565.0,31720.58083762212,2310.0,13,7,1330.0
1566.0,31751.19496215405,2310.0,13,7,1330.0
1567.0,31781.796804195346,2310.0,13,7,1330.0
1568.0,31812.386609395817,2310.0,13,7,1330.0
1569.0,31842.964618492286,2310.0,13,7,1330.0
1570.0,31873.53106740682,2310.0,13,7,1330.0
1571.0,31904.08618734306,2310.0,13,7,1330.0
1572.0,31934.63020488057,2310.0,13,7,1330.0
1573.0,31965.163342067342,2310.0,13,7,1330.0
1574.0,31995.685816510373,2310.0,13,7,1330.0
1575.0,32026.197841464545,2310.0,13,7,1330.0
1576.0,32056.699625919635,2310.0,13,7,1330.0
1577.0,32087.19137468561,2310.0,13,7,1330.0
1578.0,32117.673288476286,2310.0,13,7,1330.0
1579.0,32148.145563991133,2310.0,13,7,1330.0
1580.0,32178.60839399569,2310.0,13,7,1330.0
1581.0,32209.061967400154,2310.0,13,7,1330.0
1582.0,32239.50646933653,2310.0,13,7,1330.0
1583.0,32269.942081234174,2310.0,13,7,1330.0
1584.0,32300.36898089387,2310.0,13,7,1330.0
1585.0,32330.787342560372,2310.0,13,7,1330.0
1586.0,32361.19733699354,2310.0,13,7,1330.0
1587.0,32391.59913153805,2310.0,13,7,1330.0
1588.0,32421.99289019167,2310.0,13,7,1330.0
1589.0,32452.37877367221,2310.0,13,7,1330.0
1590.0,32482.756939483148,2310.0,13,7,1330.0
1591.0,32513.127541977865,2310.0,13,7,1330.0
1592.0,32543.490732422684,2310.0,13,7,1330.0
1593.0,32573.846659058607,2310.0,13,7,1330.0
1594.0,32604.19546716181,2310.0,13,7,1330.0
1595.0,32634.537299102954,2310.0,13,7,1330.0
1596.0,32664.872294405275,2310.0,13,7,1330.0
1597.0,32695.200589801545,2310.0,13,7,1330.0
1598.0,32725.522319289896,2310.0,13,7,1330.0
1599.0,32755.837614188476,2310.0,13,7,1330.0
1600.0,32786.14660318908,2310.0,13,7,1330.0
1601.0,32816.449412409675,2310.0,13,7,1330.0
1602.0,32846.74616544586,2310.0,13,7,1330.0
1603.0,32877.03698342132,2310.0,13,7,1330.0
1604.0,32907.32198503728,2310.0,13,7,1330.0
1605.0,32937.601286620906,2310.0,13,7,1330.0
1606.0,32967.87500217286,2310.0,13,7,1330.0
1607.0,32998.14324341379,2310.0,13,7,1330.0
1608.0,33028.40611982989,2310.0,13,7,1330.0
1609.0,33058.66373871767,2310.0,13,7,1330.0
1610.0,33088.91620522769,2310.0,13,7,1330.0
1611.0,33119.16362240752,2310.0,13,7,1330.0
1612.0,33149.40609124374,2310.0,13,7,1330.0
1613.0,33179.64371070325,2310.0,13,7,1330.0
1614.0,33209.87657777356,2310.0,13,7,1330.0
1615.0,33240.10478750247,2310.0,13,7,1330.0
1616.0,33270.3284330368,2310.0,13,7,1330.0
1617.0,33300.54760566044,2310.0,13,7,1330.0
1618.0,33330.76239483161,2310.0,13,7,1330.0
1619.0,33360.97288821936,2310.0,13,7,1330.0
1620.0,33391.17917173934,2310.0,13,7,1330.0
1621.0,33421.38132958894,2310.0,13,7,1330.0
1622.0,33451.57944428153,2310.0,13,7,1330.0
1623.0,33481.77359668028,2310.0,13,7,1330.0
1624.0,33511.96386603105,2310.0,13,7,1330.0
1625.0,33542.15032999481,2310.0,13,7,1330.0
1626.0,33572.33306467929,2310.0,13,7,1330.0
1627.0,33602.51214467009,2310.0,13,7,1330.0
1628.0,33632.68764306106,2310.0,13,7,1330.0
1629.0,33662.859631484214,2310.0,13,7,1330.0
1630.0,33693.02818013891,2310.0,13,7,1330.0
1631.0,33723.193357820506,2310.0,13,7,1330.0
1632.0,33753.35523194848,2310.0,13,7,1330.0
1633.0,33783.51386859389,2310.0,13,7,1330.0
1634.0,33813.66933250638,2310.0,13,7,1330.0
1635.0,33843.82168714064,2310.0,13,7,1330.0
1636.0,33873.970994682204,2310.0,13,7,1330.0
1637.0,33904.11731607294,2310.0,13,7,1330.0
1638.0,33934.26071103585,2310.0,13,7,1330.0
1639.0,33964.40123809952,2310.0,13,7,1330.0
1640.0,33994.5389546219,2310.0,13,7,1330.0
1641.0,34024.673916813845,2310.0,13,7,1330.0
1642.0,34054.806179761945,2310.0,13,7,1330.0
1643.0,34084.935797451086,2310.0,13,7,1330.0
1644.0,34115.062822786436,2310.0,13,7,1330.0
1645.0,34145.187307615095,2310.0,13,7,1330.0
1646.0,34175.30930274717,2310.0,13,7,1330.0
1647.0,34205.4288579766,2310.0,13,7,1330.0
1648.0,34235.54602210145,2310.0,13,7,1330.0
1649.0,34265.66084294379,2310.0,13,7,1330.0
1650.0,34295.77336736929,2310.0,13,7,1330.0
1651.0,34325.88364130629,2310.0,13,7,1330.0
1652.0,34355.991709764545,2310.0,13,7,1330.0
1653.0,34386.09761685363,2310.0,13,7,1330.0
1654.0,34416.20140580093,2310.0,13,7,1330.0
1655.0,34446.283354297826,2311.0,13,7,1329.0
1656.0,34476.32415181303,2314.0,13,7,1326.0
1657.0,34506.34420893768,2318.0,13,7,1322.0
1658.0,34536.34420893768,2323.0,13,7,1317.0
1659.0,34566.34420893768,2328.0,13,7,1312.0
1660.0,34596.34420893768,2333.0,13,7,1307.0
1661.0,34626.34420893768,2338.0,13,7,1302.0
1662.0,34655.276530707175,2343.0,13,7,1297.0
1663.0,34668.64305130488,2348.0,13,7,1292.0
1664.0,34683.109586872735,2353.0,13,7,1287.0
1665.0,34698.676138991286,2358.0,13,7,1282.0
1666.0,34715.34270953328,2363.0,13,7,1277.0
1667.0,34733.109300739765,2368.0,13,7,1272.0
1668.0,34751.975915322626,2373.0,13,7,1267.0
1669.0,34771.94255660558,2378.0,13,7,1262.0
1670.0,34793.009228722316,2383.0,13,7,1257.0
1671.0,34815.1759369019,2388.0,13,7,1252.0
1672.0,34838.42870552734,2393.0,13,7,1247.0
1673.0,34862.72080552678,2398.0,13,7,1242.0
1674.0,34888.05246343022,2403.0,13,7,1237.0
1675.0,34914.42390643088,2408.0,13,7,1232.0
1676.0,34941.83536558646,2413.0,13,7,1227.0
1677.0,34970.287081922645,2418.0,13,7,1222.0
1678.0,34999.77931941884,2423.0,13,7,1217.0
1679.0,35030.31239707303,2428.0,13,7,1212.0
1680.0,35061.88678769445,2433.0,13,7,1207.0
1681.0,35094.50356265128,2438.0,13,7,1202.0
1682.0,35127.96897171704,2443.0,13,7,1197.0
1683.0,35161.438477470925,2448.0,13,7,1192.0
1684.0,35194.94567164771,2453.0,13,7,1187.0
1685.0,35228.49339946195,2458.0,13,7,1182.0
1686.0,35262.08239300767,2463.0,13,7,1177.0
1687.0,35295.7130245235,2468.0,13,7,1172.0
1688.0,35329.3855542857,2473.0,13,7,1167.0
1689.0,35363.10019523875,2478.0,13,7,1162.0
1690.0,35396.85713590892,2483.0,13,7,1157.0
1691.0,35430.656550223925,2485.0,14,6,1155.0
1692.0,35452.29860231152,2485.0,14,6,1155.0
1693.0,35469.79929496491,2485.0,14,6,1155.0
1694.0,35488.129281141504,2485.0,14,6,1155.0
1695.0,35507.597986761364,2485.0,14,6,1155.0
1696.0,35528.20790652302,2485.0,14,6,1155.0
1697.0,35549.95390921032,2485.0,14,6,1155.0
1698.0,35572.80987347842,2485.0,14,6,1155.0
1699.0,35596.76975102563,2485.0,14,6,1155.0
1700.0,35621.83459158154,2485.0,14,6,1155.0
1701.0,35648.00537834027,2485.0,14,6,1155.0
1702.0,35675.283048408804,2485.0,14,6,1155.0
1703.0,35703.668503810615,2485.0,14,6,1155.0
1704.0,35733.16261790201,2485.0,14,6,1155.0
1705.0,35763.76623937574,2485.0,14,6,1155.0
1706.0,35795.48019491159,2485.0,14,6,1155.0
1707.0,35828.305291026976,2485.0,14,6,1155.0
1708.0,35862.242315432784,2485.0,14,6,1155.0
1709.0,35897.29203807103,2485.0,14,6,1155.0
1710.0,35933.45521194101,2485.0,14,6,1155.0
1711.0,35970.732573780144,2485.0,14,6,1155.0
1712.0,36009.12484464246,2485.0,14,6,1155.0
1713.0,36047.80733354368,2485.0,14,6,1155.0
1714.0,36086.45617266688,2485.0,14,6,1155.0
1715.0,36125.072035007615,2485.0,14,6,1155.0
1716.0,36163.655580101535,2485.0,14,6,1155.0
1717.0,36202.20745429358,2485.0,14,6,1155.0
1718.0,36240.72829100178,2485.0,14,6,1155.0
1719.0,36279.21871097582,2485.0,14,6,1155.0
1720.0,36317.65970071593,2485.0,14,6,1155.0
1721.0,36356.02402653046,2485.0,14,6,1155.0
1722.0,36394.30106582871,2485.0,14,6,1155.0
1723.0,36432.49256434097,2485.0,14,6,1155.0
1724.0,36470.600232883015,2485.0,14,6,1155.0
1725.0,36508.62574805421,2485.0,14,6,1155.0
1726.0,36546.57075292197,2485.0,14,6,1155.0
1727.0,36584.43685769239,2485.0,14,6,1155.0
1728.0,36622.22564036739,2485.0,14,6,1155.0
1729.0,36659.938647388895,2485.0,14,6,1155.0
1730.0,36697.57739426997,2485.0,14,6,1155.0
1731.0,36735.143366213415,2485.0,14,6,1155.0
1732.0,36772.63801871801,2485.0,14,6,1155.0
1733.0,36810.0627781725,2485.0,14,6,1155.0
1734.0,36847.4190424379,2485.0,14,6,1155.0
1735.0,36884.70818141799,2485.0,14,6,1155.0
1736.0,36921.93153761848,2485.0,14,6,1155.0
1737.0,36959.090426694966,2485.0,14,6,1155.0
1738.0,36996.18613798991,2485.0,14,6,1155.0
1739.0,37033.219935058965,2485.0,14,6,1155.0
1740.0,37070.19305618665,2485.0,14,6,1155.0
1741.0,37107.10671489176,2485.0,14,6,1155.0
1742.0,37143.962100422774,2485.0,14,6,1155.0
1743.0,37180.760378243176,2485.0,14,6,1155.0
1744.0,37217.50269050716,2485.0,14,6,1155.0
1745.0,37254.19015652586,2485.0,14,6,1155.0
1746.0,37290.8238732242,2485.0,14,6,1155.0
1747.0,37327.404915588566,2485.0,14,6,1155.0
1748.0,37363.93433710565,2485.0,14,6,1155.0
1749.0,37400.41317019239,2485.0,14,6,1155.0
1750.0,37436.84242661739,2485.0,14,6,1155.0
1751.0,37473.2230979139,2485.0,14,6,1155.0
1752.0,37509.55615578447,2485.0,14,6,1155.0
1753.0,37545.84255249763,2485.0,14,6,1155.0
1754.0,37582.08322127654,2485.0,14,6,1155.0
1755.0,37618.27907667986,2485.0,14,6,1155.0
1756.0,37654.4310149751,2485.0,14,6,1155.0
1757.0,37690.53991450445,2485.0,14,6,1155.0
1758.0,37726.60663604322,2485.0,14,6,1155.0
1759.0,37762.63202315121,2485.0,14,6,1155.0
1760.0,37798.61690251704,2485.0,14,6,1155.0
1761.0,37834.56208429555,2485.0,14,6,1155.0
1762.0,37870.468362438485,2485.0,14,6,1155.0
1763.0,37906.33651501857,2485.0,14,6,1155.0
1764.0,37942.167304547045,2485.0,14,6,1155.0
1765.0,37977.96147828495,2485.0,14,6,1155.0
1766.0,38013.71976854811,2485.0,14,6,1155.0
1767.0,38049.442893005995,2485.0,14,6,1155.0
1768.0,38085.13155497474,2485.0,14,6,1155.0
1769.0,38120.786443704084,2485.0,14,6,1155.0
1770.0,38156.408234658855,2485.0,14,6,1155.0
1771.0,38191.99758979453,2485.0,14,6,1155.0
1772.0,38227.5551578275,2485.0,14,6,1155.0
1773.0,38263.081574499796,2485.0,14,6,1155.0
1774.0,38298.57746283865,2485.0,14,6,1155.0
1775.0,38334.04343341073,2485.0,14,6,1155.0
1776.0,38369.48008457137,2485.0,14,6,1155.0
1777.0,38404.888002708794,2485.0,14,6,1155.0
1778.0,38440.26776248347,2485.0,14,6,1155.0
1779.0,38475.61992706265,2485.0,14,6,1155.0
1780.0,38510.94504835025,2485.0,14,6,1155.0
1781.0,38546.2436672121,2485.0,14,6,1155.0
1782.0,38581.5163136967,2485.0,14,6,1155.0
1783.0,38616.76350725163,2485.0,14,6,1155.0
1784.0,38651.98575693544,2485.0,14,6,1155.0
1785.0,38687.183561625585,2485.0,14,6,1155.0
1786.0,38722.35741022192,2485.0,14,6,1155.0
1787.0,38757.50778184634,2485.0,14,6,1155.0
1788.0,38792.635146038265,2485.0,14,6,1155.0
1789.0,38827.73996294635,2485.0,14,6,1155.0
1790.0,38862.82268351627,2485.0,14,6,1155.0
1791.0,38897.883749674795,2485.0,14,6,1155.0
1792.0,38932.92359451016,2485.0,14,6,1155.0
1793.0,38967.9426424488,2485.0,14,6,1155.0
1794.0,39002.94130942868,2485.0,14,6,1155.0
1795.0,39037.92000306895,2485.0,14,6,1155.0
1796.0,39072.87912283643,2485.0,14,6,1155.0
1797.0,39107.81906020855,2485.0,14,6,1155.0
1798.0,39142.740198833235,2485.0,14,6,1155.0
1799.0,39177.64291468542,2485.0,14,6,1155.0
1800.0,39212.527576220564,2485.0,14,6,1155.0
1801.0,39247.39454452501,2485.0,14,6,1155.0
1802.0,39282.24417346336,2485.0,14,6,1155.0
1803.0,39317.076809822946,2485.0,14,6,1155.0
1804.0,39351.892793455336,2485.0,14,6,1155.0
1805.0,39386.692457415076,2485.0,14,6,1155.0
1806.0,39421.47612809563,2485.0,14,6,1155.0
1807.0,39456.24412536257,2485.0,14,6,1155.0
1808.0,39490.99676268417,2485.0,14,6,1155.0
1809.0,39525.734347259335,2485.0,14,6,1155.0
1810.0,39560.45718014301,2485.0,14,6,1155.0
1811.0,39595.16555636899,2485.0,14,6,1155.0
1812.0,39629.85976507046,2485.0,14,6,1155.0
1813.0,39664.54008959791,2485.0,14,6,1155.0
1814.0,39699.2068076348,2485.0,14,6,1155.0
1815.0,39733.86019131096,2485.0,14,6,1155.0
1816.0,39768.50050731359,2485.0,14,6,1155.0
1817.0,39803.12801699617,2485.0,14,6,1155.0
1818.0,39837.7429764851,2485.0,14,6,1155.0
1819.0,39872.345636784245,2485.0,14,6,1155.0
1820.0,39906.93624387742,2485.0,14,6,1155.0
1821.0,39941.515038828715,2485.0,14,6,1155.0
1822.0,39976.082257881,2485.0,14,6,1155.0
1823.0,40010.63813255223,2485.0,14,6,1155.0
1824.0,40045.18288973003,2485.0,14,6,1155.0
1825.0,40079.71675176429,2485.0,14,6,1155.0
1826.0,40114.23993655785,2485.0,14,6,1155.0
1827.0,40148.75265765555,2485.0,14,6,1155.0
1828.0,40183.255124331285,2485.0,14,6,1155.0
1829.0,40217.74754167351,2485.0,14,6,1155.0
1830.0,40252.2301106689,2485.0,14,6,1155.0
1831.0,40286.70302828437,2485.0,14,6,1155.0
1832.0,40321.16648754753,2485.0,14,6,1155.0
1833.0,40355.620677625426,2485.0,14,6,1155.0
1834.0,40390.06578390178,2485.0,14,6,1155.0
1835.0,40424.4820799708,2485.0,14,6,1155.0
1836.0,40458.89005011845,2485.0,14,6,1155.0
1837.0,40493.289860863144,2485.0,14,6,1155.0
1838.0,40527.68167539294,2485.0,14,6,1155.0
1839.0,40562.06565363214,2485.0,14,6,1155.0
1840.0,40596.43379526132,2485.0,14,6,1155.0
1841.0,40630.77457405792,2485.0,14,6,1155.0
1842.0,40665.08853727858,2485.0,14,6,1155.0
1843.0,40699.37622123484,2485.0,14,6,1155.0
1844.0,40733.63815151196,2485.0,14,6,1155.0
1845.0,40766.978295709574,2485.0,14,6,1155.0
1846.0,40800.31163702324,2485.0,14,6,1155.0
1847.0,40833.63831151063,2485.0,14,6,1155.0
1848.0,40866.95845250827,2485.0,14,6,1155.0
1849.0,40900.27219068596,2485.0,14,6,1155.0
1850.0,40933.5796541001,2485.0,14,6,1155.0
1851.0,40966.88096824594,2485.0,14,6,1155.0
1852.0,41000.17625610888,2485.0,14,6,1155.0
1853.0,41033.465638214555,2485.0,14,6,1155.0
1854.0,41066.74923267812,2485.0,14,6,1155.0
1855.0,41100.027155252414,2485.0,14,6,1155.0
1856.0,41133.299519375214,2485.0,14,6,1155.0
1857.0,41166.56643621557,2485.0,14,6,1155.0
1858.0,41199.82801471911,2485.0,14,6,1155.0
1859.0,41233.08436165258,2485.0,14,6,1155.0
1860.0,41266.335581647385,2485.0,14,6,1155.0
1861.0,41299.581777242296,2485.0,14,6,1155.0
1862.0,41332.823048925304,2485.0,14,6,1155.0
1863.0,41366.05949517465,2485.0,14,6,1155.0
1864.0,41399.29121249901,2485.0,14,6,1155.0
1865.0,41432.51829547689,2485.0,14,6,1155.0
1866.0,41465.74083679521,2485.0,14,6,1155.0
1867.0,41498.954794203935,2485.0,14,6,1155.0
1868.0,41532.14447246448,2485.0,14,6,1155.0
1869.0,41565.31035715982,2485.0,14,6,1155.0
1870.0,41598.452924161254,2485.0,14,6,1155.0
1871.0,41631.57263982266,2485.0,14,6,1155.0
1872.0,41663.76977635392,2485.0,14,6,1155.0
1873.0,41695.96297015456,2485.0,14,6,1155.0
1874.0,41728.15230007917,2485.0,14,6,1155.0
1875.0,41760.3378434053,2485.0,14,6,1155.0
1876.0,41792.5196758649,2485.0,14,6,1155.0
1877.0,41824.697871675315,2485.0,14,6,1155.0
1878.0,41856.872503569524,2485.0,14,6,1155.0
1879.0,41889.04364282584,2485.0,14,6,1155.0
1880.0,41921.21135929704,2485.0,14,6,1155.0
1881.0,41953.37572143881,2485.0,14,6,1155.0
1882.0,41985.53679633774,2485.0,14,6,1155.0
1883.0,42017.6946497387,2485.0,14,6,1155.0
1884.0,42049.849346071634,2485.0,14,6,1155.0
1885.0,42082.000948477915,2485.0,14,6,1155.0
1886.0,42114.14951883607,2485.0,14,6,1155.0
1887.0,42146.29511778706,2485.0,14,6,1155.0
1888.0,42178.43780475903,2485.0,14,6,1155.0
1889.0,42210.57763799156,2485.0,14,6,1155.0
1890.0,42242.714674559444,2485.0,14,6,1155.0
1891.0,42274.80924034685,2485.0,14,6,1155.0
1892.0,42306.9019148185,2485.0,14,6,1155.0
1893.0,42338.992735800726,2485.0,14,6,1155.0
1894.0,42371.081740363305,2485.0,14,6,1155.0
1895.0,42403.16896483463,2485.0,14,6,1155.0
1896.0,42435.25444481653,2485.0,14,6,1155.0
1897.0,42467.3382151988,2485.0,14,6,1155.0
1898.0,42499.42031017341,2485.0,14,6,1155.0
1899.0,42531.50076324853,2485.0,14,6,1155.0
1900.0,42563.57960726215,2485.0,14,6,1155.0
1901.0,42595.6568743955,2485.0,14,6,1155.0
1902.0,42627.73259618618,2485.0,14,6,1155.0
1903.0,42659.806803541054,2485.0,14,6,1155.0
1904.0,42691.879526748824,2485.0,14,6,1155.0
1905.0,42723.95079549244,2485.0,14,6,1155.0
1906.0,42756.02063886119,2485.0,14,6,1155.0
1907.0,42788.08908536256,2485.0,14,6,1155.0
1908.0,42820.1561629339,2485.0,14,6,1155.0
1909.0,42852.22189895381,2485.0,14,6,1155.0
1910.0,42884.286320253326,2485.0,14,6,1155.0
1911.0,42916.34945312685,2485.0,14,6,1155.0
1912.0,42948.41132334291,2485.0,14,6,1155.0
1913.0,42980.452094005486,2485.0,14,6,1155.0
1914.0,43012.47217911642,2485.0,14,6,1155.0
1915.0,43044.47217911642,2489.0,14,6,1151.0
1916.0,43076.47217911642,2495.0,14,6,1145.0
1917.0,43108.47217911642,2501.0,14,6,1139.0
1918.0,43140.47217911642,2507.0,14,6,1133.0
1919.0,43172.47217911642,2513.0,14,6,1127.0
1920.0,43204.47217911642,2519.0,14,6,1121.0
1921.0,43236.47217911642,2525.0,14,6,1115.0
1922.0,43268.47217911642,2531.0,14,6,1109.0
1923.0,43300.47217911642,2537.0,14,6,1103.0
1924.0,43332.47217911642,2543.0,14,6,1097.0
1925.0,43364.47217911642,2549.0,14,6,1091.0
1926.0,43396.47217911642,2555.0,14,6,1085.0
1927.0,43428.47217911642,2561.0,14,6,1079.0
1928.0,43460.47217911642,2567.0,14,6,1073.0
1929.0,43492.47217911642,2573.0,14,6,1067.0
1930.0,43524.47217911642,2579.0,14,6,1061.0
1931.0,43556.47217911642,2585.0,14,6,1055.0
1932.0,43588.47217911642,2591.0,14,6,1049.0
1933.0,43620.47217911642,2597.0,14,6,1043.0
1934.0,43652.47217911642,2603.0,14,6,1037.0
1935.0,43684.47217911642,2609.0,14,6,1031.0
1936.0,43716.47217911642,2615.0,14,6,1025.0
1937.0,43748.47217911642,2621.0,14,6,1019.0
1938.0,43780.47217911642,2627.0,14,6,1013.0
1939.0,43812.47217911642,2633.0,14,6,1007.0
1940.0,43844.47217911642,2639.0,14,6,1001.0
1941.0,43876.47217911642,2645.0,14,6,995.0
1942.0,43908.47217911642,2651.0,14,6,989.0
1943.0,43940.47217911642,2657.0,14,6,983.0
1944.0,43972.47217911642,2663.0,14,6,977.0
1945.0,44004.47217911642,2669.0,14,6,971.0
1946.0,44036.47217911642,2675.0,14,6,965.0
1947.0,44068.47217911642,2681.0,14,6,959.0
1948.0,44100.47217911642,2687.0,14,6,953.0
1949.0,44132.47217911642,2693.0,14,6,947.0
1950.0,44164.67217911642,2695.0,15,5,945.0
1951.0,44197.172179116424,2695.0,15,5,945.0
1952.0,44229.97217911642,2695.0,15,5,945.0
1953.0,44263.07217911642,2695.0,15,5,945.0
1954.0,44296.47217911642,2695.0,15,5,945.0
1955.0,44330.17217911642,2695.0,15,5,945.0
1956.0,44364.172179116424,2695.0,15,5,945.0
1957.0,44398.47217911642,2695.0,15,5,945.0
1958.0,44433.07217911642,2695.0,15,5,945.0
1959.0,44467.97217911642,2695.0,15,5,945.0
1960.0,44503.172179116424,2695.0,15,5,945.0
1961.0,44538.672179116424,2695.0,15,5,945.0
1962.0,44574.47217911643,2695.0,15,5,945.0
1963.0,44610.57217911642,2695.0,15,5,945.0
1964.0,44646.97217911642,2695.0,15,5,945.0
1965.0,44683.672179116424,2695.0,15,5,945.0
1966.0,44720.672179116424,2695.0,15,5,945.0
1967.0,44757.97217911643,2695.0,15,5,945.0
1968.0,44795.57217911642,2695.0,15,5,945.0
1969.0,44833.47217911642,2695.0,15,5,945.0
1970.0,44871.47217911642,2695.0,15,5,945.0
1971.0,44909.47217911642,2695.0,15,5,945.0
1972.0,44947.47217911642,2695.0,15,5,945.0
1973.0,44985.47217911642,2695.0,15,5,945.0
1974.0,45023.47217911642,2695.0,15,5,945.0
1975.0,45061.47217911642,2695.0,15,5,945.0
1976.0,45099.47217911642,2695.0,15,5,945.0
1977.0,45137.47217911642,2695.0,15,5,945.0
1978.0,45175.47217911642,2695.0,15,5,945.0
1979.0,45213.47217911642,2695.0,15,5,945.0
1980.0,45251.47217911642,2695.0,15,5,945.0
1981.0,45289.47217911642,2695.0,15,5,945.0
1982.0,45327.47217911642,2695.0,15,5,945.0
1983.0,45365.47217911642,2695.0,15,5,945.0
1984.0,45403.47217911642,2695.0,15,5,945.0
1985.0,45441.47217911642,2695.0,15,5,945.0
1986.0,45479.47217911642,2695.0,15,5,945.0
1987.0,45517.47217911642,2695.0,15,5,945.0
1988.0,45555.47217911642,2695.0,15,5,945.0
1989.0,45593.47217911642,2695.0,15,5,945.0
1990.0,45631.47217911642,2695.0,15,5,945.0
1991.0,45669.47217911642,2695.0,15,5,945.0
1992.0,45707.47217911642,2695.0,15,5,945.0
1993.0,45745.47217911642,2695.0,15,5,945.0
1994.0,45783.47217911642,2695.0,15,5,945.0
1995.0,45821.47217911642,2695.0,15,5,945.0
1996.0,45859.47217911642,2695.0,15,5,945.0
1997.0,45897.47217911642,2695.0,15,5,945.0
1998.0,45935.47217911642,2695.0,15,5,945.0
1999.0,45973.47217911642,2695.0,15,5,945.0
2000.0,46011.47217911643,2695.0,15,5,945.0
2001.0,46049.47217911643,2695.0,15,5,945.0
2002.0,46087.47217911643,2695.0,15,5,945.0
2003.0,46125.47217911643,2695.0,15,5,945.0
2004.0,46163.47217911643,2695.0,15,5,945.0
2005.0,46201.47217911643,2695.0,15,5,945.0
2006.0,46239.47217911643,2695.0,15,5,945.0
2007.0,46277.47217911643,2695.0,15,5,945.0
2008.0,46315.47217911643,2695.0,15,5,945.0
2009.0,46353.47217911643,2695.0,15,5,945.0
2010.0,46391.47217911643,2695.0,15,5,945.0
2011.0,46429.47217911643,2695.0,15,5,945.0
2012.0,46467.47217911643,2695.0,15,5,945.0
2013.0,46505.47217911643,2695.0,15,5,945.0
2014.0,46543.47217911643,2695.0,15,5,945.0
2015.0,46581.47217911643,2695.0,15,5,945.0
2016.0,46619.47217911643,2695.0,15,5,945.0
2017.0,46657.47217911643,2695.0,15,5,945.0
2018.0,46695.47217911643,2695.0,15,5,945.0
2019.0,46733.47217911643,2695.0,15,5,945.0
2020.0,46771.47217911643,2695.0,15,5,945.0
2021.0,46809.47217911643,2695.0,15,5,945.0
2022.0,46847.47217911643,2695.0,15,5,945.0
2023.0,46885.47217911643,2695.0,15,5,945.0
2024.0,46923.47217911643,2695.0,15,5,945.0
2025.0,46961.47217911643,2695.0,15,5,945.0
2026.0,46999.47217911643,2695.0,15,5,945.0
2027.0,47037.47217911643,2695.0,15,5,945.0
2028.0,47075.47217911643,2695.0,15,5,945.0
2029.0,47113.47217911643,2695.0,15,5,945.0
2030.0,47151.47217911643,2695.0,15,5,945.0
2031.0,47189.47217911643,2695.0,15,5,945.0
2032.0,47227.47217911643,2695.0,15,5,945.0
2033.0,47265.47217911643,2695.0,15,5,945.0
2034.0,47303.47217911643,2695.0,15,5,945.0
2035.0,47341.47217911643,2695.0,15,5,945.0
2036.0,47379.47217911643,2695.0,15,5,945.0
2037.0,47417.47217911643,2695.0,15,5,945.0
2038.0,47455.47217911643,2695.0,15,5,945.0
2039.0,47493.47217911643,2695.0,15,5,945.0
2040.0,47531.47217911643,2695.0,15,5,945.0
2041.0,47569.47217911643,2695.0,15,5,945.0
2042.0,47607.47217911643,2695.0,15,5,945.0
2043.0,47645.47217911643,2695.0,15,5,945.0
2044.0,47683.47217911643,2695.0,15,5,945.0
2045.0,47721.47217911643,2695.0,15,5,945.0
2046.0,47759.47217911643,2695.0,15,5,945.0
2047.0,47797.47217911643,2695.0,15,5,945.0
2048.0,47835.47217911643,2695.0,15,5,945.0
2049.0,47873.47217911643,2695.0,15,5,945.0
2050.0,47911.47217911643,2695.0,15,5,945.0
2051.0,47949.47217911643,2695.0,15,5,945.0
2052.0,47987.47217911643,2695.0,15,5,945.0
2053.0,48025.47217911643,2695.0,15,5,945.0
2054.0,48063.47217911643,2695.0,15,5,945.0
2055.0,48101.47217911643,2695.0,15,5,945.0
2056.0,48139.47217911643,2695.0,15,5,945.0
2057.0,48177.47217911643,2695.0,15,5,945.0
2058.0,48215.47217911643,2695.0,15,5,945.0
2059.0,48253.47217911643,2695.0,15,5,945.0
2060.0,48291.47217911643,2695.0,15,5,945.0
2061.0,48329.47217911643,2695.0,15,5,945.0
2062.0,48367.47217911643,2695.0,15,5,945.0
2063.0,48405.47217911643,2695.0,15,5,945.0
2064.0,48443.47217911643,2695.0,15,5,945.0
2065.0,48481.47217911643,2695.0,15,5,945.0
2066.0,48519.47217911643,2695.0,15,5,945.0
2067.0,48557.47217911643,2695.0,15,5,945.0
2068.0,48595.47217911643,2695.0,15,5,945.0
2069.0,48633.47217911643,2695.0,15,5,945.0
2070.0,48671.47217911643,2695.0,15,5,945.0
2071.0,48709.47217911643,2695.0,15,5,945.0
2072.0,48747.47217911643,2695.0,15,5,945.0
2073.0,48785.47217911643,2695.0,15,5,945.0
2074.0,48823.47217911643,2695.0,15,5,945.0
2075.0,48861.47217911643,2695.0,15,5,945.0
2076.0,48899.47217911643,2695.0,15,5,945.0
2077.0,48937.47217911643,2695.0,15,5,945.0
2078.0,48975.47217911643,2695.0,15,5,945.0
2079.0,49013.47217911643,2695.0,15,5,945.0
2080.0,49051.47217911643,2695.0,15,5,945.0
2081.0,49089.47217911643,2695.0,15,5,945.0
2082.0,49127.47217911643,2695.0,15,5,945.0
2083.0,49165.47217911643,2695.0,15,5,945.0
2084.0,49203.47217911643,2695.0,15,5,945.0
2085.0,49241.47217911643,2695.0,15,5,945.0
2086.0,49279.47217911643,2695.0,15,5,945.0
2087.0,49317.47217911643,2695.0,15,5,945.0
2088.0,49355.47217911643,2695.0,15,5,945.0
2089.0,49393.47217911643,2695.0,15,5,945.0
2090.0,49431.47217911643,2695.0,15,5,945.0
2091.0,49469.47217911643,2695.0,15,5,945.0
2092.0,49507.47217911643,2695.0,15,5,945.0
2093.0,49545.47217911643,2695.0,15,5,945.0
2094.0,49583.47217911643,2695.0,15,5,945.0
2095.0,49621.47217911643,2695.0,15,5,945.0
2096.0,49659.47217911643,2695.0,15,5,945.0
2097.0,49697.47217911643,2695.0,15,5,945.0
2098.0,49735.47217911643,2695.0,15,5,945.0
2099.0,49773.47217911643,2695.0,15,5,945.0
2100.0,49811.47217911643,2695.0,15,5,945.0
2101.0,49849.47217911643,2695.0,15,5,945.0
2102.0,49887.47217911643,2695.0,15,5,945.0
2103.0,49925.47217911643,2695.0,15,5,945.0
2104.0,49963.47217911643,2695.0,15,5,945.0
2105.0,50001.47217911643,2695.0,15,5,945.0
2106.0,50039.47217911643,2695.0,15,5,945.0
2107.0,50077.47217911643,2695.0,15,5,945.0
2108.0,50115.47217911643,2695.0,15,5,945.0
2109.0,50153.47217911643,2695.0,15,5,945.0
2110.0,50191.47217911643,2695.0,15,5,945.0
2111.0,50229.47217911643,2695.0,15,5,945.0
2112.0,50267.47217911643,2695.0,15,5,945.0
2113.0,50305.47217911643,2695.0,15,5,945.0
2114.0,50343.46074977824,2695.0,15,5,945.0
2115.0,50381.416375855464,2695.0,15,5,945.0
2116.0,50419.25352335501,2695.0,15,5,945.0
2117.0,50456.95392790453,2695.0,15,5,945.0
2118.0,50494.52032436307,2695.0,15,5,945.0
2119.0,50531.06180331213,2695.0,15,5,945.0
2120.0,50567.49245268221,2695.0,15,5,945.0
2121.0,50602.91688759373,2695.0,15,5,945.0
2122.0,50638.25283380702,2695.0,15,5,945.0
2123.0,50673.50206109604,2695.0,15,5,945.0
2124.0,50708.666303839294,2695.0,15,5,945.0
2125.0,50743.74726172767,2695.0,15,5,945.0
2126.0,50778.74660045827,2695.0,15,5,945.0
2127.0,50813.66595241427,2695.0,15,5,945.0
2128.0,50848.50691733116,2695.0,15,5,945.0
2129.0,50883.2710629497,2695.0,15,5,945.0
2130.0,50917.959925655865,2695.0,15,5,945.0
2131.0,50952.57501110791,2695.0,15,5,945.0
2132.0,50987.11779485092,2695.0,15,5,945.0
2133.0,51021.58972291907,2695.0,15,5,945.0
2134.0,51055.992212425845,2695.0,15,5,945.0
2135.0,51090.326652142496,2695.0,15,5,945.0
2136.0,51124.5944030648,2695.0,15,5,945.0
2137.0,51158.79679896869,2695.0,15,5,945.0
2138.0,51192.93514695446,2695.0,15,5,945.0
2139.0,51227.01072798053,2695.0,15,5,945.0
2140.0,51261.0247973861,2695.0,15,5,945.0
2141.0,51294.978585403536,2695.0,15,5,945.0
2142.0,51328.87329766063,2695.0,15,5,945.0
2143.0,51362.710115672584,2695.0,15,5,945.0
2144.0,51396.490197324296,2695.0,15,5,945.0
2145.0,51430.21467734298,2695.0,15,5,945.0
2146.0,51463.88466776128,2695.0,15,5,945.0
2147.0,51497.501258371216,2695.0,15,5,945.0
2148.0,51531.06551716896,2695.0,15,5,945.0
2149.0,51564.57849079074,2695.0,15,5,945.0
2150.0,51598.04120494009,2695.0,15,5,945.0
2151.0,51631.45466480646,2695.0,15,5,945.0
2152.0,51664.81985547549,2695.0,15,5,945.0
2153.0,51698.13774233114,2695.0,15,5,945.0
2154.0,51731.409271449695,2695.0,15,5,945.0
2155.0,51764.63536998587,2695.0,15,5,945.0
2156.0,51797.816946551306,2695.0,15,5,945.0
2157.0,51830.95489158545,2695.0,15,5,945.0
2158.0,51864.05007771891,2695.0,15,5,945.0
2159.0,51897.10336012969,2695.0,15,5,945.0
2160.0,51930.115576892254,2695.0,15,5,945.0
2161.0,51963.07745332965,2695.0,15,5,945.0
2162.0,51995.89963137188,2695.0,15,5,945.0
2163.0,52028.53226278778,2695.0,15,5,945.0
2164.0,52060.972241575364,2695.0,15,5,945.0
2165.0,52093.21243705321,2695.0,15,5,945.0
2166.0,52125.2478286215,2695.0,15,5,945.0
2167.0,52155.63021365533,2695.0,15,5,945.0
2168.0,52185.285609840466,2695.0,15,5,945.0
2169.0,52214.22832857864,2695.0,15,5,945.0
2170.0,52242.47426315442,2695.0,15,5,945.0
2171.0,52270.04116307706,2695.0,15,5,945.0
2172.0,52296.94895254992,2695.0,15,5,945.0
2173.0,52323.22009661314,2695.0,15,5,945.0
2174.0,52348.88001638726,2695.0,15,5,945.0
2175.0,52373.95755119944,2695.0,15,5,945.0
2176.0,52398.485459821575,2695.0,15,5,945.0
2177.0,52422.50094549306,2695.0,15,5,945.0
2178.0,52446.046180508936,2695.0,15,5,945.0
2179.0,52469.16879828441,2695.0,15,5,945.0
2180.0,52491.922319955316,2695.0,15,5,945.0
2181.0,52514.36650275289,2695.0,15,5,945.0
2182.0,52536.56767218102,2695.0,15,5,945.0
2183.0,52558.59932262875,2695.0,15,5,945.0
2184.0,52580.54398038798,2695.0,15,5,945.0
2185.0,52602.44860145704,2695.0,15,5,945.0
2186.0,52624.37785437002,2695.0,15,5,945.0
2187.0,52646.52053343101,2695.0,15,5,945.0
2188.0,52668.96303362687,2695.0,15,5,945.0
2189.0,52691.784968960164,2695.0,15,5,945.0
2190.0,52715.045853355194,2695.0,15,5,945.0
2191.0,52738.79358899162,2695.0,15,5,945.0
2192.0,52763.067869171944,2695.0,15,5,945.0
2193.0,52787.90207668113,2695.0,15,5,945.0
2194.0,52813.32456450778,2695.0,15,5,945.0
2195.0,52839.35960624943,2695.0,15,5,945.0
2196.0,52866.02813348938,2695.0,15,5,945.0
2197.0,52893.32547955653,2695.0,15,5,945.0
2198.0,52921.241712733645,2695.0,15,5,945.0
2199.0,52949.70210065846,2695.0,15,5,945.0
2200.0,52978.62610121056,2695.0,15,5,945.0
2201.0,53008.00541656101,2695.0,15,5,945.0
2202.0,53037.70051400448,2695.0,15,5,945.0
2203.0,53067.65078773519,2695.0,15,5,945.0
2204.0,53097.78132533934,2695.0,15,5,945.0
2205.0,53128.04994477037,2695.0,15,5,945.0
2206.0,53158.394056014826,2695.0,15,5,945.0
2207.0,53188.6312850344,2695.0,15,5,945.0
2208.0,53218.76376947359,2695.0,15,5,945.0
2209.0,53248.79360422398,2695.0,15,5,945.0
2210.0,53278.72284227938,2695.0,15,5,945.0
2211.0,53308.55349557365,2695.0,15,5,945.0
2212.0,53338.28753580205,2695.0,15,5,945.0
2213.0,53367.92440256154,2695.0,15,5,945.0
2214.0,53397.44853198584,2695.0,15,5,945.0
2215.0,53426.86217882167,2695.0,15,5,945.0
2216.0,53456.167552720755,2695.0,15,5,945.0
2217.0,53485.36681914187,2695.0,15,5,945.0
2218.0,53514.462100234574,2695.0,15,5,945.0
2219.0,53543.45547570542,2695.0,15,5,945.0
2220.0,53572.348983666845,2695.0,15,5,945.0
2221.0,53601.144621469044,2695.0,15,5,945.0
2222.0,53629.84434651519,2695.0,15,5,945.0
2223.0,53658.450077060435,2695.0,15,5,945.0
2224.0,53686.963692994745,2695.0,15,5,945.0
2225.0,53715.3870366104,2695.0,15,5,945.0
2226.0,53743.721913353715,2695.0,15,5,945.0
2227.0,53771.97009256217,2695.0,15,5,945.0
2228.0,53800.133308186465,2695.0,15,5,945.0
2229.0,53828.21325949828,2695.0,15,5,945.0
2230.0,53856.211611783845,2695.0,15,5,945.0
2231.0,53884.12999702371,2695.0,15,5,945.0
2232.0,53911.970014558756,2695.0,15,5,945.0
2233.0,53939.73323174312,2695.0,15,5,945.0
2234.0,53967.4211845838,2695.0,15,5,945.0
2235.0,53995.03537836764,2695.0,15,5,945.0
2236.0,54022.57728827583,2695.0,15,5,945.0
2237.0,54050.04835998584,2695.0,15,5,945.0
2238.0,54077.45001026167,2695.0,15,5,945.0
2239.0,54104.7748777942,2695.0,15,5,945.0
2240.0,54132.013247976094,2695.0,15,5,945.0
2241.0,54159.16685075435,2695.0,15,5,945.0
2242.0,54186.23738147703,2695.0,15,5,945.0
2243.0,54213.22650158526,2695.0,15,5,945.0
2244.0,54240.13583929134,2695.0,15,5,945.0
2245.0,54266.96699024327,2695.0,15,5,945.0
2246.0,54293.72151817617,2695.0,15,5,945.0
2247.0,54320.40095555044,2695.0,15,5,945.0
2248.0,54347.0068041772,2695.0,15,5,945.0
2249.0,54373.540535831424,2695.0,15,5,945.0
2250.0,54400.00359285257,2695.0,15,5,945.0
2251.0,54426.39738873328,2695.0,15,5,945.0
2252.0,54452.7233086964,2695.0,15,5,945.0
2253.0,54478.982710260236,2695.0,15,5,945.0
2254.0,54505.17692379282,2695.0,15,5,945.0
2255.0,54531.30725305473,2695.0,15,5,945.0
2256.0,54557.374975731414,2695.0,15,5,945.0
2257.0,54583.38134395455,2695.0,15,5,945.0
2258.0,54609.327584813225,2695.0,15,5,945.0
2259.0,54635.21490085475,2695.0,15,5,945.0
2260.0,54661.04447057542,2695.0,15,5,945.0
2261.0,54686.81744890168,2695.0,15,5,945.0
2262.0,54712.53496766141,2695.0,15,5,945.0
2263.0,54738.19813604597,2695.0,15,5,945.0
2264.0,54763.80804106281,2695.0,15,5,945.0
2265.0,54789.36574797933,2695.0,15,5,945.0
2266.0,54814.872300757524,2695.0,15,5,945.0
2267.0,54840.32872248014,2695.0,15,5,945.0
2268.0,54865.73601576832,2695.0,15,5,945.0
2269.0,54891.09516319073,2695.0,15,5,945.0
2270.0,54916.40712766468,2695.0,15,5,945.0
2271.0,54941.672852849166,2695.0,15,5,945.0
2272.0,54966.89326352996,2695.0,15,5,945.0
2273.0,54992.069265997125,2695.0,15,5,945.0
2274.0,55017.201748414955,2695.0,15,5,945.0
2275.0,55042.29158118443,2695.0,15,5,945.0
2276.0,55067.33961729851,2695.0,15,5,945.0
2277.0,55092.34669269031,2695.0,15,5,945.0
2278.0,55117.31341056799,2695.0,15,5,945.0
2279.0,55142.22079408809,2695.0,15,5,945.0
2280.0,55167.07002993781,2695.0,15,5,945.0
2281.0,55191.862281070535,2695.0,15,5,945.0
2282.0,55216.598687180594,2695.0,15,5,945.0
2283.0,55241.28036516846,2695.0,15,5,945.0
2284.0,55265.90840959656,2695.0,15,5,945.0
2285.0,55290.483893136094,2695.0,15,5,945.0
2286.0,55315.00786700486,2695.0,15,5,945.0
2287.0,55339.48136139624,2695.0,15,5,945.0
2288.0,55363.90538589979,2695.0,15,5,945.0
2289.0,55388.28092991326,2695.0,15,5,945.0
2290.0,55412.60896304648,2695.0,15,5,945.0
2291.0,55436.89043551701,2695.0,15,5,945.0
2292.0,55461.12627853814,2695.0,15,5,945.0
2293.0,55485.31740469886,2695.0,15,5,945.0
2294.0,55509.46470833637,2695.0,15,5,945.0
2295.0,55533.56906590111,2695.0,15,5,945.0
2296.0,55557.631336314545,2695.0,15,5,945.0
2297.0,55581.65236131973,2695.0,15,5,945.0
2298.0,55605.63296582481,2695.0,15,5,945.0
2299.0,55629.57395823979,2695.0,15,5,945.0
2300.0,55653.47613080648,2695.0,15,5,945.0
2301.0,55677.34025992182,2695.0,15,5,945.0
2302.0,55701.16710645487,2695.0,15,5,945.0
2303.0,55724.957416057245,2695.0,15,5,945.0
2304.0,55748.71191946757,2695.0,15,5,945.0
2305.0,55772.43133280968,2695.0,15,5,945.0
2306.0,55796.11635788497,2695.0,15,5,945.0
2307.0,55819.76768245875,2695.0,15,5,945.0
2308.0,55843.38598054103,2695.0,15,5,945.0
2309.0,55866.87274729077,2700.0,15,5,940.0
2310.0,55890.32977870549,2705.0,15,5,935.0
2311.0,55913.75766949193,2710.0,15,5,930.0
2312.0,55937.157002462634,2715.0,15,5,925.0
2313.0,55960.52834877393,2720.0,15,5,920.0
2314.0,55983.87226815899,2725.0,15,5,915.0
2315.0,56007.189309156354,2730.0,15,5,910.0
2316.0,56030.48000933377,2735.0,15,5,905.0
2317.0,56053.74489550765,2740.0,15,5,900.0
2318.0,56076.984483958026,2745.0,15,5,895.0
2319.0,56100.19928063941,2750.0,15,5,890.0
2320.0,56123.38978138717,2755.0,15,5,885.0
2321.0,56146.55647211997,2760.0,15,5,880.0
2322.0,56169.699829038116,2765.0,15,5,875.0
2323.0,56192.8203188179,2770.0,15,5,870.0
2324.0,56215.91839880209,2775.0,15,5,865.0
2325.0,56238.9945171866,2780.0,15,5,860.0
2326.0,56262.04911320339,2785.0,15,5,855.0
2327.0,56285.08261729988,2790.0,15,5,850.0
2328.0,56308.095451314424,2795.0,15,5,845.0
2329.0,56331.08802864868,2800.0,15,5,840.0
2330.0,56354.06075443625,2805.0,15,5,835.0
2331.0,56377.01402570806,2810.0,15,5,830.0
2332.0,56399.948231554445,2815.0,15,5,825.0
2333.0,56422.8637532839,2820.0,15,5,820.0
2334.0,56445.76096457877,2825.0,15,5,815.0
2335.0,56468.64023164774,2830.0,15,5,810.0
2336.0,56491.501913375316,2835.0,15,5,805.0
2337.0,56514.34636146837,2840.0,15,5,800.0
2338.0,56537.17392059955,2845.0,15,5,795.0
2339.0,56559.984928548096,2850.0,15,5,790.0
2340.0,56582.779716337674,2855.0,15,5,785.0
2341.0,56605.55860837148,2860.0,15,5,780.0
2342.0,56628.32192256459,2865.0,15,5,775.0
2343.0,56651.06997047383,2870.0,16,4,770.0
2344.0,56673.80305742491,2870.0,16,4,770.0
2345.0,56696.771482636934,2870.0,16,4,770.0
2346.0,56719.975539344756,2870.0,16,4,770.0
2347.0,56743.41551491839,2870.0,16,4,770.0
2348.0,56767.091690980575,2870.0,16,4,770.0
2349.0,56791.0043435215,2870.0,16,4,770.0
2350.0,56815.15374301162,2870.0,16,4,770.0
2351.0,56839.540154511946,2870.0,16,4,770.0
2352.0,56864.16383778223,2870.0,16,4,770.0
2353.0,56889.02504738714,2870.0,16,4,770.0
2354.0,56914.12403279994,2870.0,16,4,770.0
2355.0,56939.3817410094,2874.0,16,4,766.0
2356.0,56964.83945171321,2880.0,16,4,760.0
2357.0,56990.538008202915,2886.0,16,4,754.0
2358.0,57016.47759356285,2892.0,16,4,748.0
2359.0,57042.6583872156,2898.0,16,4,742.0
2360.0,57069.08056499526,2904.0,16,4,736.0
2361.0,57095.74429921935,2910.0,16,4,730.0
2362.0,57122.64975875895,2916.0,16,4,724.0
2363.0,57149.79710910777,2922.0,16,4,718.0
2364.0,57177.186512449596,2928.0,16,4,712.0
2365.0,57204.56812772459,2934.0,16,4,706.0
2366.0,57231.94211069408,2940.0,16,4,700.0
2367.0,57259.3086140042,2946.0,16,4,694.0
2368.0,57286.66778724811,2952.0,16,4,688.0
2369.0,57314.019777027126,2958.0,16,4,682.0
2370.0,57341.36472701057,2964.0,16,4,676.0
2371.0,57368.70277799436,2970.0,16,4,670.0
2372.0,57396.03406795846,2976.0,16,4,664.0
2373.0,57423.35873212328,2982.0,16,4,658.0
2374.0,57450.657025105305,2988.0,16,4,652.0
2375.0,57477.949352227704,2994.0,16,4,646.0
2376.0,57505.21593178138,3000.0,16,4,640.0
2377.0,57532.47717974399,3006.0,16,4,634.0
2378.0,57559.73320274734,3012.0,16,4,628.0
2379.0,57586.98410529061,3018.0,16,4,622.0
2380.0,57614.22998978305,3024.0,16,4,616.0
2381.0,57641.47095658562,3030.0,16,4,610.0
2382.0,57668.70710405214,3036.0,16,4,604.0
2383.0,57695.93852856932,3042.0,16,4,598.0
2384.0,57723.16532459617,3048.0,16,4,592.0
2385.0,57750.38758470249,3054.0,16,4,586.0
2386.0,57777.60539960667,3060.0,16,4,580.0
2387.0,57804.81885821277,3066.0,16,4,574.0
2388.0,57832.01459197689,3072.0,16,4,568.0
2389.0,57859.18641106573,3078.0,16,4,562.0
2390.0,57886.334793772796,3080.0,17,3,560.0
2391.0,57913.66020882573,3080.0,17,3,560.0
2392.0,57941.26311557759,3080.0,17,3,560.0
2393.0,57969.143964194416,3080.0,17,3,560.0
2394.0,57997.30319583892,3080.0,17,3,560.0
2395.0,58025.721336508075,3080.0,17,3,560.0
2396.0,58054.41911436387,3080.0,17,3,560.0
2397.0,58083.396936662524,3080.0,17,3,560.0
2398.0,58112.65520251522,3080.0,17,3,560.0
2399.0,58142.194303050856,3080.0,17,3,560.0
2400.0,58172.01462157579,3080.0,17,3,560.0
2401.0,58202.1165337302,3080.0,17,3,560.0
2402.0,58232.50040764154,3080.0,17,3,560.0
2403.0,58263.16660407467,3080.0,17,3,560.0
2404.0,58294.11547657911,3080.0,17,3,560.0
2405.0,58325.34737163346,3080.0,17,3,560.0
2406.0,58356.862628786745,3080.0,17,3,560.0
2407.0,58388.641775799886,3085.0,17,3,555.0
2408.0,58420.70533987276,3090.0,17,3,550.0
2409.0,58453.053632664174,3095.0,17,3,545.0
2410.0,58485.686959599756,3100.0,17,3,540.0
2411.0,58518.405619996636,3105.0,17,3,535.0
2412.0,58551.10990718558,3110.0,17,3,530.0
2413.0,58583.800108630734,3115.0,17,3,525.0
2414.0,58616.476506046994,3120.0,17,3,520.0
2415.0,58649.13937551493,3125.0,17,3,515.0
2416.0,58681.7889875935,3130.0,17,3,510.0
2417.0,58714.4256074305,3135.0,17,3,505.0
2418.0,58747.049494870764,3140.0,17,3,500.0
2419.0,58779.66090456223,3145.0,17,3,495.0
2420.0,58812.26008605985,3150.0,17,3,490.0
2421.0,58844.84728392753,3155.0,17,3,485.0
2422.0,58877.42273783784,3160.0,17,3,480.0
2423.0,58909.98668266997,3165.0,17,3,475.0
2424.0,58942.539348605445,3170.0,17,3,470.0
2425.0,58975.0809612222,3175.0,17,3,465.0
2426.0,59007.61174158663,3180.0,17,3,460.0
2427.0,59040.13190634378,3185.0,17,3,455.0
2428.0,59072.63165670364,3190.0,17,3,450.0
2429.0,59105.101412056305,3195.0,17,3,445.0
2430.0,59137.54177230191,3200.0,17,3,440.0
2431.0,59169.953325342605,3205.0,17,3,435.0
2432.0,59202.3366473225,3210.0,17,3,430.0
2433.0,59234.692302862786,3215.0,17,3,425.0
2434.0,59267.02084529227,3220.0,17,3,420.0
2435.0,59299.32281687315,3225.0,17,3,415.0
2436.0,59331.598749022436,3230.0,17,3,410.0
2437.0,59363.84916252871,3235.0,17,3,405.0
2438.0,59396.07456776488,3240.0,17,3,400.0
2439.0,59428.27546489632,3245.0,17,3,395.0
2440.0,59460.452344085126,3250.0,17,3,390.0
2441.0,59492.60568569017,3255.0,18,2,385.0
2442.0,59524.9859604631,3255.0,18,2,385.0
2443.0,59557.59362974058,3255.0,18,2,385.0
2444.0,59590.4291456325,3255.0,18,2,385.0
2445.0,59623.492951206594,3255.0,18,2,385.0
2446.0,59656.78548066918,3255.0,18,2,385.0
2447.0,59690.30715954255,3255.0,18,2,385.0
2448.0,59724.058404838426,3255.0,18,2,385.0
2449.0,59758.03962522841,3255.0,18,2,385.0
2450.0,59792.25122121057,3255.0,18,2,385.0
2451.0,59826.6935852731,3255.0,18,2,385.0
2452.0,59861.367102054384,3255.0,18,2,385.0
2453.0,59896.27214850002,3255.0,18,2,385.0
2454.0,59931.40909401676,3255.0,18,2,385.0
2455.0,59966.778300623155,3255.0,18,2,385.0
2456.0,60002.38012309744,3255.0,18,2,385.0
2457.0,60038.21490912222,3255.0,18,2,385.0
2458.0,60074.28299942652,3255.0,18,2,385.0
2459.0,60110.584727924725,3255.0,18,2,385.0
2460.0,60147.12042185296,3255.0,18,2,385.0
2461.0,60183.890401902645,3255.0,18,2,385.0
2462.0,60220.64498235133,3255.0,18,2,385.0
2463.0,60257.38447119105,3255.0,18,2,385.0
2464.0,60294.10917025395,3255.0,18,2,385.0
2465.0,60330.81937533561,3255.0,18,2,385.0
2466.0,60367.51537631564,3255.0,18,2,385.0
2467.0,60404.197457276074,3255.0,18,2,385.0
2468.0,60440.86589661727,3255.0,18,2,385.0
2469.0,60477.52096717167,3255.0,18,2,385.0
2470.0,60514.15388642862,3255.0,18,2,385.0
2471.0,60550.75414730044,3255.0,18,2,385.0
2472.0,60587.322402954815,3255.0,18,2,385.0
2473.0,60623.859293496105,3255.0,18,2,385.0
2474.0,60660.365446226584,3255.0,18,2,385.0
2475.0,60696.84147590243,3255.0,18,2,385.0
2476.0,60733.287984984774,3255.0,18,2,385.0
2477.0,60769.70556388545,3255.0,18,2,385.0
2478.0,60806.09479120813,3255.0,18,2,385.0
2479.0,60842.45623398435,3255.0,18,2,385.0
2480.0,60878.790447905056,3255.0,18,2,385.0
2481.0,60915.097977547346,3255.0,18,2,385.0
2482.0,60951.37935659679,3255.0,18,2,385.0
2483.0,60987.63510806524,3255.0,18,2,385.0
2484.0,61023.86574450432,3255.0,18,2,385.0
2485.0,61060.07176821462,3255.0,18,2,385.0
2486.0,61096.253671450715,3255.0,18,2,385.0
2487.0,61132.41193662209,3255.0,18,2,385.0
2488.0,61168.54703649003,3255.0,18,2,385.0
2489.0,61204.65943436061,3255.0,18,2,385.0
2490.0,61240.749584273806,3255.0,18,2,385.0
2491.0,61276.81793118871,3255.0,18,2,385.0
2492.0,61312.864911165314,3255.0,18,2,385.0
2493.0,61348.89095154241,3255.0,18,2,385.0
2494.0,61384.89029203556,3255.0,18,2,385.0
2495.0,61420.84964571885,3255.0,18,2,385.0
2496.0,61456.769812328464,3255.0,18,2,385.0
2497.0,61492.6515756059,3255.0,18,2,385.0
2498.0,61528.4957036178,3255.0,18,2,385.0
2499.0,61564.302949069446,3255.0,18,2,385.0
2500.0,61600.07404961206,3255.0,18,2,385.0
2501.0,61635.80972814383,3255.0,18,2,385.0
2502.0,61671.51069310497,3255.0,18,2,385.0
2503.0,61707.17763876687,3255.0,18,2,385.0
2504.0,61742.81124551552,3255.0,18,2,385.0
2505.0,61778.41218012923,3255.0,18,2,385.0
2506.0,61813.981096050644,3255.0,18,2,385.0
2507.0,61849.51863365364,3255.0,18,2,385.0
2508.0,61885.02542050457,3255.0,18,2,385.0
2509.0,61920.502071618495,3255.0,18,2,385.0
2510.0,61955.94918971012,3255.0,18,2,385.0
2511.0,61991.36736543993,3255.0,18,2,385.0
2512.0,62026.757177655134,3255.0,18,2,385.0
2513.0,62062.11919362604,3255.0,18,2,385.0
2514.0,62097.453969277514,3255.0,18,2,385.0
2515.0,62132.76204941598,3255.0,18,2,385.0
2516.0,62168.043967951664,3255.0,18,2,385.0
2517.0,62203.30024811663,3255.0,18,2,385.0
2518.0,62238.5314026783,3255.0,18,2,385.0
2519.0,62273.73793414875,3255.0,18,2,385.0
2520.0,62308.92033498979,3255.0,18,2,385.0
2521.0,62344.079087813996,3255.0,18,2,385.0
2522.0,62379.21466558171,3255.0,18,2,385.0
2523.0,62414.327531794086,3255.0,18,2,385.0
2524.0,62449.4181406822,3255.0,18,2,385.0
2525.0,62484.48693739257,3255.0,18,2,385.0
2526.0,62519.53435816871,3255.0,18,2,385.0
2527.0,62554.56083052936,3255.0,18,2,385.0
2528.0,62589.56677344278,3255.0,18,2,385.0
2529.0,62624.535171331816,3255.0,18,2,385.0
2530.0,62659.464201263094,3255.0,18,2,385.0
2531.0,62694.354650595735,3255.0,18,2,385.0
2532.0,62729.20729094173,3255.0,18,2,385.0
2533.0,62764.0228784808,3255.0,18,2,385.0
2534.0,62798.80215426909,3255.0,18,2,385.0
2535.0,62833.54584454162,3255.0,18,2,385.0
2536.0,62868.2546610087,3255.0,18,2,385.0
2537.0,62902.92930114643,3255.0,18,2,385.0
2538.0,62937.57044848141,3255.0,18,2,385.0
2539.0,62972.17877286969,3255.0,18,2,385.0
2540.0,63006.75493077019,3255.0,18,2,385.0
2541.0,63041.2995655127,3255.0,18,2,385.0
2542.0,63075.813307560355,3255.0,18,2,385.0
2543.0,63110.29677476706,3255.0,18,2,385.0
2544.0,63144.750572629615,3255.0,18,2,385.0
2545.0,63179.175294534936,3255.0,18,2,385.0
2546.0,63213.57152200214,3255.0,18,2,385.0
2547.0,63247.93982492001,3255.0,18,2,385.0
2548.0,63282.28076177951,3255.0,18,2,385.0
2549.0,63316.59487990183,3255.0,18,2,385.0
2550.0,63350.8827156617,3255.0,18,2,385.0
2551.0,63385.14479470637,3255.0,18,2,385.0
2552.0,63419.38163217014,3255.0,18,2,385.0
2553.0,63453.593732884656,3255.0,18,2,385.0
2554.0,63487.78159158487,3255.0,18,2,385.0
2555.0,63521.94569311108,3255.0,18,2,385.0
2556.0,63556.086512606766,3255.0,18,2,385.0
2557.0,63590.20451571253,3255.0,18,2,385.0
2558.0,63624.30015875619,3255.0,18,2,385.0
2559.0,63658.37388893898,3255.0,18,2,385.0
2560.0,63692.426144518104,3255.0,18,2,385.0
2561.0,63726.457354985636,3255.0,18,2,385.0
2562.0,63760.46794124384,3255.0,18,2,385.0
2563.0,63794.45831577687,3255.0,18,2,385.0
2564.0,63828.42888281924,3255.0,18,2,385.0
2565.0,63862.380038520765,3255.0,18,2,385.0
2566.0,63896.31217110826,3255.0,18,2,385.0
2567.0,63930.22566104401,3255.0,18,2,385.0
2568.0,63964.120881181036,3255.0,18,2,385.0
2569.0,63997.998196915316,3255.0,18,2,385.0
2570.0,64031.857966334916,3255.0,18,2,385.0
2571.0,64065.70054036612,3255.0,18,2,385.0
2572.0,64099.52626291671,3255.0,18,2,385.0
2573.0,64133.335471016275,3255.0,18,2,385.0
2574.0,64167.12849495386,3255.0,18,2,385.0
2575.0,64200.90565841268,3255.0,18,2,385.0
2576.0,64234.66727860234,3255.0,18,2,385.0
2577.0,64268.4136663882,3255.0,18,2,385.0
2578.0,64302.145126418356,3255.0,18,2,385.0
2579.0,64335.861957247886,3255.0,18,2,385.0
2580.0,64369.564451460836,3255.0,18,2,385.0
2581.0,64403.25289578954,3255.0,18,2,385.0
2582.0,64436.92757123164,3255.0,18,2,385.0
2583.0,64470.58875316491,3255.0,18,2,385.0
2584.0,64504.23671145952,3255.0,18,2,385.0
2585.0,64537.87171058825,3255.0,18,2,385.0
2586.0,64571.49400973438,3255.0,18,2,385.0
2587.0,64605.103862897595,3255.0,18,2,385.0
2588.0,64638.70151899756,3255.0,18,2,385.0
2589.0,64672.28722197551,3255.0,18,2,385.0
2590.0,64705.8612108939,3255.0,18,2,385.0
2591.0,64739.42372003393,3255.0,18,2,385.0
2592.0,64772.974978991166,3255.0,18,2,385.0
2593.0,64806.51521276925,3255.0,18,2,385.0
2594.0,64840.04464187177,3255.0,18,2,385.0
2595.0,64873.563482392245,3255.0,18,2,385.0
2596.0,64907.0719461023,3255.0,18,2,385.0
2597.0,64940.57024053817,3255.0,18,2,385.0
2598.0,64974.058569085304,3255.0,18,2,385.0
2599.0,65007.5371310615,3255.0,18,2,385.0
2600.0,65041.00612179819,3255.0,18,2,385.0
2601.0,65074.46573272013,3255.0,18,2,385.0
2602.0,65107.91615142365,3255.0,18,2,385.0
2603.0,65141.35756175307,3255.0,18,2,385.0
2604.0,65174.79014387592,3255.0,18,2,385.0
2605.0,65208.214074356314,3255.0,18,2,385.0
2606.0,65241.62952622709,3255.0,18,2,385.0
2607.0,65275.03666906046,3255.0,18,2,385.0
2608.0,65308.43566903714,3255.0,18,2,385.0
2609.0,65341.82668901432,3255.0,18,2,385.0
2610.0,65375.20988859193,3255.0,18,2,385.0
2611.0,65408.585424178,3255.0,18,2,385.0
2612.0,65441.953449052344,3255.0,18,2,385.0
2613.0,65475.31411342921,3255.0,18,2,385.0
2614.0,65508.667564518524,3255.0,18,2,385.0
2615.0,65542.01394658607,3255.0,18,2,385.0
2616.0,65575.35340101227,3255.0,18,2,385.0
2617.0,65608.68606634991,3255.0,18,2,385.0
2618.0,65642.01207838084,3255.0,18,2,385.0
2619.0,65675.33157017111,3255.0,18,2,385.0
2620.0,65708.6446721256,3255.0,18,2,385.0
2621.0,65741.951512041,3255.0,18,2,385.0
2622.0,65775.25221515808,3255.0,18,2,385.0
2623.0,65808.54690421281,3255.0,18,2,385.0
2624.0,65841.83569948647,3255.0,18,2,385.0
2625.0,65875.11871885466,3255.0,18,2,385.0
2626.0,65908.39607783547,3255.0,18,2,385.0
2627.0,65941.66788963666,3255.0,18,2,385.0
2628.0,65974.92976176488,3255.0,18,2,385.0
2629.0,66008.16639645056,3255.0,18,2,385.0
2630.0,66041.37829844249,3255.0,18,2,385.0
2631.0,66074.56596239458,3255.0,18,2,385.0
2632.0,66107.72987306766,3255.0,18,2,385.0
2633.0,66140.87050552724,3255.0,18,2,385.0
2634.0,66173.98832533766,3255.0,18,2,385.0
2635.0,66207.08378875187,3255.0,18,2,385.0
2636.0,66240.1573428978,3255.0,18,2,385.0
2637.0,66273.20942596078,3255.0,18,2,385.0
2638.0,66306.24046736253,3255.0,18,2,385.0
2639.0,66339.25088793624,3255.0,18,2,385.0
2640.0,66372.24110009847,3255.0,18,2,385.0
2641.0,66405.21150801746,3255.0,18,2,385.0
2642.0,66438.16250777805,3255.0,18,2,385.0
2643.0,66471.09448754344,3255.0,18,2,385.0
2644.0,66504.00782771353,3255.0,18,2,385.0
2645.0,66536.90290108022,3255.0,18,2,385.0
2646.0,66569.77608293515,3255.0,18,2,385.0
2647.0,66602.59274549672,3255.0,18,2,385.0
2648.0,66635.30507760846,3255.0,18,2,385.0
2649.0,66667.88318639979,3255.0,18,2,385.0
2650.0,66700.32973301527,3255.0,18,2,385.0
2651.0,66732.64734869845,3255.0,18,2,385.0
2652.0,66764.83861206796,3255.0,18,2,385.0
2653.0,66796.9060501701,3255.0,18,2,385.0
2654.0,66828.85213951017,3255.0,18,2,385.0
2655.0,66860.67930706346,3255.0,18,2,385.0
2656.0,66892.38993126567,3255.0,18,2,385.0
2657.0,66923.98634298386,3255.0,18,2,385.0
2658.0,66955.47082646766,3255.0,18,2,385.0
2659.0,66986.8456202818,3255.0,18,2,385.0
2660.0,67018.11291821966,3255.0,18,2,385.0
2661.0,67049.26143389494,3255.0,18,2,385.0
2662.0,67080.28697925669,3255.0,18,2,385.0
2663.0,67111.19201371123,3255.0,18,2,385.0
2664.0,67141.97894747666,3255.0,18,2,385.0
2665.0,67172.6501425668,3255.0,18,2,385.0
2666.0,67203.20791375512,3255.0,18,2,385.0
2667.0,67233.65452951968,3255.0,18,2,385.0
2668.0,67263.64668930751,3255.0,18,2,385.0
2669.0,67293.186086422,3255.0,18,2,385.0
2670.0,67322.29791800804,3255.0,18,2,385.0
2671.0,67351.00011933138,3255.0,18,2,385.0
2672.0,67379.30958988208,3255.0,18,2,385.0
2673.0,67407.24375183193,3255.0,18,2,385.0
2674.0,67434.81252653663,3255.0,18,2,385.0
2675.0,67462.03353746852,3255.0,18,2,385.0
2676.0,67488.92638359928,3255.0,18,2,385.0
2677.0,67515.5129894439,3255.0,18,2,385.0
2678.0,67541.81806750533,3255.0,18,2,385.0
2679.0,67567.86760289555,3255.0,18,2,385.0
2680.0,67593.67958624213,3255.0,18,2,385.0
2681.0,67619.28869474624,3255.0,18,2,385.0
2682.0,67644.7354788173,3255.0,18,2,385.0
2683.0,67670.06766004824,3255.0,18,2,385.0
2684.0,67695.34194534928,3255.0,18,2,385.0
2685.0,67720.62663354154,3255.0,18,2,385.0
2686.0,67746.0051478595,3255.0,18,2,385.0
2687.0,67771.56684797612,3255.0,18,2,385.0
2688.0,67797.25557064576,3255.0,18,2,385.0
2689.0,67823.13956910183,3255.0,18,2,385.0
2690.0,67849.28973608732,3255.0,18,2,385.0
2691.0,67875.7589450314,3255.0,18,2,385.0
2692.0,67902.58670511593,3255.0,18,2,385.0
2693.0,67929.77207313139,3255.0,18,2,385.0
2694.0,67957.33758502996,3255.0,18,2,385.0
2695.0,67985.30114345241,3255.0,18,2,385.0
2696.0,68013.67724469573,3255.0,18,2,385.0
2697.0,68042.477825593,3255.0,18,2,385.0
2698.0,68071.70815646662,3255.0,18,2,385.0
2699.0,68101.3424844157,3255.0,18,2,385.0
2700.0,68131.38715052171,3255.0,18,2,385.0
2701.0,68161.84761792055,3255.0,18,2,385.0
2702.0,68192.65690431476,3255.0,18,2,385.0
2703.0,68223.79472330946,3255.0,18,2,385.0
2704.0,68255.22576873376,3255.0,18,2,385.0
2705.0,68286.93329095261,3255.0,18,2,385.0
2706.0,68318.83703581191,3255.0,18,2,385.0
2707.0,68350.82081072494,3255.0,18,2,385.0
2708.0,68382.783346326,3255.0,18,2,385.0
2709.0,68414.70663121503,3255.0,18,2,385.0
2710.0,68446.59145040627,3255.0,18,2,385.0
2711.0,68478.43857321372,3255.0,18,2,385.0
2712.0,68510.23996092362,3255.0,18,2,385.0
2713.0,68541.98532087934,3255.0,18,2,385.0
2714.0,68573.67577363593,3255.0,18,2,385.0
2715.0,68605.3124173374,3255.0,18,2,385.0
2716.0,68636.89632816483,3255.0,18,2,385.0
2717.0,68668.42856077572,3255.0,18,2,385.0
2718.0,68699.91014873439,3255.0,18,2,385.0
2719.0,68731.34210493388,3255.0,18,2,385.0
2720.0,68762.72542200939,3255.0,18,2,385.0
2721.0,68794.0610727434,3255.0,18,2,385.0
2722.0,68825.35001046269,3255.0,18,2,385.0
2723.0,68856.59316942762,3255.0,18,2,385.0
2724.0,68887.79146521326,3255.0,18,2,385.0
2725.0,68918.94579508319,3255.0,18,2,385.0
2726.0,68950.0570383557,3255.0,18,2,385.0
2727.0,68981.12605676278,3255.0,18,2,385.0
2728.0,69012.15369480169,3255.0,18,2,385.0
2729.0,69043.14078007985,3255.0,18,2,385.0
2730.0,69074.08812365243,3255.0,18,2,385.0
2731.0,69104.99652035357,3255.0,18,2,385.0
2732.0,69135.86674912067,3255.0,18,2,385.0
2733.0,69166.69957331245,3255.0,18,2,385.0
2734.0,69197.49574102038,3255.0,18,2,385.0
2735.0,69228.25598537417,3255.0,18,2,385.0
2736.0,69258.98102484086,3255.0,18,2,385.0
2737.0,69289.67156351823,3255.0,18,2,385.0
2738.0,69320.32829142205,3255.0,18,2,385.0
2739.0,69350.95188476778,3255.0,18,2,385.0
2740.0,69381.54300624662,3255.0,18,2,385.0
2741.0,69412.10230529586,3255.0,18,2,385.0
2742.0,69442.63041836413,3255.0,18,2,385.0
2743.0,69473.12796917102,3255.0,18,2,385.0
2744.0,69503.5955689618,3255.0,18,2,385.0
2745.0,69534.03381675674,3255.0,18,2,385.0
2746.0,69564.44329959579,3255.0,18,2,385.0
2747.0,69594.82459277807,3255.0,18,2,385.0
2748.0,69625.17826009668,3255.0,18,2,385.0
2749.0,69655.50485406893,3255.0,18,2,385.0
2750.0,69685.80491616175,3255.0,18,2,385.0
2751.0,69716.07897701269,3255.0,18,2,385.0
2752.0,69746.32755664662,3255.0,18,2,385.0
2753.0,69776.55116468786,3255.0,18,2,385.0
2754.0,69806.7503005683,3255.0,18,2,385.0
2755.0,69836.9254537311,3255.0,18,2,385.0
2756.0,69867.07710383067,3255.0,18,2,385.0
2757.0,69897.20572092825,3255.0,18,2,385.0
2758.0,69927.31176568386,3255.0,18,2,385.0
2759.0,69957.39568954437,3255.0,18,2,385.0
2760.0,69987.45793492766,3255.0,18,2,385.0
2761.0,70017.49893540329,3255.0,18,2,385.0
2762.0,70047.5191158694,3255.0,18,2,385.0
2763.0,70077.5188927262,3255.0,18,2,385.0
2764.0,70107.49867404587,3255.0,18,2,385.0
2765.0,70137.45885973913,3255.0,18,2,385.0
2766.0,70167.39984171854,3255.0,18,2,385.0
2767.0,70197.32200405835,3255.0,18,2,385.0
2768.0,70227.22572315136,3255.0,18,2,385.0
2769.0,70257.11136786253,3255.0,18,2,385.0
2770.0,70286.97929967946,3255.0,18,2,385.0
2771.0,70316.82987286005,3255.0,18,2,385.0
2772.0,70346.65275831938,3255.0,18,2,385.0
2773.0,70376.43918606955,3255.0,18,2,385.0
2774.0,70406.18988526468,3255.0,18,2,385.0
2775.0,70435.90557047594,3255.0,18,2,385.0
2776.0,70465.58694198295,3255.0,18,2,385.0
2777.0,70495.23468605983,3255.0,18,2,385.0
2778.0,70524.84947525518,3255.0,18,2,385.0
2779.0,70554.4319686666,3255.0,18,2,385.0
2780.0,70583.98281220981,3255.0,18,2,385.0
2781.0,70613.50263888216,3255.0,18,2,385.0
2782.0,70642.99206902106,3255.0,18,2,385.0
2783.0,70672.45171055717,3255.0,18,2,385.0
2784.0,70701.88215926256,3255.0,18,2,385.0
2785.0,70731.28399899385,3255.0,18,2,385.0
2786.0,70760.65465998817,3255.0,18,2,385.0
2787.0,70789.9779077626,3255.0,18,2,385.0
2788.0,70819.25469058154,3255.0,18,2,385.0
2789.0,70848.48593774413,3255.0,18,2,385.0
2790.0,70877.67255996344,3255.0,18,2,385.0
2791.0,70906.81544973837,3255.0,18,2,385.0
2792.0,70935.91548171779,3255.0,18,2,385.0
2793.0,70964.97351305763,3255.0,18,2,385.0
2794.0,70993.99038377068,3255.0,18,2,385.0
2795.0,71022.96691706947,3255.0,18,2,385.0
2796.0,71051.90391970226,3255.0,18,2,385.0
2797.0,71080.80218228242,3255.0,18,2,385.0
2798.0,71109.66247961097,3255.0,18,2,385.0
2799.0,71138.48557099294,3255.0,18,2,385.0
2800.0,71167.27220054728,3255.0,18,2,385.0
2801.0,71196.02309751055,3255.0,18,2,385.0
2802.0,71224.73897653453,3255.0,18,2,385.0
2803.0,71253.42053797803,3255.0,18,2,385.0
2804.0,71282.06846819267,3255.0,18,2,385.0
2805.0,71310.683439803,3255.0,18,2,385.0
2806.0,71339.26611198115,3255.0,18,2,385.0
2807.0,71367.81713071573,3255.0,18,2,385.0
2808.0,71396.3371290756,3255.0,18,2,385.0
2809.0,71424.8267274683,3255.0,18,2,385.0
2810.0,71453.28653389313,3255.0,18,2,385.0
2811.0,71481.71714418948,3255.0,18,2,385.0
2812.0,71510.11914227986,3255.0,18,2,385.0
2813.0,71538.49310040845,3255.0,18,2,385.0
2814.0,71566.83957937449,3255.0,18,2,385.0
2815.0,71595.15912876121,3255.0,18,2,385.0
2816.0,71623.45228716018,3255.0,18,2,385.0
2817.0,71651.71958239116,3255.0,18,2,385.0
2818.0,71679.96153171755,3255.0,18,2,385.0
2819.0,71708.17864205738,3255.0,18,2,385.0
2820.0,71736.37141019043,3255.0,18,2,385.0
2821.0,71764.54032296082,3255.0,18,2,385.0
2822.0,71792.6858574758,3255.0,18,2,385.0
2823.0,71820.80848130048,3255.0,18,2,385.0
2824.0,71848.90865264868,3255.0,18,2,385.0
2825.0,71876.9868205699,3255.0,18,2,385.0
2826.0,71905.0434251327,3255.0,18,2,385.0
2827.0,71933.07889760424,3255.0,18,2,385.0
2828.0,71961.09366062636,3255.0,18,2,385.0
2829.0,71989.08812838803,3255.0,18,2,385.0
2830.0,72017.06270679446,3255.0,18,2,385.0
2831.0,72045.01779363278,3255.0,18,2,385.0
2832.0,72072.95377873431,3255.0,18,2,385.0
2833.0,72100.87104413382,3255.0,18,2,385.0
2834.0,72128.76996422533,3255.0,18,2,385.0
2835.0,72156.65090591503,3255.0,18,2,385.0
2836.0,72184.51422877093,3255.0,18,2,385.0
2837.0,72212.36028516972,3255.0,18,2,385.0
2838.0,72240.18942044051,3255.0,18,2,385.0
2839.0,72268.00197300588,3255.0,18,2,385.0
2840.0,72295.75862563287,3257.0,18,2,383.0
2841.0,72323.46038545232,3261.0,18,2,379.0
2842.0,72351.10860917198,3267.0,18,2,373.0
2843.0,72378.74386841724,3273.0,18,2,367.0
2844.0,72406.3664224776,3279.0,18,2,361.0
2845.0,72433.97652545676,3285.0,18,2,355.0
2846.0,72461.59589908313,3291.0,18,2,349.0
2847.0,72489.25267502025,3297.0,18,2,343.0
2848.0,72516.9578136822,3303.0,18,2,337.0
2849.0,72544.71650261871,3309.0,18,2,331.0
2850.0,72572.53225655644,3315.0,18,2,325.0
2851.0,72600.40813481726,3321.0,18,2,319.0
2852.0,72628.34718343345,3327.0,18,2,313.0
2853.0,72656.35264606902,3333.0,18,2,307.0
2854.0,72684.42809684371,3339.0,18,2,301.0
2855.0,72712.57754637161,3345.0,18,2,295.0
2856.0,72740.80554135948,3351.0,18,2,289.0
2857.0,72769.1172673429,3357.0,18,2,283.0
2858.0,72797.5186596867,3363.0,18,2,277.0
2859.0,72826.01652447367,3369.0,18,2,271.0
2860.0,72854.61866410181,3375.0,18,2,265.0
2861.0,72883.33398712923,3381.0,18,2,259.0
2862.0,72912.17255449512,3387.0,18,2,253.0
2863.0,72941.14548287295,3393.0,18,2,247.0
2864.0,72970.26462428426,3399.0,18,2,241.0
2865.0,72999.54197446544,3405.0,18,2,235.0
2866.0,73028.8507768357,3411.0,18,2,229.0
2867.0,73058.1900197749,3417.0,18,2,223.0
2868.0,73087.56888456803,3423.0,18,2,217.0
2869.0,73116.99515506618,3429.0,18,2,211.0
2870.0,73146.47532752136,3435.0,18,2,205.0
2871.0,73176.01479310729,3441.0,18,2,199.0
2872.0,73205.61803020517,3447.0,18,2,193.0
2873.0,73235.28877673233,3453.0,18,2,187.0
2874.0,73265.02549447709,3459.0,18,2,181.0
2875.0,73294.81561497823,3465.0,19,1,175.0
2876.0,73324.66180453202,3465.0,19,1,175.0
2877.0,73354.86640259837,3465.0,19,1,175.0
2878.0,73385.42005652694,3465.0,19,1,175.0
2879.0,73416.29559495985,3465.0,19,1,175.0
2880.0,73447.49394799245,3465.0,19,1,175.0
2881.0,73479.01596604497,3465.0,19,1,175.0
2882.0,73510.86243338398,3465.0,19,1,175.0
2883.0,73543.03407870728,3465.0,19,1,175.0
2884.0,73575.49368714332,3465.0,19,1,175.0
2885.0,73608.2321034106,3465.0,19,1,175.0
2886.0,73641.24975135256,3465.0,19,1,175.0
2887.0,73674.54704633568,3465.0,19,1,175.0
2888.0,73708.12439541912,3465.0,19,1,175.0
2889.0,73741.9821975209,3465.0,19,1,175.0
2890.0,73776.12084358063,3465.0,19,1,175.0
2891.0,73810.54071671919,3465.0,19,1,175.0
2892.0,73845.21680010711,3465.0,19,1,175.0
2893.0,73880.23982976079,3465.0,19,1,175.0
2894.0,73915.62875447136,3465.0,19,1,175.0
2895.0,73951.3952359639,3465.0,19,1,175.0
2896.0,73987.54473837728,3465.0,19,1,175.0
2897.0,74023.78080920158,3465.0,19,1,175.0
2898.0,74060.1089252207,3465.0,19,1,175.0
2899.0,74096.5345843515,3465.0,19,1,175.0
2900.0,74133.06337978016,3465.0,19,1,175.0
2901.0,74169.70101298124,3465.0,19,1,175.0
2902.0,74206.4532944933,3465.0,19,1,175.0
2903.0,74243.32616363892,3465.0,19,1,175.0
2904.0,74280.28372553398,3465.0,19,1,175.0
2905.0,74317.27893517393,3465.0,19,1,175.0
2906.0,74354.31694930067,3465.0,19,1,175.0
2907.0,74391.40729641626,3465.0,19,1,175.0
2908.0,74428.56032602102,3465.0,19,1,175.0
2909.0,74465.78726287016,3465.0,19,1,175.0
2910.0,74503.10000739295,3465.0,19,1,175.0
2911.0,74540.5106351818,3465.0,19,1,175.0
2912.0,74577.95700145925,3465.0,19,1,175.0
2913.0,74615.37350798969,3465.0,19,1,175.0
2914.0,74652.7692613728,3465.0,19,1,175.0
2915.0,74690.15197700611,3465.0,19,1,175.0
2916.0,74727.52813124935,3465.0,19,1,175.0
2917.0,74764.86316449437,3465.0,19,1,175.0
2918.0,74802.15953602389,3465.0,19,1,175.0
2919.0,74839.42063179576,3465.0,19,1,175.0
2920.0,74876.64941326361,3465.0,19,1,175.0
2921.0,74913.84851423293,3465.0,19,1,175.0
2922.0,74951.02031282068,3465.0,19,1,175.0
2923.0,74988.16698478337,3465.0,19,1,175.0
2924.0,75025.29054319639,3465.0,19,1,175.0
2925.0,75062.39286820737,3465.0,19,1,175.0
2926.0,75099.47572956758,3465.0,19,1,175.0
2927.0,75136.54080388247,3465.0,19,1,175.0
2928.0,75173.58968797204,3465.0,19,1,175.0
2929.0,75210.62390933995,3465.0,19,1,175.0
2930.0,75247.61259060934,3465.0,19,1,175.0
2931.0,75284.54149825333,3465.0,19,1,175.0
2932.0,75321.41182774444,3465.0,19,1,175.0
2933.0,75358.22475064574,3465.0,19,1,175.0
2934.0,75394.981415089,3465.0,19,1,175.0
2935.0,75431.6829462434,3465.0,19,1,175.0
2936.0,75468.33044677474,3465.0,19,1,175.0
2937.0,75504.92499729541,3465.0,19,1,175.0
2938.0,75541.46052274018,3465.0,19,1,175.0
2939.0,75577.92533767606,3465.0,19,1,175.0
2940.0,75614.3208563132,3465.0,19,1,175.0
2941.0,75650.6484645776,3465.0,19,1,175.0
2942.0,75686.90952067674,3465.0,19,1,175.0
2943.0,75723.10535565387,3465.0,19,1,175.0
2944.0,75759.23727393147,3465.0,19,1,175.0
2945.0,75795.3065538435,3465.0,19,1,175.0
2946.0,75831.31444815731,3465.0,19,1,175.0
2947.0,75867.26218458482,3465.0,19,1,175.0
2948.0,75903.15096628382,3465.0,19,1,175.0
2949.0,75938.9819723488,3465.0,19,1,175.0
2950.0,75974.75635829252,3465.0,19,1,175.0
2951.0,76010.47525651734,3465.0,19,1,175.0
2952.0,76046.13977677765,3465.0,19,1,175.0
2953.0,76081.75100663278,3465.0,19,1,175.0
2954.0,76117.3100118908,3465.0,19,1,175.0
2955.0,76152.81783704365,3465.0,19,1,175.0
2956.0,76188.27550569345,3465.0,19,1,175.0
2957.0,76223.68402097026,3465.0,19,1,175.0
2958.0,76259.04436594153,3465.0,19,1,175.0
2959.0,76294.35750401336,3465.0,19,1,175.0
2960.0,76329.62437932377,3465.0,19,1,175.0
2961.0,76364.84591712797,3465.0,19,1,175.0
2962.0,76400.02302417609,3465.0,19,1,175.0
2963.0,76435.15658908324,3465.0,19,1,175.0
2964.0,76470.24748269224,3465.0,19,1,175.0
2965.0,76505.29655842907,3465.0,19,1,175.0
2966.0,76540.30465265118,3465.0,19,1,175.0
2967.0,76575.27258498881,3465.0,19,1,175.0
2968.0,76610.20115867972,3465.0,19,1,175.0
2969.0,76645.09116089679,3465.0,19,1,175.0
2970.0,76679.94336306953,3465.0,19,1,175.0
2971.0,76714.7585211988,3465.0,19,1,175.0
2972.0,76749.5373761655,3465.0,19,1,175.0
2973.0,76784.28065403286,3465.0,19,1,175.0
2974.0,76818.98906634287,3465.0,19,1,175.0
2975.0,76853.6633104067,3465.0,19,1,175.0
2976.0,76888.30406958924,3465.0,19,1,175.0
2977.0,76922.91201358814,3465.0,19,1,175.0
2978.0,76957.48779870704,3465.0,19,1,175.0
2979.0,76992.03206812358,3465.0,19,1,175.0
2980.0,77026.54545215178,3465.0,19,1,175.0
2981.0,77061.0285684994,3465.0,19,1,175.0
2982.0,77095.48202252008,3465.0,19,1,175.0
2983.0,77129.90640746037,3465.0,19,1,175.0
2984.0,77164.30230470184,3465.0,19,1,175.0
2985.0,77198.67028399846,3465.0,19,1,175.0
2986.0,77233.01090370916,3465.0,19,1,175.0
2987.0,77267.32471102565,3465.0,19,1,175.0
2988.0,77301.61224219581,3465.0,19,1,175.0
2989.0,77335.87402274257,3465.0,19,1,175.0
2990.0,77370.1105676784,3465.0,19,1,175.0
2991.0,77404.32238171551,3465.0,19,1,175.0
2992.0,77438.50995947188,3465.0,19,1,175.0
2993.0,77472.6737856731,3465.0,19,1,175.0
2994.0,77506.80394815427,3465.0,19,1,175.0
2995.0,77540.8915073858,3465.0,19,1,175.0
2996.0,77574.9373154327,3465.0,19,1,175.0
2997.0,77608.94220731869,3465.0,19,1,175.0
2998.0,77642.90700136693,3465.0,19,1,175.0
2999.0,77676.83249953423,3465.0,19,1,175.0
3000.0,77710.71948773816,3465.0,19,1,175.0
3001.0,77744.56873617803,3465.0,19,1,175.0
3002.0,77778.38099964907,3465.0,19,1,175.0
3003.0,77812.15701785074,3465.0,19,1,175.0
3004.0,77845.89751568834,3465.0,19,1,175.0
3005.0,77879.60320356919,3465.0,19,1,175.0
3006.0,77913.27477769244,3465.0,19,1,175.0
3007.0,77946.91292033323,3465.0,19,1,175.0
3008.0,77980.51830012117,3465.0,19,1,175.0
3009.0,78014.09157231338,3465.0,19,1,175.0
3010.0,78047.63337906175,3465.0,19,1,175.0
3011.0,78081.14434967513,3465.0,19,1,175.0
3012.0,78114.62510087625,3465.0,19,1,175.0
3013.0,78148.07623705336,3465.0,19,1,175.0
3014.0,78181.49835050691,3465.0,19,1,175.0
3015.0,78214.89202169137,3465.0,19,1,175.0
3016.0,78248.25781945219,3465.0,19,1,175.0
3017.0,78281.59630125778,3465.0,19,1,175.0
3018.0,78314.89637592257,3465.0,19,1,175.0
3019.0,78348.15044909407,3465.0,19,1,175.0
3020.0,78381.35944080215,3465.0,19,1,175.0
3021.0,78414.52425267604,3465.0,19,1,175.0
3022.0,78447.64576831248,3465.0,19,1,175.0
3023.0,78480.72485363616,3465.0,19,1,175.0
3024.0,78513.7623572534,3465.0,19,1,175.0
3025.0,78546.75911079827,3465.0,19,1,175.0
3026.0,78579.71592927226,3465.0,19,1,175.0
3027.0,78612.63361137676,3465.0,19,1,175.0
3028.0,78645.51293983919,3465.0,19,1,175.0
3029.0,78678.35468173234,3465.0,19,1,175.0
3030.0,78711.15958878766,3465.0,19,1,175.0
3031.0,78743.92839770183,3465.0,19,1,175.0
3032.0,78776.66183043776,3465.0,19,1,175.0
3033.0,78809.36059451896,3465.0,19,1,175.0
3034.0,78842.02538331853,3465.0,19,1,175.0
3035.0,78874.65687634211,3465.0,19,1,175.0
3036.0,78907.2498972074,3465.0,19,1,175.0
3037.0,78939.79105765537,3465.0,19,1,175.0
3038.0,78972.28139489438,3465.0,19,1,175.0
3039.0,79004.72192538861,3465.0,19,1,175.0
3040.0,79037.11364527297,3465.0,19,1,175.0
3041.0,79069.45753075964,3465.0,19,1,175.0
3042.0,79101.75453853657,3465.0,19,1,175.0
3043.0,79134.00560615797,3465.0,19,1,175.0
3044.0,79166.21165242692,3465.0,19,1,175.0
3045.0,79198.37357777052,3465.0,19,1,175.0
3046.0,79230.49226460724,3465.0,19,1,175.0
3047.0,79262.55580379993,3465.0,19,1,175.0
3048.0,79294.53807220877,3465.0,19,1,175.0
3049.0,79326.44069524948,3465.0,19,1,175.0
3050.0,79358.26526582934,3465.0,19,1,175.0
3051.0,79390.01334499761,3465.0,19,1,175.0
3052.0,79421.68646258251,3465.0,19,1,175.0
3053.0,79453.28611781572,3465.0,19,1,175.0
3054.0,79484.81377994426,3465.0,19,1,175.0
3055.0,79516.27088883021,3465.0,19,1,175.0
3056.0,79547.65885553848,3465.0,19,1,175.0
3057.0,79578.97906291256,3465.0,19,1,175.0
3058.0,79610.23286613915,3465.0,19,1,175.0
3059.0,79641.42159330125,3465.0,19,1,175.0
3060.0,79672.54654592006,3465.0,19,1,175.0
3061.0,79703.60899948652,3465.0,19,1,175.0
3062.0,79734.61020398165,3465.0,19,1,175.0
3063.0,79765.55138438685,3465.0,19,1,175.0
3064.0,79796.43374118398,3465.0,19,1,175.0
3065.0,79827.25845084515,3465.0,19,1,175.0
3066.0,79858.02666631309,3465.0,19,1,175.0
3067.0,79888.73951747171,3465.0,19,1,175.0
3068.0,79919.39811160711,3465.0,19,1,175.0
3069.0,79950.00353385982,3465.0,19,1,175.0
3070.0,79980.5568476675,3465.0,19,1,175.0
3071.0,80011.05909519899,3465.0,19,1,175.0
3072.0,80041.51129777986,3465.0,19,1,175.0
3073.0,80071.91445630912,3465.0,19,1,175.0
3074.0,80102.26955166778,3465.0,19,1,175.0
3075.0,80132.57754511929,3465.0,19,1,175.0
3076.0,80162.83937870176,3465.0,19,1,175.0
3077.0,80193.05597561259,3465.0,19,1,175.0
3078.0,80223.22824058519,3465.0,19,1,175.0
3079.0,80253.35706025832,3465.0,19,1,175.0
3080.0,80283.44330353802,3465.0,19,1,175.0
3081.0,80313.48782195213,3465.0,19,1,175.0
3082.0,80343.49144999792,3465.0,19,1,175.0
3083.0,80373.45500548283,3465.0,19,1,175.0
3084.0,80403.37928985803,3465.0,19,1,175.0
3085.0,80433.26508854573,3465.0,19,1,175.0
3086.0,80463.11317125965,3465.0,19,1,175.0
3087.0,80492.9242923193,3465.0,19,1,175.0
3088.0,80522.68944298236,3465.0,19,1,175.0
3089.0,80552.39929063215,3465.0,19,1,175.0
3090.0,80582.05494132894,3465.0,19,1,175.0
3091.0,80611.65747901177,3465.0,19,1,175.0
3092.0,80641.20796594098,3465.0,19,1,175.0
3093.0,80670.7074431316,3465.0,19,1,175.0
3094.0,80700.1569307784,3465.0,19,1,175.0
3095.0,80729.55742867227,3465.0,19,1,175.0
3096.0,80758.90991660825,3465.0,19,1,175.0
3097.0,80788.15542712327,3468.0,19,1,172.0
3098.0,80817.31624432569,3473.0,19,1,167.0
3099.0,80846.43384518407,3478.0,19,1,162.0
3100.0,80875.50909402528,3483.0,19,1,157.0
3101.0,80904.54283788966,3488.0,19,1,152.0
3102.0,80933.53590687677,3493.0,19,1,147.0
3103.0,80962.48911448411,3498.0,19,1,142.0
3104.0,80991.40325793932,3503.0,19,1,137.0
3105.0,81020.27911852542,3508.0,19,1,132.0
3106.0,81049.11746189979,3513.0,19,1,127.0
3107.0,81077.90477493708,3518.0,19,1,122.0
3108.0,81106.63634171357,3523.0,19,1,117.0
3109.0,81135.31327715456,3528.0,19,1,112.0
3110.0,81163.93667388674,3533.0,19,1,107.0
3111.0,81192.50760268426,3538.0,19,1,102.0
3112.0,81221.02711290585,3543.0,19,1,97.0
3113.0,81249.49623292297,3548.0,19,1,92.0
3114.0,81277.91597053979,3553.0,19,1,87.0
3115.0,81306.28731340425,3558.0,19,1,82.0
3116.0,81334.61041606634,3563.0,19,1,77.0
3117.0,81362.86705667521,3568.0,19,1,72.0
3118.0,81391.05856447191,3573.0,19,1,67.0
3119.0,81419.18624211264,3578.0,19,1,62.0
3120.0,81447.25136620055,3583.0,19,1,57.0
3121.0,81475.25518780675,3588.0,19,1,52.0
3122.0,81503.19893298078,3593.0,19,1,47.0
3123.0,81531.08380325137,3598.0,19,1,42.0
3124.0,81558.91097611652,3603.0,19,1,37.0
3125.0,81586.68160552438,3608.0,19,1,32.0
3126.0,81614.39682234408,3613.0,19,1,27.0
3127.0,81642.0577348274,3618.0,19,1,22.0
3128.0,81669.66542906102,3623.0,19,1,17.0
3129.0,81697.22096940999,3628.0,19,1,12.0
3130.0,81724.72539895195,3633.0,19,1,7.0
3131.0,81752.1797399031,3638.0,19,1,2.0
3132.0,81779.58499403523,3640.0,20,0,0.0
